// ================================================================================
// CHRONO WORKBENCH - github.com/Concrete-Chrono-Development/chrono-preprocessor
//
// Copyright (c) 2023 
// All rights reserved. 
//
// Use of the code that generated this file is governed by a BSD-style license that
// can be found in the LICENSE file at the top level of the distribution and at
// github.com/Concrete-Chrono-Development/chrono-preprocessor/blob/main/LICENSE
//
// ================================================================================
// Particle Data File
// ================================================================================
//
// Data Structure:
// n x y z d
//
// ================================================================================
0 0.0 30.0 150.0 0.0
1 0.0 25.0 140.64674377441406 0.0
2 0.0 20.0 150.0 0.0
3 0.0 30.0 125.0 0.0
4 0.0 32.305747985839844 133.59683227539062 0.0
5 0.0 40.0 125.0 0.0
6 0.0 19.349382400512695 132.6015167236328 0.0
7 0.0 20.0 125.0 0.0
8 0.0 10.0 125.0 0.0
9 0.0 40.0 150.0 0.0
10 0.0 33.829132080078125 142.41368103027344 0.0
11 0.0 38.05555725097656 137.5 0.0
12 0.0 16.92640495300293 142.278076171875 0.0
13 0.0 10.0 150.0 0.0
14 0.0 11.94444465637207 137.5 0.0
15 0.0 0.0 150.0 0.0
16 0.0 7.250518798828125 143.15745544433594 0.0
17 0.0 0.0 141.6666717529297 0.0
18 0.0 50.0 150.0 0.0
19 0.0 42.875404357910156 143.1800537109375 0.0
20 0.0 50.0 141.6666717529297 0.0
21 0.0 0.0 133.3333282470703 0.0
22 0.0 7.222222328186035 131.8333282470703 0.0
23 1.1549396421867142e-12 4.9960036108132044e-15 125.0 0.0
24 1.1549396421867142e-12 50.0 125.0 0.0
25 0.0 42.62150573730469 131.9883575439453 0.0
26 0.0 50.0 133.3333282470703 0.0
27 0.0 45.032405853271484 137.51718139648438 0.0
28 0.0 5.097387790679932 137.49868774414062 0.0
29 138.9027557373047 0.0 11.698182106018066 0.0
30 150.0 0.0 8.333333015441895 0.0
31 150.0 0.0 16.66666603088379 0.0
32 0.0 0.0 8.333333015441895 0.0
33 11.097244262695312 0.0 11.698182106018066 0.0
34 0.0 0.0 16.66666603088379 0.0
35 11.097244262695312 0.0 138.30181884765625 0.0
36 138.9027557373047 0.0 138.30181884765625 0.0
37 150.0 0.0 133.3333282470703 0.0
38 150.0 0.0 141.6666717529297 0.0
39 61.6522102355957 0.0 136.4658660888672 0.0
40 69.23076629638672 0.0 150.0 0.0
41 57.69230651855469 0.0 150.0 0.0
42 80.76923370361328 0.0 150.0 0.0
43 88.34778594970703 0.0 136.4658660888672 0.0
44 92.30769348144531 0.0 150.0 0.0
45 61.6522102355957 0.0 13.534140586853027 0.0
46 57.69230651855469 0.0 0.0 0.0
47 69.23076629638672 0.0 0.0 0.0
48 92.30769348144531 0.0 0.0 0.0
49 88.34778594970703 0.0 13.534140586853027 0.0
50 80.76923370361328 0.0 0.0 0.0
51 45.0 1.2236679901099462e-30 80.0 0.0
52 54.72651290893555 0.0 85.2410888671875 0.0
53 43.4666633605957 2.5861218192830193e-15 91.64685821533203 0.0
54 43.4666633605957 -2.5861218192830193e-15 58.35314178466797 0.0
55 54.72651290893555 0.0 64.81068420410156 0.0
56 45.0 1.2236679901099462e-30 70.0 0.0
57 111.02885437011719 -4.9960036108132044e-15 47.5 0.0
58 104.3622055053711 0.0 35.474510192871094 0.0
59 118.18019104003906 -7.0654160622715505e-15 38.18019485473633 0.0
60 118.18019104003906 7.0654160622715505e-15 111.81980895996094 0.0
61 104.3622055053711 0.0 114.5254898071289 0.0
62 111.02885437011719 4.9960036108132044e-15 102.5 0.0
63 96.92350006103516 0.0 24.728376388549805 0.0
64 83.75032806396484 0.0 28.01384925842285 0.0
65 75.0 0.0 18.474231719970703 0.0
66 66.35346984863281 0.0 28.04671859741211 0.0
67 53.5509033203125 0.0 24.13180160522461 0.0
68 53.5509033203125 0.0 125.86819458007812 0.0
69 66.35346984863281 0.0 121.95328521728516 0.0
70 75.0 0.0 131.52577209472656 0.0
71 83.75032806396484 0.0 121.98615264892578 0.0
72 96.92350006103516 0.0 125.27162170410156 0.0
73 38.97114181518555 4.9960036108132044e-15 102.5 0.0
74 45.583045959472656 0.0 114.68302917480469 0.0
75 31.819805145263672 7.0654160622715505e-15 111.81980895996094 0.0
76 31.819805145263672 -7.0654160622715505e-15 38.18019485473633 0.0
77 45.583045959472656 0.0 35.31697082519531 0.0
78 38.97114181518555 -4.9960036108132044e-15 47.5 0.0
79 47.752655029296875 0.0 13.58048152923584 0.0
80 47.752655029296875 0.0 136.41952514648438 0.0
81 102.29885864257812 0.0 13.64345932006836 0.0
82 102.29885864257812 0.0 136.35653686523438 0.0
83 94.99302673339844 0.0 65.47916412353516 0.0
84 106.53334045410156 -2.5861218192830193e-15 58.35314178466797 0.0
85 105.0 0.0 70.0 0.0
86 106.53334045410156 2.5861218192830193e-15 91.64685821533203 0.0
87 94.99302673339844 0.0 84.52083587646484 0.0
88 105.0 0.0 80.0 0.0
89 64.85283660888672 0.0 93.96818542480469 0.0
90 73.75538635253906 0.0 86.0228271484375 0.0
91 76.86978912353516 0.0 99.91017150878906 0.0
92 85.53119659423828 0.0 91.9803237915039 0.0
93 74.96161651611328 0.0 62.82229232788086 0.0
94 64.85283660888672 0.0 56.03181457519531 0.0
95 77.0421142578125 0.0 49.92484664916992 0.0
96 85.53119659423828 0.0 58.019676208496094 0.0
97 95.80050659179688 0.0 96.79962921142578 0.0
98 95.80050659179688 0.0 53.20037078857422 0.0
99 53.059051513671875 0.0 97.28424835205078 0.0
100 53.059051513671875 0.0 52.71575164794922 0.0
101 66.13780975341797 0.0 68.32222747802734 0.0
102 59.99420928955078 0.0 75.18122100830078 0.0
103 75.0 0.0 75.0 0.0
104 64.1241226196289 0.0 83.30013275146484 0.0
105 65.90948486328125 0.0 106.65717315673828 0.0
106 75.10807037353516 0.0 113.56395721435547 0.0
107 65.9158935546875 0.0 43.33668899536133 0.0
108 75.10807037353516 0.0 36.4360466003418 0.0
109 82.70833587646484 0.0 68.88678741455078 0.0
110 90.41666412353516 0.0 75.0 0.0
111 82.70833587646484 0.0 81.11321258544922 0.0
112 84.82147216796875 0.0 40.673004150390625 0.0
113 84.80096435546875 0.0 109.3073501586914 0.0
114 127.5 8.653331787830242e-15 118.97114562988281 0.0
115 113.91194915771484 0.0 121.27620697021484 0.0
116 113.91194915771484 0.0 28.72379493713379 0.0
117 127.5 -8.653331787830242e-15 31.02885627746582 0.0
118 22.5 -8.653331787830242e-15 31.02885627746582 0.0
119 35.83024597167969 0.0 28.671714782714844 0.0
120 35.83024597167969 0.0 121.32828521728516 0.0
121 22.5 8.653331787830242e-15 118.97114562988281 0.0
122 75.0 0.0 141.37513732910156 0.0
123 75.0 0.0 8.624866485595703 0.0
124 38.876670837402344 0.0 142.08155822753906 0.0
125 46.153846740722656 0.0 150.0 0.0
126 34.61538314819336 0.0 150.0 0.0
127 35.664825439453125 0.0 133.23312377929688 0.0
128 38.876670837402344 0.0 7.918438911437988 0.0
129 34.61538314819336 0.0 0.0 0.0
130 46.153846740722656 0.0 0.0 0.0
131 35.664825439453125 0.0 16.766870498657227 0.0
132 115.38461303710938 0.0 0.0 0.0
133 111.12332916259766 0.0 7.929262638092041 0.0
134 103.84615325927734 0.0 0.0 0.0
135 114.28363037109375 0.0 16.7796573638916 0.0
136 103.84615325927734 0.0 150.0 0.0
137 111.12332916259766 0.0 142.07073974609375 0.0
138 115.38461303710938 0.0 150.0 0.0
139 114.28363037109375 0.0 133.2203369140625 0.0
140 131.7820587158203 0.0 21.270578384399414 0.0
141 138.3531494140625 -9.651538093312807e-15 26.53333854675293 0.0
142 125.66069030761719 0.0 13.354334831237793 0.0
143 11.646857261657715 -9.651538093312807e-15 26.53333854675293 0.0
144 18.21242332458496 0.0 21.24448013305664 0.0
145 24.333702087402344 0.0 13.341049194335938 0.0
146 18.21242332458496 0.0 128.75552368164062 0.0
147 11.646857261657715 9.651538093312807e-15 123.46665954589844 0.0
148 24.333702087402344 0.0 136.65895080566406 0.0
149 138.3531494140625 9.651538093312807e-15 123.46665954589844 0.0
150 131.7820587158203 0.0 128.7294158935547 0.0
151 125.66069030761719 0.0 136.64566040039062 0.0
152 92.2174301147461 0.0 116.81185913085938 0.0
153 94.47361755371094 0.0 107.99967193603516 0.0
154 92.21849822998047 0.0 33.18711471557617 0.0
155 94.47361755371094 0.0 42.000328063964844 0.0
156 51.55294418334961 0.0 75.01213073730469 0.0
157 98.43924713134766 0.0 75.0 0.0
158 57.664207458496094 0.0 33.67062759399414 0.0
159 55.19819259643555 0.0 41.79704284667969 0.0
160 57.663551330566406 0.0 116.32874298095703 0.0
161 55.19819259643555 0.0 108.20295715332031 0.0
162 6.920225620269775 0.0 129.3240966796875 0.0
163 1.1504585261876143e-12 -4.9960036108132044e-15 25.0 0.0
164 6.920225620269775 0.0 20.675899505615234 0.0
165 150.0 4.9960036108132044e-15 125.0 0.0
166 143.07948303222656 0.0 129.32273864746094 0.0
167 143.07948303222656 0.0 20.677257537841797 0.0
168 150.0 -4.9960036108132044e-15 25.0 0.0
169 43.676334381103516 0.0 23.69356918334961 0.0
170 43.676334381103516 0.0 126.30643463134766 0.0
171 106.35602569580078 0.0 126.13004302978516 0.0
172 106.35602569580078 0.0 23.86996078491211 0.0
173 75.03783416748047 0.0 27.5828914642334 0.0
174 75.03783416748047 0.0 122.41710662841797 0.0
175 102.1747817993164 0.0 103.51456451416016 0.0
176 102.1747817993164 0.0 46.485435485839844 0.0
177 67.4777603149414 0.0 76.6259536743164 0.0
178 122.62767028808594 0.0 22.231443405151367 0.0
179 122.62767028808594 0.0 127.7685546875 0.0
180 47.54810333251953 0.0 104.03282928466797 0.0
181 47.54810333251953 0.0 45.9671745300293 0.0
182 144.2594757080078 0.0 145.61436462402344 0.0
183 150.0 0.0 150.0 0.0
184 138.46153259277344 0.0 150.0 0.0
185 144.2594757080078 0.0 4.385641098022461 0.0
186 150.0 0.0 0.0 0.0
187 138.46153259277344 0.0 0.0 0.0
188 5.740517616271973 0.0 145.61436462402344 0.0
189 11.538461685180664 0.0 150.0 0.0
190 0.0 0.0 0.0 0.0
191 5.740517616271973 0.0 4.385641098022461 0.0
192 11.538461685180664 0.0 0.0 0.0
193 27.308238983154297 0.0 127.7894058227539 0.0
194 27.308238983154297 0.0 22.210594177246094 0.0
195 95.1327133178711 0.0 141.82705688476562 0.0
196 95.1327133178711 0.0 8.172938346862793 0.0
197 54.867286682128906 0.0 8.172938346862793 0.0
198 54.867286682128906 0.0 141.82705688476562 0.0
199 131.30084228515625 0.0 6.8093180656433105 0.0
200 126.92308044433594 0.0 0.0 0.0
201 18.698867797851562 0.0 143.19137573242188 0.0
202 23.076923370361328 0.0 150.0 0.0
203 18.698867797851562 0.0 6.808626174926758 0.0
204 23.076923370361328 0.0 0.0 0.0
205 126.92308044433594 0.0 150.0 0.0
206 131.30084228515625 0.0 143.19068908691406 0.0
207 88.47366333007812 0.0 100.7012939453125 0.0
208 88.34998321533203 0.0 49.215126037597656 0.0
209 59.75489044189453 0.0 101.52814483642578 0.0
210 59.756492614746094 0.0 48.4703254699707 0.0
211 30.26657485961914 0.0 7.258084774017334 0.0
212 30.26657485961914 0.0 142.74191284179688 0.0
213 119.7309341430664 0.0 7.259715557098389 0.0
214 119.7309341430664 0.0 142.7402801513672 0.0
215 97.99716186523438 8.865983009338379 150.0 0.0
216 57.69230651855469 50.0 150.0 0.0
217 62.965301513671875 41.38888931274414 150.0 0.0
218 69.23076629638672 50.0 150.0 0.0
219 57.00151443481445 15.769132614135742 150.0 0.0
220 69.10427856445312 14.139069557189941 150.0 0.0
221 63.22990417480469 23.773197174072266 150.0 0.0
222 122.99652862548828 13.141286849975586 150.0 0.0
223 115.38461303710938 50.0 150.0 0.0
224 121.58072662353516 37.975582122802734 150.0 0.0
225 126.92308044433594 50.0 150.0 0.0
226 134.54647827148438 32.968994140625 150.0 0.0
227 125.98989868164062 25.73931884765625 150.0 0.0
228 8.034366607666016 25.666622161865234 150.0 0.0
229 150.0 20.0 150.0 0.0
230 150.0 30.0 150.0 0.0
231 141.76329040527344 24.303163528442383 150.0 0.0
232 33.879905700683594 33.28376388549805 150.0 0.0
233 23.626882553100586 37.11772537231445 150.0 0.0
234 25.432048797607422 23.94577407836914 150.0 0.0
235 101.67739868164062 38.18019485473633 150.0 0.0
236 103.84615325927734 50.0 150.0 0.0
237 92.30769348144531 50.0 150.0 0.0
238 90.39021301269531 36.391822814941406 150.0 0.0
239 96.8880615234375 27.411977767944336 150.0 0.0
240 86.84186553955078 8.966294288635254 150.0 0.0
241 41.75145721435547 9.19851016998291 150.0 0.0
242 32.94834899902344 13.953566551208496 150.0 0.0
243 44.29142761230469 18.241426467895508 150.0 0.0
244 85.3226089477539 26.39006233215332 150.0 0.0
245 79.11662292480469 33.7105712890625 150.0 0.0
246 35.913211822509766 23.73076629638672 150.0 0.0
247 52.79704666137695 25.19390106201172 150.0 0.0
248 21.986291885375977 9.47851848602295 150.0 0.0
249 14.297619819641113 16.687910079956055 150.0 0.0
250 73.73473358154297 24.869640350341797 150.0 0.0
251 80.88335418701172 17.890932083129883 150.0 0.0
252 116.08138275146484 25.237096786499023 150.0 0.0
253 111.80535125732422 16.477575302124023 150.0 0.0
254 111.76923370361328 34.01183319091797 150.0 0.0
255 34.61538314819336 50.0 150.0 0.0
256 41.6434211730957 40.294925689697266 150.0 0.0
257 46.153846740722656 50.0 150.0 0.0
258 77.36589813232422 8.199258804321289 150.0 0.0
259 43.014320373535156 29.229297637939453 150.0 0.0
260 49.959129333496094 33.918846130371094 150.0 0.0
261 138.46153259277344 50.0 150.0 0.0
262 141.51779174804688 41.869632720947266 150.0 0.0
263 150.0 50.0 150.0 0.0
264 150.0 40.0 150.0 0.0
265 8.895270347595215 8.527738571166992 150.0 0.0
266 8.003594398498535 42.22032165527344 150.0 0.0
267 11.538461685180664 50.0 150.0 0.0
268 141.9317626953125 7.785184383392334 150.0 0.0
269 150.0 10.0 150.0 0.0
270 132.70567321777344 6.803272724151611 150.0 0.0
271 135.9725799560547 14.907833099365234 150.0 0.0
272 132.60592651367188 42.562843322753906 150.0 0.0
273 109.52400207519531 7.719204902648926 150.0 0.0
274 16.335237503051758 42.965450286865234 150.0 0.0
275 23.076923370361328 50.0 150.0 0.0
276 13.7669095993042 35.2237663269043 150.0 0.0
277 110.85162353515625 42.03352355957031 150.0 0.0
278 91.53560638427734 17.955232620239258 150.0 0.0
279 80.76923370361328 50.0 150.0 0.0
280 82.76966094970703 41.74359130859375 150.0 0.0
281 106.86332702636719 26.55795669555664 150.0 0.0
282 73.95687866210938 41.46549606323242 150.0 0.0
283 52.369049072265625 42.23779296875 150.0 0.0
284 61.66535949707031 7.455386161804199 150.0 0.0
285 102.7557373046875 17.760608673095703 150.0 0.0
286 50.74193572998047 8.006844520568848 150.0 0.0
287 6.2454514503479 16.176454544067383 150.0 0.0
288 5.549248218536377 35.0 150.0 0.0
289 144.2622528076172 15.14549446105957 150.0 0.0
290 143.5655059814453 33.8283576965332 150.0 0.0
291 58.368350982666016 33.077091217041016 150.0 0.0
292 132.92245483398438 22.245317459106445 150.0 0.0
293 17.031564712524414 27.72835922241211 150.0 0.0
294 68.56196594238281 33.047481536865234 150.0 0.0
295 31.36850357055664 42.1392822265625 150.0 0.0
296 150.0 50.0 8.333333015441895 0.0
297 138.9027557373047 50.0 11.698182106018066 0.0
298 150.0 50.0 16.66666603088379 0.0
299 11.097244262695312 50.0 11.698182106018066 0.0
300 0.0 50.0 8.333333015441895 0.0
301 0.0 50.0 16.66666603088379 0.0
302 11.097244262695312 50.0 138.30181884765625 0.0
303 138.9027557373047 50.0 138.30181884765625 0.0
304 150.0 50.0 141.6666717529297 0.0
305 150.0 50.0 133.3333282470703 0.0
306 61.6522102355957 50.0 13.534140586853027 0.0
307 69.23076629638672 50.0 0.0 0.0
308 57.69230651855469 50.0 0.0 0.0
309 61.6522102355957 50.0 136.4658660888672 0.0
310 88.34778594970703 50.0 136.4658660888672 0.0
311 80.76923370361328 50.0 0.0 0.0
312 88.34778594970703 50.0 13.534140586853027 0.0
313 92.30769348144531 50.0 0.0 0.0
314 43.4666633605957 50.0 91.64685821533203 0.0
315 54.72651290893555 50.0 85.2410888671875 0.0
316 45.0 50.0 80.0 0.0
317 54.72651290893555 50.0 64.81068420410156 0.0
318 43.4666633605957 50.0 58.35314178466797 0.0
319 45.0 50.0 70.0 0.0
320 118.18019104003906 50.0 38.18019485473633 0.0
321 104.3622055053711 50.0 35.474510192871094 0.0
322 111.02885437011719 50.0 47.5 0.0
323 118.18019104003906 50.0 111.81980895996094 0.0
324 111.02885437011719 50.0 102.5 0.0
325 104.3622055053711 50.0 114.5254898071289 0.0
326 66.35346984863281 50.0 28.04671859741211 0.0
327 53.5509033203125 50.0 24.13180160522461 0.0
328 75.0 50.0 18.474231719970703 0.0
329 83.75032806396484 50.0 121.98615264892578 0.0
330 96.92350006103516 50.0 125.27162170410156 0.0
331 75.0 50.0 131.52577209472656 0.0
332 96.92350006103516 50.0 24.728376388549805 0.0
333 83.75032806396484 50.0 28.01384925842285 0.0
334 53.5509033203125 50.0 125.86819458007812 0.0
335 66.35346984863281 50.0 121.95328521728516 0.0
336 31.819805145263672 50.0 111.81980895996094 0.0
337 45.583045959472656 50.0 114.68302917480469 0.0
338 38.97114181518555 50.0 102.5 0.0
339 31.819805145263672 50.0 38.18019485473633 0.0
340 38.97114181518555 50.0 47.5 0.0
341 45.583045959472656 50.0 35.31697082519531 0.0
342 47.752655029296875 50.0 136.41952514648438 0.0
343 47.752655029296875 50.0 13.58048152923584 0.0
344 102.29885864257812 50.0 13.64345932006836 0.0
345 102.29885864257812 50.0 136.35653686523438 0.0
346 106.53334045410156 50.0 58.35314178466797 0.0
347 94.99302673339844 50.0 65.47916412353516 0.0
348 105.0 50.0 70.0 0.0
349 106.53334045410156 50.0 91.64685821533203 0.0
350 105.0 50.0 80.0 0.0
351 94.99302673339844 50.0 84.52083587646484 0.0
352 73.75538635253906 50.0 86.0228271484375 0.0
353 64.85283660888672 50.0 93.96818542480469 0.0
354 76.86978912353516 50.0 99.91017150878906 0.0
355 85.53119659423828 50.0 91.9803237915039 0.0
356 77.0421142578125 50.0 49.92484664916992 0.0
357 64.85283660888672 50.0 56.03181457519531 0.0
358 74.96161651611328 50.0 62.82229232788086 0.0
359 85.53119659423828 50.0 58.019676208496094 0.0
360 95.80050659179688 50.0 96.79962921142578 0.0
361 95.80050659179688 50.0 53.20037078857422 0.0
362 53.059051513671875 50.0 97.28424835205078 0.0
363 53.059051513671875 50.0 52.71575164794922 0.0
364 64.1241226196289 50.0 83.30013275146484 0.0
365 59.99420928955078 50.0 75.18122100830078 0.0
366 66.13780975341797 50.0 68.32222747802734 0.0
367 75.0 50.0 75.0 0.0
368 65.90948486328125 50.0 106.65717315673828 0.0
369 75.10807037353516 50.0 113.56395721435547 0.0
370 65.9158935546875 50.0 43.33668899536133 0.0
371 75.10807037353516 50.0 36.4360466003418 0.0
372 82.70833587646484 50.0 81.11321258544922 0.0
373 90.41666412353516 50.0 75.0 0.0
374 82.70833587646484 50.0 68.88678741455078 0.0
375 84.82147216796875 50.0 40.673004150390625 0.0
376 84.80096435546875 50.0 109.3073501586914 0.0
377 127.5 50.0 118.97114562988281 0.0
378 113.91194915771484 50.0 121.27620697021484 0.0
379 127.5 50.0 31.02885627746582 0.0
380 113.91194915771484 50.0 28.72379493713379 0.0
381 22.5 50.0 31.02885627746582 0.0
382 35.83024597167969 50.0 28.671714782714844 0.0
383 22.5 50.0 118.97114562988281 0.0
384 35.83024597167969 50.0 121.32828521728516 0.0
385 75.0 50.0 141.37513732910156 0.0
386 75.0 50.0 8.624866485595703 0.0
387 38.876670837402344 50.0 142.08155822753906 0.0
388 35.664825439453125 50.0 133.23312377929688 0.0
389 46.153846740722656 50.0 0.0 0.0
390 34.61538314819336 50.0 0.0 0.0
391 38.876670837402344 50.0 7.918438911437988 0.0
392 35.664825439453125 50.0 16.766870498657227 0.0
393 111.12332916259766 50.0 7.929262638092041 0.0
394 115.38461303710938 50.0 0.0 0.0
395 103.84615325927734 50.0 0.0 0.0
396 114.28363037109375 50.0 16.7796573638916 0.0
397 111.12332916259766 50.0 142.07073974609375 0.0
398 114.28363037109375 50.0 133.2203369140625 0.0
399 138.3531494140625 50.0 26.53333854675293 0.0
400 131.7820587158203 50.0 21.270578384399414 0.0
401 125.66069030761719 50.0 13.354334831237793 0.0
402 11.646857261657715 50.0 123.46665954589844 0.0
403 18.21242332458496 50.0 128.75552368164062 0.0
404 24.333702087402344 50.0 136.65895080566406 0.0
405 131.7820587158203 50.0 128.7294158935547 0.0
406 138.3531494140625 50.0 123.46665954589844 0.0
407 125.66069030761719 50.0 136.64566040039062 0.0
408 18.21242332458496 50.0 21.24448013305664 0.0
409 11.646857261657715 50.0 26.53333854675293 0.0
410 24.333702087402344 50.0 13.341049194335938 0.0
411 92.2174301147461 50.0 116.81185913085938 0.0
412 94.47361755371094 50.0 107.99967193603516 0.0
413 92.21849822998047 50.0 33.18711471557617 0.0
414 94.47361755371094 50.0 42.000328063964844 0.0
415 51.55294418334961 50.0 75.01213073730469 0.0
416 98.43924713134766 50.0 75.0 0.0
417 57.664207458496094 50.0 33.67062759399414 0.0
418 55.19819259643555 50.0 41.79704284667969 0.0
419 57.663551330566406 50.0 116.32874298095703 0.0
420 55.19819259643555 50.0 108.20295715332031 0.0
421 6.920225620269775 50.0 129.3240966796875 0.0
422 6.920225620269775 50.0 20.675899505615234 0.0
423 1.1504585261876143e-12 50.0 25.0 0.0
424 150.0 50.0 125.0 0.0
425 143.07948303222656 50.0 129.32273864746094 0.0
426 150.0 50.0 25.0 0.0
427 143.07948303222656 50.0 20.677257537841797 0.0
428 43.676334381103516 50.0 23.69356918334961 0.0
429 43.676334381103516 50.0 126.30643463134766 0.0
430 106.35602569580078 50.0 23.86996078491211 0.0
431 106.35602569580078 50.0 126.13004302978516 0.0
432 75.03783416748047 50.0 27.5828914642334 0.0
433 75.03783416748047 50.0 122.41710662841797 0.0
434 102.1747817993164 50.0 103.51456451416016 0.0
435 102.1747817993164 50.0 46.485435485839844 0.0
436 67.4777603149414 50.0 76.6259536743164 0.0
437 122.62767028808594 50.0 22.231443405151367 0.0
438 122.62767028808594 50.0 127.7685546875 0.0
439 47.54810333251953 50.0 104.03282928466797 0.0
440 47.54810333251953 50.0 45.9671745300293 0.0
441 144.2594757080078 50.0 145.61436462402344 0.0
442 144.2594757080078 50.0 4.385641098022461 0.0
443 150.0 50.0 0.0 0.0
444 138.46153259277344 50.0 0.0 0.0
445 5.740517616271973 50.0 145.61436462402344 0.0
446 5.740517616271973 50.0 4.385641098022461 0.0
447 0.0 50.0 0.0 0.0
448 11.538461685180664 50.0 0.0 0.0
449 27.308238983154297 50.0 22.210594177246094 0.0
450 27.308238983154297 50.0 127.7894058227539 0.0
451 95.1327133178711 50.0 141.82705688476562 0.0
452 95.1327133178711 50.0 8.172938346862793 0.0
453 54.867286682128906 50.0 141.82705688476562 0.0
454 54.867286682128906 50.0 8.172938346862793 0.0
455 126.92308044433594 50.0 0.0 0.0
456 131.30084228515625 50.0 6.8093180656433105 0.0
457 18.698867797851562 50.0 143.19137573242188 0.0
458 23.076923370361328 50.0 0.0 0.0
459 18.698867797851562 50.0 6.808626174926758 0.0
460 131.30084228515625 50.0 143.19068908691406 0.0
461 88.47366333007812 50.0 100.7012939453125 0.0
462 88.34998321533203 50.0 49.215126037597656 0.0
463 59.75489044189453 50.0 101.52814483642578 0.0
464 59.756492614746094 50.0 48.4703254699707 0.0
465 30.26657485961914 50.0 7.258084774017334 0.0
466 30.26657485961914 50.0 142.74191284179688 0.0
467 119.7309341430664 50.0 7.259715557098389 0.0
468 119.7309341430664 50.0 142.7402801513672 0.0
469 45.0 30.0 80.0 0.0
470 45.0 20.0 80.0 0.0
471 43.9770622253418 25.0 89.54033660888672 0.0
472 38.48675537109375 25.0 103.31886291503906 0.0
473 42.90461730957031 35.0 93.57180786132812 0.0
474 42.90461730957031 15.0 93.57180786132812 0.0
475 9.330759048461914 25.0 124.02200317382812 0.0
476 21.850502014160156 25.0 119.33898162841797 0.0
477 12.869166374206543 15.0 123.1205825805664 0.0
478 12.869166374206543 35.0 123.1205825805664 0.0
479 36.73794937133789 39.304954528808594 105.98697662353516 0.0
480 31.206995010375977 34.005760192871094 112.42103576660156 0.0
481 36.73794937133789 10.695045471191406 105.98697662353516 0.0
482 31.206995010375977 15.99423885345459 112.42103576660156 0.0
483 22.7144718170166 11.35621166229248 118.84652709960938 0.0
484 22.7144718170166 38.6437873840332 118.84652709960938 0.0
485 29.938583374023438 25.0 113.5958480834961 0.0
486 44.199825286865234 41.9271125793457 88.44839477539062 0.0
487 45.0 40.0 80.0 0.0
488 44.199825286865234 8.072885513305664 88.44839477539062 0.0
489 45.0 10.0 80.0 0.0
490 8.260781288146973 42.15205764770508 124.23527526855469 0.0
491 8.260781288146973 7.8479437828063965 124.23527526855469 0.0
492 41.64935302734375 6.872775554656982 97.03910827636719 0.0
493 41.64935302734375 43.12722396850586 97.03910827636719 0.0
494 16.15498924255371 7.547917366027832 122.00019073486328 0.0
495 16.15498924255371 42.452083587646484 122.00019073486328 0.0
496 30.189983367919922 41.79729461669922 113.3701171875 0.0
497 30.189983367919922 8.202703475952148 113.3701171875 0.0
498 5.553736686706543 35.0 124.65597534179688 0.0
499 5.553736686706543 15.0 124.65597534179688 0.0
500 44.651798248291016 15.0 85.58719635009766 0.0
501 44.651798248291016 35.0 85.58719635009766 0.0
502 150.0 30.0 0.0 0.0
503 150.0 25.0 9.353261947631836 0.0
504 150.0 20.0 0.0 0.0
505 150.0 30.0 25.0 0.0
506 150.0 20.0 25.0 0.0
507 150.0 18.62955093383789 17.037500381469727 0.0
508 150.0 10.0 25.0 0.0
509 150.0 32.305747985839844 16.40316390991211 0.0
510 150.0 40.0 25.0 0.0
511 150.0 33.829132080078125 7.586319923400879 0.0
512 150.0 40.0 0.0 0.0
513 150.0 38.05555725097656 12.5 0.0
514 150.0 16.86519432067871 7.6912312507629395 0.0
515 150.0 10.0 0.0 0.0
516 150.0 11.94444465637207 12.5 0.0
517 150.0 42.875404357910156 6.819941997528076 0.0
518 150.0 7.534376621246338 18.117361068725586 0.0
519 150.0 7.240317344665527 6.837427616119385 0.0
520 150.0 42.62150573730469 18.011638641357422 0.0
521 150.0 45.032405853271484 12.48281478881836 0.0
522 150.0 4.995306968688965 12.495386123657227 0.0
523 140.45965576171875 25.0 26.022937774658203 0.0
524 126.68113708496094 25.0 31.513242721557617 0.0
525 136.42819213867188 15.0 27.095382690429688 0.0
526 136.42819213867188 35.0 27.095382690429688 0.0
527 105.0 20.0 70.0 0.0
528 105.97799682617188 25.0 60.66924285888672 0.0
529 105.0 30.0 70.0 0.0
530 110.66101837158203 25.0 48.149497985839844 0.0
531 106.8794174194336 35.0 57.13083267211914 0.0
532 106.8794174194336 15.0 57.13083267211914 0.0
533 124.01302337646484 10.695045471191406 33.26205062866211 0.0
534 117.57896423339844 15.99423885345459 38.793006896972656 0.0
535 124.01302337646484 39.304954528808594 33.26205062866211 0.0
536 117.57896423339844 34.005760192871094 38.793006896972656 0.0
537 111.15347290039062 38.6437873840332 47.285526275634766 0.0
538 111.15347290039062 11.35621166229248 47.285526275634766 0.0
539 116.4041519165039 25.0 40.06141662597656 0.0
540 141.55160522460938 8.072885513305664 25.800174713134766 0.0
541 141.55160522460938 41.9271125793457 25.800174713134766 0.0
542 105.76472473144531 42.15205764770508 61.739219665527344 0.0
543 105.0 40.0 70.0 0.0
544 105.76472473144531 7.8479437828063965 61.739219665527344 0.0
545 105.0 10.0 70.0 0.0
546 132.9608917236328 6.872775554656982 28.350645065307617 0.0
547 132.9608917236328 43.12722396850586 28.350645065307617 0.0
548 107.99980926513672 42.452083587646484 53.845008850097656 0.0
549 107.99980926513672 7.547917366027832 53.845008850097656 0.0
550 116.6298828125 8.202703475952148 39.81001663208008 0.0
551 116.6298828125 41.79729461669922 39.81001663208008 0.0
552 105.34402465820312 15.0 64.4462661743164 0.0
553 105.34402465820312 35.0 64.4462661743164 0.0
554 144.4127960205078 15.0 25.34819984436035 0.0
555 144.4127960205078 35.0 25.34819984436035 0.0
556 105.0 25.0 75.0 0.0
557 105.0 20.0 80.0 0.0
558 105.0 30.0 80.0 0.0
559 105.0 15.0 75.0 0.0
560 105.0 10.0 80.0 0.0
561 105.0 45.0 75.0 0.0
562 105.0 40.0 80.0 0.0
563 105.0 35.0 75.0 0.0
564 105.0 5.0 75.0 0.0
565 140.45965576171875 25.0 123.97705841064453 0.0
566 150.0 30.0 125.0 0.0
567 150.0 20.0 125.0 0.0
568 126.68113708496094 25.0 118.48675537109375 0.0
569 136.42819213867188 15.0 122.90461730957031 0.0
570 136.42819213867188 35.0 122.90461730957031 0.0
571 105.97799682617188 25.0 89.33075714111328 0.0
572 110.66101837158203 25.0 101.85050201416016 0.0
573 106.8794174194336 35.0 92.8691635131836 0.0
574 106.8794174194336 15.0 92.8691635131836 0.0
575 124.01302337646484 39.304954528808594 116.73795318603516 0.0
576 117.57896423339844 34.005760192871094 111.20699310302734 0.0
577 124.01302337646484 10.695045471191406 116.73795318603516 0.0
578 117.57896423339844 15.99423885345459 111.20699310302734 0.0
579 111.15347290039062 38.6437873840332 102.71446990966797 0.0
580 111.15347290039062 11.35621166229248 102.71446990966797 0.0
581 116.4041519165039 25.0 109.93858337402344 0.0
582 141.55160522460938 41.9271125793457 124.1998291015625 0.0
583 150.0 40.0 125.0 0.0
584 141.55160522460938 8.072885513305664 124.1998291015625 0.0
585 150.0 10.0 125.0 0.0
586 105.76472473144531 42.15205764770508 88.26078033447266 0.0
587 105.76472473144531 7.8479437828063965 88.26078033447266 0.0
588 132.9608917236328 43.12722396850586 121.64935302734375 0.0
589 132.9608917236328 6.872775554656982 121.64935302734375 0.0
590 107.99980926513672 42.452083587646484 96.15499114990234 0.0
591 107.99980926513672 7.547917366027832 96.15499114990234 0.0
592 116.6298828125 8.202703475952148 110.18998718261719 0.0
593 116.6298828125 41.79729461669922 110.18998718261719 0.0
594 105.34402465820312 35.0 85.5537338256836 0.0
595 105.34402465820312 15.0 85.5537338256836 0.0
596 144.4127960205078 35.0 124.65180206298828 0.0
597 144.4127960205078 15.0 124.65180206298828 0.0
598 150.0 25.0 140.64674377441406 0.0
599 150.0 18.62955093383789 132.96249389648438 0.0
600 150.0 32.305747985839844 133.59683227539062 0.0
601 150.0 16.86519432067871 142.3087615966797 0.0
602 150.0 11.94444465637207 137.5 0.0
603 150.0 33.829132080078125 142.41368103027344 0.0
604 150.0 38.05555725097656 137.5 0.0
605 150.0 7.240317344665527 143.16256713867188 0.0
606 150.0 42.875404357910156 143.1800537109375 0.0
607 150.0 42.62150573730469 131.9883575439453 0.0
608 150.0 7.534376621246338 131.8826446533203 0.0
609 150.0 4.995306968688965 137.50460815429688 0.0
610 150.0 45.032405853271484 137.51718139648438 0.0
611 45.0 45.0 75.0 0.0
612 45.0 40.0 70.0 0.0
613 45.0 25.0 75.0 0.0
614 45.0 20.0 70.0 0.0
615 45.0 30.0 70.0 0.0
616 45.0 15.0 75.0 0.0
617 45.0 10.0 70.0 0.0
618 45.0 35.0 75.0 0.0
619 45.0 5.0 75.0 0.0
620 43.9770622253418 25.0 60.45966339111328 0.0
621 42.90461730957031 35.0 56.42819595336914 0.0
622 38.48675537109375 25.0 46.68113327026367 0.0
623 42.90461730957031 15.0 56.42819595336914 0.0
624 9.330759048461914 25.0 25.977994918823242 0.0
625 0.0 30.0 25.0 0.0
626 0.0 20.0 25.0 0.0
627 12.869166374206543 15.0 26.879417419433594 0.0
628 21.850502014160156 25.0 30.6610164642334 0.0
629 12.869166374206543 35.0 26.879417419433594 0.0
630 36.73794937133789 39.304954528808594 44.013023376464844 0.0
631 31.206995010375977 34.005760192871094 37.57896423339844 0.0
632 36.73794937133789 10.695045471191406 44.013023376464844 0.0
633 31.206995010375977 15.99423885345459 37.57896423339844 0.0
634 22.7144718170166 11.35621166229248 31.153472900390625 0.0
635 22.7144718170166 38.6437873840332 31.153472900390625 0.0
636 29.938583374023438 25.0 36.40414810180664 0.0
637 44.199825286865234 8.072885513305664 61.55160140991211 0.0
638 44.199825286865234 41.9271125793457 61.55160140991211 0.0
639 8.260781288146973 7.8479437828063965 25.764726638793945 0.0
640 0.0 10.0 25.0 0.0
641 8.260781288146973 42.15205764770508 25.764726638793945 0.0
642 0.0 40.0 25.0 0.0
643 41.64935302734375 43.12722396850586 52.96088790893555 0.0
644 41.64935302734375 6.872775554656982 52.96088790893555 0.0
645 16.15498924255371 7.547917366027832 27.999805450439453 0.0
646 16.15498924255371 42.452083587646484 27.999805450439453 0.0
647 30.189983367919922 41.79729461669922 36.629878997802734 0.0
648 30.189983367919922 8.202703475952148 36.629878997802734 0.0
649 5.553736686706543 15.0 25.344026565551758 0.0
650 5.553736686706543 35.0 25.344026565551758 0.0
651 44.651798248291016 35.0 64.41280364990234 0.0
652 44.651798248291016 15.0 64.41280364990234 0.0
653 0.0 25.0 15.646738052368164 0.0
654 0.0 17.694252014160156 8.59683609008789 0.0
655 0.0 20.0 0.0 0.0
656 0.0 10.0 0.0 0.0
657 0.0 30.650617599487305 7.601523399353027 0.0
658 0.0 30.0 0.0 0.0
659 0.0 40.0 0.0 0.0
660 0.0 33.0735969543457 17.278072357177734 0.0
661 0.0 38.05555725097656 12.5 0.0
662 0.0 16.170866012573242 17.413681030273438 0.0
663 0.0 11.94444465637207 12.5 0.0
664 0.0 42.77777862548828 6.833333492279053 0.0
665 0.0 7.378493785858154 6.988361358642578 0.0
666 0.0 7.124596118927002 18.180057525634766 0.0
667 0.0 42.749481201171875 18.15745735168457 0.0
668 0.0 44.902610778808594 12.49868392944336 0.0
669 0.0 4.967592239379883 12.51718521118164 0.0
670 99.92471313476562 12.336125373840332 0.0 0.0
671 62.965301513671875 41.38888931274414 0.0 0.0
672 69.10427856445312 14.139069557189941 0.0 0.0
673 57.00151443481445 15.769132614135742 0.0 0.0
674 63.22990417480469 23.773197174072266 0.0 0.0
675 121.38463592529297 37.86822509765625 0.0 0.0
676 125.98989868164062 25.73931884765625 0.0 0.0
677 134.54647827148438 32.968994140625 0.0 0.0
678 122.99251556396484 13.086908340454102 0.0 0.0
679 141.76329040527344 24.303163528442383 0.0 0.0
680 8.034366607666016 25.666622161865234 0.0 0.0
681 33.879905700683594 33.28376388549805 0.0 0.0
682 25.432048797607422 23.94577407836914 0.0 0.0
683 23.626882553100586 37.11772537231445 0.0 0.0
684 101.48857116699219 38.874420166015625 0.0 0.0
685 91.9019546508789 35.06987380981445 0.0 0.0
686 87.16312408447266 9.54465103149414 0.0 0.0
687 41.75145721435547 9.19851016998291 0.0 0.0
688 32.94834899902344 13.953566551208496 0.0 0.0
689 44.29142761230469 18.241426467895508 0.0 0.0
690 87.13175964355469 26.135522842407227 0.0 0.0
691 96.33824920654297 24.48005485534668 0.0 0.0
692 79.11662292480469 33.7105712890625 0.0 0.0
693 35.913211822509766 23.73076629638672 0.0 0.0
694 52.79704666137695 25.19390106201172 0.0 0.0
695 21.986291885375977 9.47851848602295 0.0 0.0
696 14.297619819641113 16.687910079956055 0.0 0.0
697 73.70023345947266 24.895843505859375 0.0 0.0
698 80.88335418701172 17.890932083129883 0.0 0.0
699 115.87974548339844 24.968660354614258 0.0 0.0
700 110.20050811767578 33.15297317504883 0.0 0.0
701 111.76923370361328 15.988165855407715 0.0 0.0
702 41.6434211730957 40.294925689697266 0.0 0.0
703 77.4301528930664 8.31493091583252 0.0 0.0
704 43.014320373535156 29.229297637939453 0.0 0.0
705 49.959129333496094 33.918846130371094 0.0 0.0
706 141.9317626953125 7.785184383392334 0.0 0.0
707 141.51779174804688 41.869632720947266 0.0 0.0
708 8.895270347595215 8.527738571166992 0.0 0.0
709 8.003594398498535 42.22032165527344 0.0 0.0
710 132.70567321777344 6.803272724151611 0.0 0.0
711 135.9725799560547 14.907833099365234 0.0 0.0
712 132.5666961669922 42.5413703918457 0.0 0.0
713 110.21133422851562 7.702333927154541 0.0 0.0
714 16.335237503051758 42.965450286865234 0.0 0.0
715 13.7669095993042 35.2237663269043 0.0 0.0
716 110.46089935302734 41.979122161865234 0.0 0.0
717 90.28823852539062 18.077457427978516 0.0 0.0
718 82.9239273071289 41.608699798583984 0.0 0.0
719 106.29689025878906 23.651268005371094 0.0 0.0
720 73.98258972167969 41.44301223754883 0.0 0.0
721 52.369049072265625 42.23779296875 0.0 0.0
722 61.66535949707031 7.455386161804199 0.0 0.0
723 50.74193572998047 8.006844520568848 0.0 0.0
724 6.2454514503479 16.176454544067383 0.0 0.0
725 5.549248218536377 35.0 0.0 0.0
726 143.5655059814453 33.8283576965332 0.0 0.0
727 144.2622528076172 15.14549446105957 0.0 0.0
728 58.368350982666016 33.077091217041016 0.0 0.0
729 132.92245483398438 22.245317459106445 0.0 0.0
730 17.031564712524414 27.72835922241211 0.0 0.0
731 68.56050109863281 33.048099517822266 0.0 0.0
732 101.24523162841797 31.045717239379883 0.0 0.0
733 31.36850357055664 42.1392822265625 0.0 0.0
734 61.94428538322592 13.690919572023772 124.63416023386303 11.992845314268335
735 40.07790725944466 35.97240265049838 21.854473680191518 11.931631062008961
736 42.41955563611823 17.096626228147986 124.65637983728006 11.895598129262842
737 57.95559247563579 27.915332062458358 136.22010803390796 11.894563407015696
738 75.8978966656579 22.494178503541356 136.77811139981975 11.877580703072642
739 45.83543467863875 10.327245865827612 139.9489144817658 11.840148553917757
740 93.61787398478903 39.573876431796094 122.67314522374798 11.82586499062062
741 57.84442759414894 30.74121686725452 20.005835761570353 11.794994032296648
742 117.96019825249218 16.17462020944374 15.902406345675951 11.750117702111273
743 80.78158793070224 30.904969549286086 10.964647214489455 11.72137549081496
744 89.39460223907662 23.815369542052743 104.67469689928761 11.537229024512769
745 53.935878263386606 36.12001043285075 33.134099469709675 11.406826926931801
746 97.69125537649639 11.772626993166554 60.942300492080015 11.390372064015128
747 31.563183762529253 9.360601147553673 138.7074635075031 11.334283588304064
748 63.685363909495806 12.35578558574327 95.44765509090301 11.334049974956375
749 48.98641242661394 11.837014400309124 44.79533770987827 11.286066663629532
750 111.19254321623671 20.730878486065095 120.23524322051192 11.275297169936316
751 80.90233081321705 21.59107418832262 56.50829079051592 11.259040726934447
752 111.2896368033449 40.055671154146644 138.18219726835957 11.220038631960609
753 128.7531110606331 40.50136870194156 19.24563462614455 11.213148329144467
754 19.6743889228471 40.276450388775665 137.7403125511621 11.185233557380307
755 56.54583722447905 35.79431458124397 102.92218825817557 11.167586351969671
756 89.15468860437156 18.035962938841152 31.456146793799128 11.091713675805625
757 42.24195489600984 14.368603832850674 21.970429779068084 11.056938782029608
758 9.824412857136563 24.073435934354137 9.895133067871827 11.056857207408779
759 26.319455171149833 28.966282403325568 138.6725684281998 10.99201095529363
760 39.492517753724194 40.261902198435195 135.06505388932055 10.937488795927656
761 92.0983438687235 41.02371251157916 55.32198900465389 10.912322007007635
762 85.06246206604153 7.777761413382423 10.00468837975492 10.902237508500868
763 19.556752672525633 41.29981770531875 16.5362581450697 10.898390407258386
764 77.24219957845622 13.396004309207724 47.2871911295498 10.877524256658273
765 76.79128815081523 29.910808470625373 86.70172582977813 10.87655210989616
766 34.41444208546771 42.019200629512625 10.362048249729611 10.86873603744894
767 134.2630714182971 25.59737695777585 135.92814639631044 10.851795394852017
768 137.3407330157294 37.63814269685333 134.71591539114763 10.832237950046093
769 52.450402020111774 18.132386078743696 32.521527614091966 10.814135379582586
770 81.75955697042248 43.7179808818259 87.12371527378123 10.799593863184603
771 96.6075813224533 17.638584161178457 132.5555162109374 10.787123727238965
772 61.51874774443294 31.470204092708094 91.96371070417888 10.7320514846784
773 75.54384312304977 33.60316240790663 51.25236984085707 10.715053111034505
774 98.52416802765181 24.79620951048687 51.71553392571407 10.710283051627352
775 119.81608851817106 36.434304926539525 11.873114352970422 10.679309450745453
776 104.20251679723577 40.837345001202394 107.4930205275136 10.593647018305985
777 74.26117677997128 14.029619563324838 119.41943392217965 10.588041355588274
778 88.48367142871805 36.401731752087485 140.94951404805914 10.565772313780947
779 80.18596472230014 36.86775247676701 71.78651193100904 10.549454254963942
780 63.332999202916554 9.580463708406727 48.753225313531566 10.51097554000508
781 95.83628196640792 30.807387470441807 81.93186526565025 10.486700337605086
782 74.05796250056723 17.539095268901697 35.169971055415814 10.485208010589897
783 90.14403455907596 24.50715126672433 70.3152449491609 10.465589252606565
784 135.21658840270504 28.63315598918131 12.812620825401003 10.464831927446724
785 71.76970741609009 41.31493471845678 37.407817640163074 10.464434878668257
786 91.53887819748134 13.798097415797017 88.09870075151522 10.460673823887399
787 102.87789093770013 22.392786541687908 110.66616579994917 10.453371508959226
788 46.26706461282447 19.039754230841226 10.101365479427962 10.44808262190781
789 101.52549081754009 8.469584589690077 138.41370294293066 10.423003062836337
790 112.76548380476797 24.392790909051087 30.924950791985466 10.407554714088791
791 12.391943127802438 10.200301363613933 11.100161311099482 10.396470270122123
792 95.58868216891005 16.731940634100997 42.84209874312513 10.391220453037096
793 76.64932406920062 17.560021569520437 76.24568815933736 10.374080706726167
794 18.581554051128684 12.265608172121459 140.59452162494526 10.361278221394322
795 65.14150402270184 17.072793719921393 13.010978458326488 10.341476773880625
796 76.24899442255862 13.094569914610283 106.15400610262458 10.333593691489202
797 47.4512584814463 41.64516056338569 44.03760908342994 10.321810835180505
798 128.6228426038148 12.552736324668514 9.393328420334356 10.302210731925566
799 106.48905654862817 27.341107366001033 10.057174965507599 10.255129151056169
800 58.5943733475989 42.29134359996163 9.977550150871421 10.230152892992821
801 51.957507991061995 30.594030057791862 59.91712554194781 10.19395919130276
802 100.46274412173113 11.047598165995792 9.430185842721567 10.167943518504524
803 73.62863949053181 33.858083537137446 105.1721008508829 10.149986695625092
804 141.74843878048958 10.825121513537185 141.02945993192873 10.113703951535548
805 74.22821312535244 9.491931430716999 85.32709744379567 10.112783534690369
806 61.555397524687415 24.026369127661138 54.73053938432773 10.077448662660238
807 54.77806829652084 9.638166632154533 16.060400515206418 10.07116421068604
808 96.21026355353868 39.34951588357943 93.5876997533674 10.051884838050327
809 58.548522377691306 25.359640235738034 70.02796356411511 10.047002059420741
810 70.68718681117734 10.795894354697538 25.702811792716254 10.009230642214101
811 39.14918044376249 40.23287032993471 116.3723613977112 9.965993784517929
812 41.74023253818882 14.487411952225056 35.602367875113664 9.963834318874374
813 69.88452294129435 35.4560659768618 22.242446761123063 9.943747663130216
814 57.31154712615841 20.919743192985344 87.19789261480406 9.921246259275406
815 56.56522960650122 41.98248896189584 57.15153223471057 9.886203533474733
816 109.72808814027508 8.596906908977848 115.2108883883165 9.882288106816144
817 102.66659089764109 39.78495523827763 16.366385006474545 9.87109190129368
818 37.134124564940535 7.508565553191926 13.663293542808155 9.839072616806611
819 23.793156737151133 15.076221814420824 20.88350721242487 9.806481456414915
820 49.27633380877238 19.918976916985795 106.76920668165542 9.790328386461514
821 30.601336806781273 23.822397297505262 27.707833935301206 9.78558044904392
822 62.861401720157225 37.87262289020057 75.14408750209323 9.773245755385112
823 92.22981406558425 9.735262863070641 108.15361265572557 9.763030636152246
824 76.97854135928606 38.05843822447059 116.8444344306584 9.756158204271076
825 54.56465058124896 29.581090199546075 47.26231067634361 9.727686055847972
826 109.73105735686245 17.34557471040359 140.70896801297334 9.722813280691708
827 97.41295207499014 18.375118315208066 120.71779023892805 9.715978139163273
828 66.86923682732044 6.935935546837344 59.810540811871896 9.699106363997432
829 61.12918359041085 42.20059380861158 45.88608265456746 9.63606490607953
830 67.692927131922 43.304110677998224 139.38363460457632 9.624881277274916
831 84.76301698082803 23.170349487647393 92.08025323671785 9.620296980381799
832 104.75033504958367 35.80390347523494 33.95755429556997 9.600673995997205
833 82.10896699520076 9.245601622855052 60.15896521431772 9.600444753363725
834 49.507830506573356 41.536743584792504 124.77366316919372 9.58954318320966
835 110.96265811543826 33.397579591828446 24.394841400723088 9.566105792256662
836 58.27132074974319 8.422165388534271 141.4835515699174 9.549590739167392
837 110.09934459193282 29.22269680986866 133.88893525819702 9.52688109282997
838 52.86039463303379 11.076933726805096 73.78491926060764 9.491990186252373
839 91.03137529400507 33.790518883452066 29.719051000862144 9.4876480809727
840 79.42816036780911 34.34777253676444 32.798864703442696 9.457385937941254
841 23.79585270338041 26.71572727181335 19.29629394502998 9.442890103757545
842 99.58635372826265 9.680975307860228 27.170524026432 9.432799187723418
843 108.17871450713749 6.88312724570047 19.541805440961483 9.425267282163999
844 86.0349548472571 9.337399153549564 125.9418456353934 9.42177475679547
845 71.88532162879241 38.404506543101384 63.24737983094906 9.417677378283262
846 7.421864176061512 28.431010199762344 133.32502869768058 9.388396877097565
847 46.9686401756203 43.59219457346366 7.869894726208881 9.368522979697834
848 64.78508629424965 19.98040504623269 77.71998548058936 9.337797531415013
849 118.79418832466295 39.22130690079548 125.40086036329014 9.30096582535566
850 41.48624701014114 21.66961392200703 139.47746448659205 9.27600392030078
851 51.70016096579223 28.932924801354353 122.89446318226814 9.2758584980681
852 65.11460014224754 38.470380201084645 117.15086064668279 9.2734646320805
853 54.56780504439628 38.24881214551255 142.18921150589216 9.250320147002448
854 116.2854836075576 9.448715132044706 137.3463334446744 9.231792859378256
855 96.36101159719092 29.029827389768073 41.58863174306859 9.226565270473959
856 140.02504579638983 41.036644633673184 17.567793860453435 9.17489601424873
857 33.324825688748994 28.475356593020525 122.66766968382082 9.154233563855884
858 10.669020482584838 30.53310144327233 143.77174407636187 9.1502102507969
859 113.50926484878008 10.43834669958819 29.34864948916796 9.149147685768044
860 134.185186915339 12.609218861140539 132.4685556446646 9.090682101632202
861 33.251569953094524 22.936993288481084 9.49480542952958 9.081177470954167
862 68.20557251536756 28.623859753386355 14.124131135424571 9.080610086600945
863 26.228788971749015 10.257719271560847 8.501924246312802 9.044273838255654
864 63.055657932255485 22.633274182968705 35.87057820356074 9.040596147027923
865 82.95203779270562 6.50609300105589 143.30773766102686 9.038334438552512
866 79.21502792894526 26.05420018889918 22.351017449676256 9.027285809606605
867 125.9291867748185 25.543462542274717 20.196231147862058 9.008552359078148
868 81.16933038857411 45.25658366832807 12.495789123497628 9.008270809151153
869 141.071687102032 14.020567134615469 17.330732065179348 8.979819666933954
870 13.316155709705082 20.21734846933354 20.216728600710358 8.96329074199058
871 90.34726292004027 40.147079286814154 5.861542544723118 8.950159069362195
872 114.48463811622123 7.08546737798194 8.177562542009978 8.87415904784898
873 78.05023972826346 15.15879391795123 94.13082365806503 8.867338156552135
874 94.40597955330178 32.81887241834352 110.64859799341146 8.85935302942962
875 93.9812014033902 27.979520041093565 10.884188041441943 8.82554793416793
876 92.17940172189053 8.614879207561652 70.34911819466865 8.814437689968683
877 58.68417555821464 6.778848420116154 27.38756578039086 8.80950377615324
878 86.18434887543941 21.069407381863257 5.867641093353711 8.760251674445078
879 45.92304170302505 40.06843515926079 106.99162927253427 8.755529978866953
880 66.72258237061705 16.442660116090387 64.30457310434583 8.73798598926582
881 58.19338386615814 11.797786436118596 109.81450326679871 8.735758656088683
882 83.57314423332978 41.33716154237983 106.72620326444348 8.66858628162138
883 72.73918606422016 22.808306359257795 98.28489450875306 8.617028576894928
884 124.1064973644806 23.300373420496822 8.329666796530251 8.613691474849002
885 122.08755102914971 24.661043169878564 134.35448388269646 8.576863928416111
886 34.00171923849016 7.208179380257768 24.02348103185228 8.541107922530664
887 129.21665627537263 34.78673493497885 142.4091835802087 8.532190708919416
888 71.58070113373478 29.719717170847147 76.49207474010872 8.524558647542316
889 52.302358349866296 42.24848804274776 79.13280331260653 8.52365029799531
890 93.31165197155981 29.589133604947747 128.86462786363236 8.516049147315158
891 88.30368566994215 6.911835413183596 27.536025713231084 8.498811810015251
892 52.307027582024226 33.465342849218715 73.39558008751811 8.49645052565805
893 118.67641351664795 40.33189486831727 27.86039551110236 8.461974655099196
894 79.26570598712117 38.798804923084795 133.68670116213818 8.456208513361055
895 102.13943147011717 25.989194089637643 126.21877125962155 8.449491871297496
896 68.6298210730147 27.441584541580372 129.19124189934172 8.435601952328351
897 64.59773425299296 19.812190666635395 108.94438461688544 8.433832713754404
898 42.80840639228128 25.586701149898033 18.05992103028808 8.424418226675922
899 8.354336235540371 8.825540905047813 136.88060910022296 8.414169817210427
900 60.439875070989835 29.750504931677902 7.037659992451906 8.402523606798264
901 81.74514947499246 7.003664559232668 35.73846478873085 8.402348984791933
902 79.34136663579447 16.579249475424735 16.20455728013475 8.388630933589424
903 110.96511360774966 43.9978843849366 21.62545839215386 8.385539674733332
904 96.71103020584653 38.5742375938169 72.33883253559586 8.382126095370033
905 45.16108193063013 8.111106882329333 106.46533960041016 8.377859116142623
906 54.72725546456713 44.16162789031725 133.5271947137002 8.357862912813715
907 88.90885482884882 35.90879393825037 45.42559022081335 8.350897558991038
908 98.43444994512994 26.43728225793985 63.71167793796846 8.350732838200138
909 80.00926818214933 23.47602726375733 42.03533108419013 8.341701714947837
910 71.41297048899781 43.29773326451976 49.15979795893835 8.326113385030611
911 69.2738357483859 38.84376017322693 127.4475457724943 8.323565881407331
912 75.61888241135435 35.259502069700254 142.89748226397543 8.321765767320223
913 10.574009964855183 36.7268755177719 8.478660137086479 8.321200395388665
914 42.53962383317335 6.149920534322707 120.44799712335912 8.311933766532945
915 97.87938992383752 24.51617422687785 92.80531383753329 8.30262593359573
916 49.27692476916368 26.582286594279314 98.73586717291252 8.302579156808537
917 41.41790784122699 25.462025952579555 32.21529092238907 8.29438410206882
918 123.97268634199183 8.78259549726801 24.286137238627113 8.272107757837386
919 66.4257682362913 23.34694444986567 120.45132547531098 8.262560272684441
920 85.93604674623701 38.32041896434096 20.041831852806578 8.259084392494135
921 83.58211256461425 31.59682145696853 122.19093609884067 8.212545972718654
922 41.24364553069896 35.904055409319824 34.24108139044957 8.21093963480118
923 52.523958955741534 7.312456936412693 87.32241939560936 8.209858110808105
924 59.791156453116244 44.178964983860226 85.59451894343404 8.196072568650424
925 27.059298288570595 16.260241116184588 131.21271796158368 8.190171058441244
926 48.22529517049456 28.950075428484688 141.95492601312938 8.186096875913565
927 74.63305658305674 12.674425738832479 6.549866663636314 8.185378915745446
928 56.1122713163042 6.64756481251533 56.14474391375645 8.182139017445095
929 96.26001586643731 25.115750228910983 23.00959184556601 8.181545417658768
930 48.65173235365218 10.292715600923268 95.57272161119559 8.172162258113213
931 140.26276460061237 19.068298247692965 7.569128366014569 8.118686016972816
932 49.619856454467495 31.48275164918723 89.72541969715661 8.108493011208651
933 28.521806216428963 37.16040100377484 20.7980002783922 8.1018352585839
934 7.7956914195466505 42.70288933593102 133.2208177676716 8.071806816682042
935 46.91640711044913 6.319708562158818 8.858311439722806 8.053898994156821
936 73.70495313350384 12.115818172653489 131.18465016374216 8.050395374269527
937 101.58359234954168 14.384954981703178 104.08057104139905 8.04006751462091
938 105.3400922817482 20.051941852179716 37.6777343510843 8.03992382026312
939 80.37850434355298 43.30501583940619 125.13043733250353 8.032706730421431
940 97.59429354043037 15.229835558127043 78.56819677378569 8.014403543951293
941 90.41368964789709 22.980772180646923 142.63812089783917 8.01010407302121
942 97.47742430682118 42.61324514206399 134.76968264397047 8.00174101546302
943 120.55878722879565 5.176671079734316 15.61396141126212 7.980559430931766
944 109.05999603719026 44.438784066202174 40.62054584646581 7.9757520900730405
945 15.345785955292676 16.17852494961013 129.95601693603675 7.972501674824402
946 47.186661612132596 30.204932425319285 8.333048260433301 7.964017409591651
947 94.10024927992619 4.188539027824652 16.83599724152068 7.954966605905373
948 81.38493408712304 31.917124331835055 98.00760469179744 7.953771856676608
949 67.86933535529408 5.8052511706652 7.271792185198378 7.942910896735522
950 66.5359571123248 18.68724800469328 44.17063632218295 7.94201886500171
951 87.7737571553879 12.840221547855029 77.9648145545214 7.939674392070567
952 126.17072658681178 7.586900734967719 139.0381148504606 7.934009563608363
953 113.0990363917075 31.581231251895815 116.54720564748314 7.929495701659432
954 33.93971492751003 43.464109189874165 126.4513071139811 7.927293875088533
955 118.57962865458627 28.46031817431317 143.27480711559105 7.923991588949006
956 93.25439010775844 7.211903536533498 96.69769195835448 7.919115163468803
957 6.389912346742252 28.993604931527564 19.411256551574986 7.9144652302733665
958 90.56717911588059 9.079781106790955 50.28155316027021 7.886876902085307
959 114.7128644074546 43.93310234750764 5.747316443356347 7.886211875407726
960 98.08138427062946 4.822853081930357 119.58250103607924 7.877673165216694
961 54.9640884578778 17.918986870005266 61.86207499057558 7.8654081072973865
962 107.18121516907662 43.2572795013223 119.78480785410832 7.856626128731242
963 52.61375879019891 13.962724308406155 117.78313946127435 7.845734879300569
964 70.9180957673595 43.61620995175286 81.47999573390481 7.8394067655156885
965 138.43097683560333 9.054947862902257 8.780526603850696 7.817307974344622
966 90.43824371350216 11.517677239357827 138.48986708502775 7.815624301984711
967 79.78419489242012 44.55369384252254 56.2170754686051 7.815489934805763
968 69.43665579361479 3.979156449713017 135.4522484780381 7.8115253758483085
969 141.2713659441104 37.90200295021194 8.218688418178886 7.799062132710385
970 104.59769846801738 35.67820967016865 126.88659797739321 7.79851311263421
971 125.29256737831264 45.38837850385904 5.743967539958782 7.788996275326459
972 22.10451256597222 6.254639448467407 131.44651794243143 7.784736937583375
973 29.637499019031903 19.022720314893657 144.41056458088374 7.784259170955261
974 85.80980012383364 42.22551186985957 36.58076069952272 7.775380864274959
975 5.826715403449696 19.439605260896364 137.49017651128256 7.749003433208126
976 64.55290108984887 16.288529511452015 143.73462840186488 7.721459169829156
977 57.04590318491903 26.268590108222522 110.05801113539479 7.715286832732868
978 145.06829365514304 25.421218848275192 129.93512889390618 7.712150959056281
979 109.03558543882326 9.593378247134213 129.33073687753227 7.706176413596884
980 137.24684485506523 44.245323645906524 143.10026236287595 7.693731035965806
981 39.41168556258183 21.893716562252457 112.58517782022975 7.688401706669449
982 51.41486974418396 7.6040837322541375 33.49351648548642 7.68767580368025
983 66.5378947643427 6.6299573200689865 35.16859436977235 7.686151163516646
984 57.50837998229531 4.718146975670445 130.11903269363805 7.6847494249612165
985 40.15029225645165 35.06208740542203 144.5970416584686 7.670821161899493
986 76.70746068249335 43.32790240001002 23.742024751024914 7.667513722404191
987 83.8604534508987 6.184333003673994 102.48522855079278 7.666110936187376
988 40.18189687599154 45.25508916270373 33.483802732693064 7.660765023187839
989 87.94114699299998 20.110281184077692 15.872208515627118 7.657166817483983
990 57.07163050165207 7.755953251352555 6.098572504125213 7.613923618869938
991 118.79569863388927 29.05119089632917 126.02801107942012 7.610767225563297
992 79.98407746409708 8.583436913477675 69.81441644231502 7.592147653608807
993 93.61335358670902 41.61327054870447 80.57344924889101 7.572007291673263
994 58.48492892721898 36.913069706993234 66.29302468329665 7.57102646525353
995 10.136205702244439 42.31314176947602 143.20121068216932 7.569321040540629
996 29.806735908335348 32.28291895345041 11.251183127737258 7.564698682548732
997 64.70559264631518 31.56988405154795 61.94371377752203 7.560168603009984
998 51.12934475917008 26.491058070386035 81.72593345239065 7.558920232242086
999 24.93596440016908 6.070784242883276 26.218783710765603 7.548704934371372
1000 127.33865658837907 19.569585117617734 142.5436208687446 7.533395599698078
1001 127.71949694662129 41.79313452464695 128.66963057643312 7.532344556770104
1002 57.62074775543996 19.22087062818813 46.432210208544404 7.5287269153825385
1003 98.36681779315528 39.0127907881104 40.61210996443191 7.505710747218538
1004 90.47050476870457 5.335901023446117 38.91749888871677 7.503382593118193
1005 56.97610717318897 44.011061237224716 111.58081562990078 7.474795655074919
1006 15.683494838393372 22.41433716170014 139.4784354931347 7.451776435043039
1007 28.945117422431032 37.9393139183136 144.8557312731302 7.4505213123987115
1008 87.77503779546838 23.622740218548273 80.40517967599266 7.449666231890689
1009 69.3357142102209 41.82165105962868 91.9347767787117 7.444162647851087
1010 94.23261075269497 5.919107195545444 79.89110899562768 7.42561005520894
1011 123.51767762878575 42.659311165020824 141.28954043870732 7.41992764189968
1012 75.85063700902776 25.111279714227784 118.54943082050309 7.419824388918753
1013 103.4194268128421 29.094930150072443 100.30809318861735 7.413243168193925
1014 66.6883105551312 43.9166906883918 16.93766850780109 7.395469232594786
1015 122.09069919203506 19.13862979822531 121.72043079503506 7.375865350004868
1016 57.01464386870803 21.266853927165428 6.428102695696185 7.361537481775511
1017 98.96240108326384 6.860332178646051 41.45340538270047 7.355249002325069
1018 92.80306127654848 44.569777229885624 21.26036907578009 7.3270635260514325
1019 87.49916715549882 36.000571488250095 64.2215465945304 7.326940903261244
1020 106.84862866819401 19.563241629007905 24.077704533821404 7.326457511199418
1021 58.10241671746375 11.03131708117058 38.72538920678915 7.322558979840419
1022 67.0162297650793 31.5431871167239 33.002866965265085 7.313951694196817
1023 142.24736705136482 22.4600529221372 142.1808440332466 7.302711060813424
1024 30.150384891857637 5.972990849924301 122.12047695382134 7.292238094320435
1025 72.7398799843945 4.513953208832871 43.20779913326582 7.286091453960748
1026 105.13277894120122 31.984214935218812 46.133820956489586 7.277818315595871
1027 53.950523033330946 42.960957213366804 93.49422507001071 7.27420754072064
1028 62.084383511501365 34.33223000854356 52.87883456506792 7.273131713720874
1029 108.74280910259625 37.07142248133237 9.063376177686552 7.26821075754469
1030 51.8267913232277 41.01871014327078 22.157572708146738 7.254339713239006
1031 68.52445250074035 31.634095078629002 138.4823440439107 7.252252257166074
1032 93.08606467821471 42.0789881628152 111.57255038291206 7.2318330749693
1033 122.91209328962832 9.32526205262484 129.34720679024767 7.217608228632104
1034 72.16193402272955 40.801759339410964 7.2040526289934546 7.204671030129569
1035 37.61588706705335 5.46743095651274 33.08658820207873 7.193741386786423
1036 47.41384678663395 27.77646665991074 131.53439053633863 7.1903035580511006
1037 23.31793192997862 33.587548262848586 125.2565048509986 7.185980949175141
1038 81.1150151492747 19.83352603797433 124.05018873337636 7.172975930997049
1039 98.44025940860509 16.239653982617742 144.3312253037599 7.161943499556273
1040 88.32768871284453 26.453633305983388 46.833625689530976 7.153879402648425
1041 63.276197852144236 17.215144069455533 26.058917051347056 7.144802382346505
1042 80.23671643885336 43.424776231289535 141.93320300229104 7.132132877605271
1043 18.666177702336217 18.3519012282583 8.162904322170608 7.11989778460593
1044 78.33357433030301 26.143934746520316 66.15007914237961 7.118643907812819
1045 86.8921516301816 6.585274170593906 116.36654171021216 7.118573422939195
1046 99.27741527106735 36.60664949197677 61.145227658243 7.086519172314881
1047 99.80409845454085 37.94837344976237 142.7120880502894 7.08211509187964
1048 22.37417699191606 43.195570347063615 4.367989041215527 7.079785822390024
1049 100.25479856063704 31.430388326595487 135.44932756702087 7.066118312779359
1050 92.89406737489367 6.038923633576622 131.89443933399548 7.057499284221347
1051 53.22795019557319 18.503720885226386 132.77758099857667 7.0498471423043645
1052 62.894791725894976 41.62646057462874 29.084867579696976 7.047986320807725
1053 132.56076115485385 42.043896042917794 9.363303870906599 7.029581398778164
1054 102.85017915626827 44.973799983844444 8.07917172471498 7.015153393539126
1055 80.92605237877517 43.43586215584206 45.56714629717139 7.014910985817982
1056 145.29033463112873 29.29037942089237 11.970056943422561 7.0148507195067875
1057 66.31797855554659 9.305092528206925 77.95646954121301 7.004084236810241
1058 18.906425065591506 25.273646914290126 127.02169330855591 7.000729929033646
1059 43.253409593610606 32.5022534558463 42.22870518421505 6.998511223353556
1060 71.95199521400578 7.089065206326115 72.2683212329926 6.992283226283355
1061 63.68604424575341 7.27064322250314 85.71483698710131 6.990965608661049
1062 109.06281643942826 7.330013219637185 37.70663688564475 6.980880140634623
1063 135.38944383282987 7.480396529471661 21.5448409661309 6.980366649098617
1064 87.78569732934741 42.96732645310463 132.91131629320847 6.978940632426022
1065 68.7701975387523 8.573611152561817 146.08907381881988 6.9764170913740156
1066 45.094329714587424 44.59992444606538 145.3702721691781 6.976076385127815
1067 17.775132618705324 31.71384011130223 11.867615596856881 6.972953448078123
1068 52.614005426973584 5.003984335625673 116.03797391874531 6.972546631166899
1069 41.84545630919757 30.50406362973517 112.11258188181327 6.968478197731923
1070 126.19581176566001 17.800536983554103 129.1179134086622 6.9672436713052415
1071 50.12355845650326 18.60795042755663 146.09544747895754 6.966884033867129
1072 121.16416231626208 34.726983644373156 137.6555791898841 6.951456044697345
1073 99.28144087592999 25.7233611106727 31.838990674401032 6.93804317626178
1074 108.78754358748337 18.352550802044846 5.756122233019445 6.933005701748167
1075 83.04830300285255 4.153318384888088 133.5432708099684 6.928687091201819
1076 48.68917917495925 4.064864401411211 129.98027803576787 6.927342502367829
1077 50.45593922740324 20.880720991302894 74.60938512309563 6.926796862812619
1078 32.7559125507481 44.21518848749187 25.495140795860202 6.921683477410436
1079 99.9989190115655 8.107173702301505 128.03923373103316 6.914707536945013
1080 90.07719157291608 4.067893552409362 61.5457107490378 6.913255774723539
1081 85.03424486993171 44.13546087195071 97.52066459764684 6.909823784116332
1082 58.554566599972674 29.93521219409695 78.92730134623528 6.903597371942952
1083 100.38633003682337 31.390891725582954 118.85584538859266 6.902467577255541
1084 64.53345050645679 30.918140230208834 108.26281584197407 6.88098481590103
1085 70.42919280681133 4.437424371627388 110.67005161691114 6.879525533196862
1086 75.02123997156946 12.553164098824226 140.85713391799163 6.861644413314496
1087 142.90257564141967 9.236624109299287 130.72040351374136 6.859131123501633
1088 66.7244956650449 6.387513522363827 103.2729165836106 6.8556472254292515
1089 67.56334772640139 4.6450467825116135 17.351082972465907 6.8518268719621895
1090 38.54525973904809 4.797440178683245 112.06500027166841 6.836644384881724
1091 85.87557935410807 44.48712238541058 62.91839863719369 6.835379257416133
1092 107.52691629895727 20.444695459557195 131.56881391930406 6.8263551193125585
1093 104.79313796995685 45.06953455171126 29.555636866570346 6.821791614572657
1094 41.6558076482783 13.356529680347794 113.64416824693285 6.821083961056436
1095 105.69127300933971 18.760273780491868 46.455318357602316 6.81650514236327
1096 131.52710766387614 12.562221483713246 145.32715778017862 6.815939891750452
1097 109.10745727767039 29.979337825975033 143.57133376497447 6.812272963862609
1098 42.11502357269552 32.8671931825638 127.76705394657405 6.805056263807222
1099 62.19774505401092 3.889901361386469 111.92757023650424 6.80229417325929
1100 55.53290581367924 45.05170911758223 70.08475116799411 6.798419959045395
1101 25.095215027708868 44.668006856243146 124.15032085980475 6.797864831372059
1102 37.51293821966637 5.32180994503461 128.98086571387412 6.79733984990918
1103 31.312281325831293 33.082888049372364 130.80016364642677 6.792756690789986
1104 87.66327699013061 28.252654455385468 19.55998933313765 6.780094236863483
1105 122.81970456266879 29.692774674417002 28.065457001143614 6.7792749537080805
1106 7.050872698372848 38.42092307042272 19.065113142491498 6.776189825164938
1107 13.968855807391105 35.43964143701467 130.55267240746133 6.7706073716366255
1108 70.95662829494817 43.91393907463655 109.24275046413314 6.769698639680608
1109 102.86494857690705 46.0743189518769 142.9291359353872 6.76589327116557
1110 60.33001327521068 22.809558066058834 99.28255977314349 6.761447303745835
1111 65.467011577118 19.886681405029492 134.5659704329866 6.752839015404652
1112 99.64344422147956 20.264862308753365 13.325241215608882 6.749540270593206
1113 61.28516501225751 4.6622533355847215 69.29738572615312 6.745916891193428
1114 116.90253057002555 16.54194304028337 128.77132893321547 6.744667318500097
1115 51.680271370067395 46.51271114367605 36.010492160906786 6.743803022256738
1116 34.17472002332952 6.2161157231519235 3.6133142374517226 6.743704392829466
1117 16.053535334811354 6.830723240878789 20.831047526237104 6.741053081739453
1118 6.928113059293129 12.584997724410833 19.252442863953885 6.728887399036719
1119 73.87176261119329 24.34196337985746 110.42652238965007 6.727480129909879
1120 79.31245203063646 5.243313358018154 119.45317629462279 6.727172714081089
1121 61.543970587376286 43.48444282233889 124.23644130349803 6.7147770062591166
1122 86.29203367116205 12.557160041842964 41.6513578010807 6.712980723884555
1123 126.72316828255056 34.05593386251878 124.38194542238543 6.706280778154371
1124 142.08763907389132 31.14517717165328 142.15509993687962 6.696663034913522
1125 93.3203942324145 14.690726686588473 22.318116927953977 6.695689924129605
1126 76.8658111300285 39.36142706822328 94.69278277295724 6.6909631352112005
1127 50.82619722650012 8.844183790373181 63.47630660385768 6.685506371325266
1128 70.40040969805027 23.020473634044812 70.78811037695328 6.679678198038455
1129 145.29114809767728 27.417174964003113 21.0100730740064 6.660561977588752
1130 101.5828676187004 12.820586618158972 112.6306308740418 6.655432481678799
1131 42.48525775593097 46.615973861509275 17.121103389610415 6.646729558839435
1132 129.3761977919553 16.026729775562995 21.307975844429354 6.641771241305102
1133 93.08520037329063 40.442772795253305 103.01929369288098 6.633098575417559
1134 52.44773889031958 18.38373771831885 21.113033767376557 6.627824945411327
1135 37.348493308990996 25.6906815326524 131.62477796580927 6.618210479777197
1136 22.68861543826002 32.91161515659097 26.28146895916944 6.6141566186011405
1137 91.74068486759167 29.901776334073386 58.854498767726106 6.6066095887729865
1138 42.71780802943335 5.102988032897768 39.65060624655261 6.5895777522154155
1139 82.3775262771573 29.136115327497237 144.00110739233378 6.575437497070024
1140 10.739826524006386 4.471941683926033 145.09179591289322 6.5695413283728925
1141 116.96869663432628 9.352526319315576 121.9681915542398 6.568364948936451
1142 54.140965832304985 35.282714754822294 115.36676918218404 6.559476922137755
1143 36.91839640881646 5.816664664070919 146.57717680945126 6.551813799215033
1144 85.28690477187773 43.35003538877058 27.509192434644234 6.547628098616567
1145 28.598002201771966 14.415717181602112 29.814385224421613 6.5456838871280585
1146 89.6042508159538 3.9539436560146317 86.8657818271371 6.545237244437699
1147 81.07557403354755 7.680631786309017 78.83299758219297 6.535789955756249
1148 72.1204431410261 23.028718107159957 27.247467902910195 6.535559962365543
1149 99.78614328303432 3.9561513569867626 68.91236224860532 6.530565194895431
1150 100.46906703183429 30.17973583531303 144.8428096026966 6.523159193296344
1151 48.75653024102046 23.362921173105804 65.513994461557 6.514693845278826
1152 126.86997656272416 36.90636112695672 4.123478591625774 6.506286799607543
1153 35.00735268170507 20.783091741444778 18.071322796061594 6.500995138715069
1154 92.8011506178291 35.58495551562774 15.371478894169321 6.494723389525122
1155 97.78700053923771 14.282223187075388 96.1978608824686 6.487274924839401
1156 16.244223090963597 32.31551426744127 21.743810546560876 6.484839836645227
1157 78.14417728952644 7.602156247874398 19.53806783693838 6.478987357016749
1158 120.54716831553053 16.287769758097546 29.017869356591305 6.476565088911494
1159 79.95873618527878 4.618846057960578 111.14779917129022 6.47288927499504
1160 30.0561443049389 16.28951782146665 120.79041469741702 6.470000613204002
1161 120.83642452887472 5.287996081412465 146.5631427970858 6.462057076801299
1162 59.26296405806298 3.2644141905887194 92.25358694122943 6.461224981748176
1163 125.77989574378618 3.841953483081676 5.688867114326964 6.458389522887689
1164 47.403815555370485 37.990260200023705 97.88481507669319 6.457297831502803
1165 110.5676459674599 44.0637512066428 128.0074926682581 6.453819726728658
1166 100.74181977069668 34.582153654818114 24.362185343639617 6.452544718274261
1167 42.96839585944266 20.049226949479447 46.07071992240285 6.442947787834694
1168 78.0464419070127 6.024887098865357 95.42632374246978 6.433796606015599
1169 78.56317821137348 34.00648737520142 41.95100987644235 6.4336915061723445
1170 68.75419111908339 21.976140692393653 4.3078430139889 6.429811707315367
1171 84.99740557516125 27.913304794826637 131.51320014722256 6.428862960698481
1172 98.36475727069744 45.24940020056783 34.220009132836466 6.427098280518683
1173 70.66902434382312 21.2604638412931 85.56601769111282 6.425498110707918
1174 83.93907378251794 45.55166633760179 74.1814886985852 6.421858365015712
1175 63.05525593565117 29.75233644291371 42.73702474577934 6.420663472729774
1176 100.4656067857197 34.505049458181155 8.218346223399946 6.411911404567606
1177 75.12917450502222 31.38541582118004 124.22125956176409 6.405945847435808
1178 73.13898776985954 46.77662001358136 68.4010559757579 6.403718386585652
1179 11.079836012765655 46.11109616805778 5.189688991178208 6.399811771953665
1180 52.1367713347601 5.04996151533804 102.12744744649578 6.397237120686523
1181 48.27206477851802 22.58119892006451 116.86481386043218 6.39275790229742
1182 84.09530540574451 4.982235980111912 46.60274847209811 6.388199665777906
1183 78.00211087240892 16.72374643511301 66.01227678258631 6.375885648568541
1184 118.93687085611518 16.388018989064115 5.1892445465124 6.368122474634071
1185 107.54141940177647 15.884779239676535 14.135177843068702 6.365722191325663
1186 69.85442528579422 42.30603317846601 100.3510130768097 6.364610584678524
1187 29.447661979027593 29.047641378913934 3.4943721386213857 6.362362385982257
1188 99.24054534668292 10.10885171177787 49.63989672838582 6.361105060961165
1189 89.06384191365913 15.307157781038821 98.65525060927197 6.356723968597942
1190 138.9174626398725 45.72533677493709 5.932900208256221 6.344299563372494
1191 142.97153912966482 4.868431661038867 15.236730718810346 6.3435404120190295
1192 52.32447840207452 9.560377926276661 124.99420902706879 6.322823584105081
1193 37.01601924187029 30.830952572635166 5.6716292290749255 6.317128496006433
1194 93.08746571796543 33.27120241934175 100.12010918284024 6.308872663617965
1195 12.863684703674066 3.567321025127941 131.07143449322004 6.308186358597773
1196 116.48542862969235 43.71025718273974 117.7815393433788 6.303136535669939
1197 108.51608088711436 32.00574574736666 109.3526353862772 6.303088913965982
1198 71.21918857270893 3.2026957854761475 93.21522834634699 6.302071986670462
1199 75.55309796002194 5.879251406559603 53.71940733342666 6.294354800624902
1200 30.15034562850867 33.59802946332898 28.490380723834818 6.2933834470548575
1201 94.95836657052052 44.025610806042444 13.387713514543771 6.289988457693088
1202 116.63802871449052 28.87783248962404 18.12438317523229 6.289015847159364
1203 97.78443864019522 4.052740722110279 89.09490005134812 6.285453578513655
1204 116.90223274627877 3.4400085622401404 127.95744568682301 6.28444950514138
1205 20.35551314254897 22.410574602224152 146.34427414754308 6.282629616786697
1206 46.898261127050304 32.20371477415896 52.069576618189366 6.28202256688831
1207 98.64239531715745 44.13352270341283 65.99080761060596 6.27800310141137
1208 7.640495980438409 14.287825411731593 143.7969555992484 6.273710217838282
1209 97.86233053549628 40.41567752483077 28.24932031069855 6.250518924650784
1210 26.52261883674358 26.958628921535595 128.937178503295 6.250234507706656
1211 91.89621495388751 44.551405111429474 145.99292214892654 6.249275661871767
1212 73.33499194996051 29.000848572815926 59.70127660031667 6.234497532540777
1213 47.20421567996948 46.12472346271764 54.13431539970422 6.233355950327914
1214 90.81453220189502 19.20753523224708 53.49608862849649 6.224661013030261
1215 83.29042120060895 26.42504527512542 30.374427527668743 6.221544252283294
1216 31.235911696776906 44.94589836987646 137.83999816243204 6.216037757374121
1217 96.51217503228828 34.73424134380646 49.12901863786278 6.21149577677105
1218 134.1862990710212 21.277908292177834 127.12154072905032 6.206541641367058
1219 57.17707436636454 26.82294919463422 29.578899953098286 6.196235717865056
1220 63.68981595645351 44.39114820978081 65.00849043973233 6.190430218139479
1221 55.4305036720058 35.42768076906969 128.9476121907563 6.181424485825109
1222 58.40263490584255 26.46319508829367 146.70566343308525 6.180811057898687
1223 42.11461508109742 27.98268634623615 120.02344952800793 6.179932054882994
1224 17.340304920199642 5.641198709170343 3.199891642814217 6.176944418993987
1225 90.8144823831283 21.909438709105167 60.55205347054562 6.1671940144555055
1226 85.99216776296177 32.73280027151817 108.371569143278 6.161322149784388
1227 85.13330294986073 18.004107470937978 136.22509735150334 6.1603964968339575
1228 36.467412831407614 17.42023114377399 133.34213197832702 6.15622985729121
1229 46.269225893675156 12.599416426080925 3.0801293797540508 6.148594533534228
1230 106.77503419324188 4.247307778248373 106.6492747763155 6.147604987334187
1231 93.44764591655496 6.159805403822306 3.47152288774888 6.147148139616073
1232 92.65380046257172 17.962314481630983 112.67259305961942 6.146251191523901
1233 5.79881940342187 4.187052888393064 15.591750722386358 6.139712934824184
1234 129.11926330925957 4.620458260041291 17.15615017274099 6.136331692424662
1235 53.85556795243033 17.000534267159352 97.83927568336844 6.133988701088411
1236 84.6663050270596 16.446384219571563 143.83604190850951 6.128876510582851
1237 99.6439258707185 21.363053302470163 4.506180669542121 6.12864584670837
1238 86.44035879549823 36.909060448927136 81.46158793316589 6.127834695822294
1239 82.3340876028004 5.71675888133721 88.33072985846452 6.126840148614787
1240 120.347239328218 31.49098322826732 3.470540261409171 6.124017775377851
1241 37.17464853321712 43.83439072723562 146.88079666092847 6.116978768157297
1242 8.012208919925387 20.197001743047334 128.21018101452583 6.115188538601085
1243 86.34549225395627 11.569252497680688 19.813162413309406 6.109226830567669
1244 73.39807721847572 29.813081920528102 37.79149217406201 6.106482862381867
1245 55.72275669758412 3.6544281676549053 79.40849780637826 6.103170954297001
1246 51.91878563912401 26.531048693252906 37.47799126435554 6.102625661598124
1247 29.007532239848736 38.617518801919 121.52217480202309 6.099121918635882
1248 99.23962757798834 3.6286438868382582 110.27477138770439 6.089521433105274
1249 94.58107681451942 44.50258613373908 45.873709214253026 6.083308894500546
1250 28.59860070795345 7.421887389546363 17.00613516815611 6.074988479204611
1251 62.06457229045336 43.789274780918376 98.9683670557743 6.074968997707204
1252 90.18402022665138 31.18568567776751 91.79673697839867 6.073583320468593
1253 121.53053496855672 34.15224519547341 21.930384682230404 6.070645992000632
1254 106.45073563990225 6.274461835252473 47.240868773968835 6.070567301172004
1255 66.82002364428075 5.435128878523178 118.09949874478735 6.0700349923864785
1256 70.43730699902021 32.981083497775565 95.85142484132929 6.06696250275677
1257 5.751785507007865 46.38872008061164 15.532779616277846 6.064935645671838
1258 66.19441509298542 26.538011983363425 24.045177787557144 6.06071834969695
1259 56.93942069899611 17.595903027337567 140.70413387275235 6.059127348985179
1260 81.00794459609948 34.83298366227078 59.558352542634445 6.053731154237665
1261 24.936833620401014 43.42120865034988 26.67139332355639 6.050453217268833
1262 89.7060231888615 23.480393964709044 39.59453812192992 6.04975993293117
1263 125.21525866153978 4.412975681342746 123.49858329220264 6.048487568539981
1264 62.70295746667415 35.87837587102844 145.8578344525361 6.046133950341779
1265 118.5774919500215 15.778904371596118 144.10977044599926 6.043806145617419
1266 39.30455951929179 24.246634747143748 40.30607476902776 6.040922172855467
1267 61.626121591520366 46.276355534534105 145.93425413266093 6.037538804760541
1268 45.034160624628406 44.23811927193101 26.013805684184426 6.030250491955481
1269 59.51200426956886 13.242986347013925 80.79841258059771 6.029924137120506
1270 21.761849369023675 44.538367452226794 146.5341485586435 6.0086239748489625
1271 136.11132548402014 21.86504091903909 19.78389751348907 6.0023656609947285
1272 100.98834868778732 46.50894197328013 41.11266694405137 6.001194048935436

