// ================================================================================
// CHRONO WORKBENCH - github.com/Concrete-Chrono-Development/chrono-preprocessor
//
// Copyright (c) 2023 
// All rights reserved. 
//
// Use of the code that generated this file is governed by a BSD-style license that
// can be found in the LICENSE file at the top level of the distribution and at
// github.com/Concrete-Chrono-Development/chrono-preprocessor/blob/main/LICENSE
//
// ================================================================================
// Tetrahedra Data File
// ================================================================================
//
// Data Structure:
// Node 1 Node 2 Node 3 Node 4
// Note: Node numbers are zero-indexed
//
// ================================================================================
444 442 297 1190
705 721 847 800
735 1131 766 1078
855 792 1095 774
1260 1044 1212 751
916 772 1110 814
1037 480 1247 857
429 834 954 811
582 607 583 425
1264 1031 1222 737
194 131 145 1250
643 340 440 797
362 493 1027 1164
1256 755 1186 1251
712 444 456 1190
1134 795 741 1258
785 910 1169 1055
442 521 297 1190
474 471 916 1235
329 411 330 740
483 925 945 972
870 758 791 1118
145 131 211 1250
131 169 79 818
1156 628 841 1136
0 1 228 2
3 7 475 1242
480 496 484 1247
295 1216 1241 1007
656 191 708 665
328 326 1014 986
527 545 559 940
698 672 703 927
780 806 880 950
755 772 1027 1251
694 788 1016 946
1252 1008 765 1238
702 721 389 847
708 695 696 1224
1200 647 922 1078
192 204 695 1224
495 1037 1101 1107
802 947 843 842
818 935 1229 788
608 602 599 1087
937 744 787 1013
495 403 754 1101
621 620 1206 801
1147 793 951 992
735 988 1268 1078
555 520 509 856
1193 861 946 898
370 417 1052 829
883 948 831 765
421 24 490 25
735 1268 1131 1078
477 475 1242 945
453 906 1267 853
188 35 28 899
696 1043 791 1224
708 696 791 1224
691 875 878 1237
129 687 688 1116
33 1117 791 1233
612 638 319 1100
1043 863 861 819
561 350 416 993
1043 870 758 791
880 806 1212 751
1221 834 1142 851
684 1054 1176 1029
1041 810 795 1148
799 929 875 1112
1246 864 1219 1175
493 338 479 879
1022 741 1258 1219
357 358 845 910
500 470 814 1269
128 211 818 1116
33 164 1117 1233
1138 749 982 812
863 1117 1250 819
745 1246 917 1219
866 743 1104 989
653 626 870 957
169 67 807 757
638 621 815 801
1193 996 735 766
129 211 128 1116
35 17 188 28
635 631 628 1200
210 928 780 749
159 210 780 749
66 877 983 810
775 753 867 784
375 974 1249 1055
913 660 957 1106
470 1077 814 1269
43 865 966 1075
852 911 1221 896
568 576 581 953
725 709 659 664
258 122 1086 865
887 226 1124 980
682 683 730 1187
684 716 1054 1029
740 921 824 1032
621 643 1213 1206
1123 849 1072 1001
1197 572 787 1013
194 886 1250 999
807 990 788 1016
351 350 562 993
64 154 891 901
917 1246 922 1059
266 18 19 9
898 917 1219 735
738 251 1086 1236
994 997 809 801
1238 993 904 1174
1089 807 1041 795
274 457 275 1270
649 626 624 870
900 862 1034 800
266 274 276 995
70 936 968 1075
471 501 473 932
19 27 445 995
447 446 300 664
687 818 935 1229
645 144 143 1117
1216 387 1241 760
883 897 748 796
620 825 1167 1206
646 381 635 1261
1032 824 882 1226
825 815 1206 1028
491 494 477 945
728 705 900 800
156 56 51 619
1002 806 825 961
96 83 98 1080
1008 765 1238 779
737 1051 919 1111
806 880 950 764
524 536 535 1105
72 1050 960 844
233 754 1007 759
750 578 1130 787
953 750 991 895
316 415 315 889
196 947 802 1231
1221 1098 851 1036
1012 852 1177 824
483 121 497 1024
239 285 278 1039
191 708 665 791
641 422 408 763
235 1109 1047 1211
363 815 797 829
479 338 336 337
466 295 1270 1007
420 755 1251 1005
321 380 944 1093
493 439 879 1164
1 228 12 975
233 754 1270 1007
648 119 118 999
870 1043 758 1067
738 1086 1227 1236
334 337 419 834
825 1246 745 1175
628 821 1136 1200
749 159 1138 982
575 568 1123 991
880 1128 793 1183
254 277 752 1047
203 791 863 1224
834 429 954 760
248 1205 973 794
209 881 1099 1088
821 1153 1200 735
1113 828 961 880
21 22 162 23
358 357 356 910
41 198 286 836
257 453 216 283
319 415 611 1100
1037 754 1101 1107
1220 357 845 1028
249 265 287 1208
247 259 926 1071
166 609 37 608
970 953 1083 962
270 268 804 1096
689 723 673 1229
1082 892 889 822
646 1136 763 1261
257 255 387 1241
1035 1138 982 812
471 473 472 916
645 634 118 999
384 336 337 811
150 589 1033 860
994 892 809 822
581 576 1197 953
953 750 895 1083
806 1028 1212 773
591 86 62 175
782 1041 864 1148
210 100 928 749
624 628 870 1156
67 45 877 1089
791 663 1233 1118
895 827 890 1083
234 242 248 973
453 283 1066 853
1113 55 928 828
194 144 118 999
219 221 976 1259
471 473 916 932
916 755 932 1164
105 69 1085 1099
721 671 308 800
214 151 854 952
1225 751 1214 833
159 77 1138 982
297 1053 1190 856
588 582 1001 768
1227 738 1236 1139
1067 933 996 763
565 570 1218 767
182 36 268 804
484 496 383 1101
248 201 189 1140
624 629 1156 957
217 291 853 1264
53 73 180 492
99 492 1180 930
877 1021 1041 769
545 85 564 1149
663 665 654 791
141 140 117 546
303 610 304 441
1202 867 1105 1158
414 321 1272 1172
268 271 804 1096
960 152 823 1248
697 731 1170 862
740 890 942 1064
333 413 974 1144
646 629 1106 763
936 896 1111 738
1033 1070 1015 1114
786 1008 915 940
854 826 1265 1114
551 536 832 893
1153 757 898 917
959 903 1029 775
597 569 584 1087
906 834 1121 1221
304 263 441 606
652 623 620 961
238 1150 778 1047
589 114 149 150
1043 791 863 819
387 257 1241 1066
1035 886 812 757
880 806 751 764
808 993 1252 1238
89 1061 1162 748
911 335 852 1121
123 45 1089 949
436 1178 964 822
52 102 156 1245
755 1108 1251 1005
1184 678 798 1163
153 113 1045 823
671 900 1034 800
1246 812 1167 1266
998 501 932 889
1081 948 1126 1252
1001 887 768 1011
396 344 1054 903
609 182 605 804
1109 942 752 1047
771 1039 966 789
70 174 936 1120
860 1218 767 978
1022 785 829 1175
834 334 906 1121
572 574 937 1013
741 1041 1258 1219
501 486 473 932
197 130 79 935
842 756 1004 1017
366 1220 1178 822
1215 866 1104 756
716 700 959 1029
144 33 164 1117
237 451 1109 1211
179 1033 1263 1204
724 656 654 655
435 321 944 1272
52 99 89 1162
144 145 33 1117
55 94 928 828
469 487 501 889
531 528 908 774
1138 77 1035 982
458 683 733 1048
1128 845 997 888
922 735 988 1268
476 1210 1058 925
514 507 931 869
903 817 1029 835
407 438 1001 1011
741 946 1030 800
1180 209 748 1088
196 947 1231 762
1212 950 773 751
55 102 101 1113
583 582 425 424
786 956 1146 1203
1052 813 1014 986
258 122 1065 1086
486 314 493 1027
1222 1259 737 1111
575 849 1123 1001
405 582 588 406
227 252 224 955
680 730 715 913
1083 740 1032 874
632 622 1167 1266
695 682 1043 863
1041 864 1258 1219
862 813 1034 1014
496 384 1247 811
333 328 868 986
283 453 1267 853
90 103 805 1147
403 754 934 1107
614 613 1077 1151
585 584 165 166
863 1153 861 819
702 391 733 766
654 655 657 680
854 139 979 1204
448 459 299 1179
721 308 454 800
1072 885 955 837
63 172 843 842
169 1035 982 757
840 920 1144 839
536 835 1105 790
263 262 441 264
1266 917 922 1059
398 431 378 1165
1156 1067 957 1106
662 666 663 1118
329 310 939 1064
647 1200 1261 1078
878 802 1237 1112
772 916 755 932
359 361 347 761
897 883 1119 796
446 709 447 448
817 799 1176 1029
802 1074 1185 872
813 1022 785 1052
302 403 754 934
928 1113 828 961
886 999 1145 819
1128 1044 880 1212
845 1178 822 779
392 449 933 1078
685 692 743 871
764 1122 1214 958
453 216 283 1267
956 92 987 1239
584 150 166 1087
1020 1073 1125 842
741 813 1258 862
812 757 821 917
86 591 97 175
83 157 85 1149
1141 979 1204 1114
255 257 256 1241
879 337 811 1142
1122 782 756 901
64 154 63 891
782 864 950 1244
621 638 651 801
472 480 485 1069
724 696 680 758
539 534 1095 938
404 754 1101 1216
336 384 496 811
861 996 1193 1187
913 299 1179 1257
708 656 665 724
1198 805 748 873
1186 1084 1108 1251
950 864 1175 1244
194 118 119 999
211 204 863 1116
1067 1156 841 933
482 481 472 981
222 227 1000 1265
666 639 640 163
438 407 398 1011
1030 735 1268 1131
828 1113 1060 880
439 420 337 879
757 1153 1145 821
799 1202 1020 1185
392 410 465 766
476 485 480 857
60 115 114 1263
695 688 682 863
156 617 56 619
1043 1067 841 996
652 614 838 961
1104 866 989 756
96 208 1182 958
387 466 1216 1241
100 181 644 749
647 635 381 1261
648 76 119 1035
191 190 656 708
192 190 191 708
256 260 259 985
107 159 1021 983
665 191 791 1233
669 191 32 665
190 191 656 665
191 190 32 665
745 1115 797 829
1223 736 981 1181
996 861 1193 898
101 94 55 1113
472 479 1069 879
925 973 794 747
818 211 863 1116
19 266 9 288
501 487 486 889
656 665 724 654
163 639 143 164
815 1028 994 801
337 834 811 1142
828 780 961 880
649 624 627 870
554 1129 869 1271
1077 961 1151 809
1193 946 847 766
391 702 847 766
870 1043 1067 841
1246 1002 769 864
618 611 487 889
626 653 625 957
741 862 800 1014
820 881 1235 1110
676 1152 1240 884
902 927 762 1157
580 591 1230 937
1235 916 1110 814
100 644 928 749
466 457 404 1270
653 660 625 957
352 355 354 770
951 1147 992 876
916 1069 755 879
1028 815 994 997
644 623 928 749
403 404 754 1101
420 439 755 879
479 493 879 1164
1073 792 1262 756
1242 499 945 899
813 743 920 866
459 410 763 1048
204 129 695 1116
292 271 1096 1023
696 682 730 1043
673 674 694 1016
450 404 1101 1216
212 248 202 126
329 376 1032 882
807 982 1134 757
295 255 256 1241
666 639 163 164
694 705 704 946
418 440 1115 797
794 35 899 1195
684 685 732 1176
164 639 1117 1233
170 68 914 1076
449 381 1261 1078
1217 761 1137 1046
627 628 634 819
1205 249 1006 794
669 191 665 1233
287 265 13 1208
806 825 961 801
354 368 1186 1108
34 666 163 164
1134 807 788 1016
1028 806 1175 773
408 410 449 763
397 277 236 1109
256 232 1241 985
211 129 204 1116
1092 837 895 1049
1122 1040 1262 909
204 203 863 1224
495 403 490 934
105 91 89 1088
76 648 119 118
695 204 863 1224
1040 792 774 1214
1128 1044 888 793
77 76 1138 1035
388 384 429 954
94 210 928 780
299 410 408 763
660 667 642 1106
487 611 316 889
475 478 1107 1058
881 209 1180 1088
632 78 76 1138
713 133 132 872
419 1005 852 1121
118 645 144 143
780 107 1021 983
248 242 126 1143
1082 998 932 889
579 576 593 1197
233 293 754 759
786 1010 951 940
432 785 1052 986
672 47 703 949
1024 120 1090 914
1030 741 800 1014
636 622 633 1266
346 548 435 322
975 499 1242 899
739 286 836 1071
996 1067 763 1048
483 925 972 1024
1008 831 1252 765
782 1215 1244 909
717 686 1231 762
176 57 58 1062
1218 885 1070 767
826 854 789 979
802 1185 843 872
292 222 227 1000
54 637 56 55
536 539 530 1026
881 1235 1110 748
821 841 1136 1200
93 94 101 828
208 155 1004 958
751 764 1214 833
1084 977 755 1110
628 627 870 819
689 673 694 1016
833 876 1080 746
33 203 192 1224
452 1054 1201 871
94 107 210 780
660 650 957 1106
56 637 617 1127
839 1215 1104 929
791 1117 863 819
1169 910 773 1055
620 621 651 801
644 100 637 54
181 100 644 54
78 181 644 54
1002 1246 749 1167
628 631 636 1200
721 454 847 800
79 169 67 807
29 1063 965 1234
175 591 956 937
111 90 92 1239
594 586 993 808
119 648 886 999
576 593 953 1196
1262 1122 909 756
946 1193 898 735
766 996 763 1048
757 1134 788 898
359 462 761 967
1100 638 815 994
838 1113 961 880
810 891 1243 901
353 362 1027 1251
317 319 638 1100
927 697 1170 878
372 351 770 993
723 687 935 1229
1117 145 863 1250
660 657 913 957
1216 466 1270 1007
550 538 1062 1254
832 1003 944 1272
722 46 949 990
813 741 1258 1052
743 813 920 986
1170 795 862 900
128 130 687 935
145 203 33 1117
487 316 486 889
668 446 300 1257
830 912 894 1042
560 557 559 940
419 834 1005 1121
916 1069 977 755
130 129 128 687
1089 949 795 927
539 832 790 938
734 160 1192 1068
623 1002 749 1167
123 703 949 927
681 702 733 766
133 713 134 802
689 694 704 946
474 471 472 916
459 410 299 763
861 1043 819 841
1067 870 1156 957
1033 577 1141 1015
1067 913 763 1048
829 910 1028 1175
651 638 815 801
130 197 46 723
653 870 758 957
881 820 897 1110
643 630 797 1206
169 818 886 757
754 457 995 1270
635 628 1136 1200
391 847 1131 766
648 119 886 1035
542 761 1046 1207
675 676 677 1152
494 483 945 972
702 1193 946 847
538 532 1095 1188
676 699 678 1184
156 55 56 1127
1054 817 1176 1029
834 954 811 1098
89 104 1061 1198
780 1002 806 950
723 46 722 990
982 1035 812 757
639 143 164 1117
585 599 597 1087
709 725 715 913
1227 941 1236 966
745 917 922 735
503 679 504 931
274 267 457 995
662 654 653 758
531 537 530 1026
763 459 1048 1179
1028 806 997 801
191 192 708 1224
627 649 870 1118
101 102 177 1113
645 639 627 1117
695 688 863 1116
482 1160 1094 981
100 94 210 928
67 169 982 757
694 689 788 946
870 628 819 841
177 101 1113 1060
134 196 802 1231
26 27 302 20
628 870 1156 841
539 536 832 1026
144 164 143 1117
657 653 758 957
1098 834 1221 851
703 123 50 762
32 34 33 1233
391 343 392 1131
1082 998 848 814
208 98 958 1080
408 646 763 1261
417 418 1115 829
612 1100 892 994
994 1028 997 801
1067 1156 933 763
838 614 1077 961
1100 365 889 822
757 812 769 917
933 735 766 1078
1020 1112 1185 1125
639 645 143 1117
614 616 838 1077
753 526 867 784
640 662 626 649
672 673 990 795
633 634 628 1145
1134 1016 946 741
159 77 181 1138
650 629 624 957
997 994 809 822
858 754 759 1107
108 173 810 901
682 730 1067 1187
721 454 389 847
501 469 998 932
1083 740 962 1032
1246 745 922 1059
818 131 886 1250
692 731 743 1034
949 672 990 795
104 89 1061 1162
107 210 780 1021
1136 933 763 1261
672 673 795 1170
618 487 469 892
408 449 381 1261
80 170 1102 1076
486 932 1027 1164
688 687 818 1116
654 657 653 758
428 341 382 988
1082 998 772 932
307 720 386 1034
812 632 1167 1266
197 45 949 990
735 922 1030 1268
628 636 1145 821
576 593 1197 953
696 730 680 758
191 33 791 1233
194 119 886 999
655 658 657 680
1220 815 1028 997
614 1077 961 1151
654 724 655 680
318 638 643 1213
260 1066 853 985
681 996 1193 766
657 654 680 758
841 1136 1200 933
638 317 815 1213
288 266 276 995
852 911 1121 1221
658 657 680 725
299 446 1179 1257
203 33 1117 791
841 1156 1136 933
983 782 864 950
1153 819 821 841
689 688 1229 788
725 680 715 913
11 27 19 995
629 650 1156 957
1135 760 1098 1103
1066 1241 760 985
631 1266 917 922
725 664 661 913
1167 825 1059 1206
417 745 1052 829
702 1193 847 766
730 683 1067 1187
705 702 946 847
423 641 422 409
282 217 830 1264
1037 476 1210 1058
626 624 870 957
989 902 762 1243
1186 353 1009 1251
1259 976 836 1111
641 667 423 422
1153 861 819 841
690 685 743 875
1030 327 1052 1014
616 470 489 838
657 680 725 913
250 251 738 1139
594 915 808 781
1153 861 996 898
1073 839 929 756
662 626 649 870
417 326 370 1052
55 100 54 1127
317 365 415 1100
864 1022 1148 1258
410 449 933 766
922 647 988 1078
362 493 439 314
11 27 995 934
131 194 886 1250
626 662 653 870
624 628 627 870
358 1220 845 1178
353 362 315 1027
785 1175 1169 773
630 922 797 1059
693 682 861 1187
1182 208 1004 958
469 613 892 998
828 780 764 1199
203 33 791 1224
785 370 829 910
630 922 988 797
972 193 1024 1102
209 1162 748 1088
295 275 466 1270
701 713 1184 872
709 447 659 664
76 632 1138 1035
176 549 1254 1188
745 1022 1052 829
483 1058 925 1160
274 275 233 1270
834 1121 1221 1142
124 125 241 1143
731 674 1170 900
1093 832 1209 1166
1180 881 905 1068
328 386 1034 1014
687 688 818 1229
381 647 382 339
1053 969 856 784
716 959 1054 1029
1147 1060 793 992
1043 682 1067 1187
493 362 439 1164
1106 641 763 1257
365 364 315 924
457 302 404 754
977 1084 755 1142
479 1069 879 811
534 539 790 938
772 1084 755 1110
777 1119 919 1012
669 34 32 1233
864 1022 1258 1219
922 745 1030 1268
122 70 39 968
475 7 499 1242
33 192 191 1224
1041 983 782 864
1202 799 884 1074
306 326 327 1014
885 826 955 837
612 638 1100 994
1019 779 904 1174
250 220 221 976
1134 898 917 1219
362 755 1027 1251
687 818 1116 935
702 391 389 390
728 731 671 900
1167 1246 1266 1059
366 357 358 1220
286 198 739 836
274 233 276 754
233 293 276 754
256 1241 1066 985
1085 881 1099 1255
284 219 220 976
827 771 895 890
810 1089 1041 795
343 391 389 847
648 634 633 1145
1022 813 1148 1258
650 1156 957 1106
997 806 809 801
449 410 933 763
308 721 454 389
452 313 684 871
839 1166 1073 929
745 417 1115 829
357 358 1220 845
490 5 498 934
107 780 1025 983
646 635 629 1136
419 368 1108 1005
935 990 1229 788
363 464 815 829
1041 769 864 1219
745 825 797 1059
51 52 156 1245
886 1035 812 1145
897 881 1110 748
1136 1200 933 1261
702 681 1193 766
667 301 423 422
633 812 821 917
709 446 447 664
318 317 638 1213
446 668 300 664
913 661 1106 1257
758 1067 913 957
680 657 758 913
448 458 459 714
641 646 408 409
664 913 1179 1257
449 392 933 766
299 913 763 1257
812 633 1266 917
658 657 725 659
390 465 458 733
628 636 821 1200
1200 933 1261 1078
1200 922 735 1078
667 301 422 1257
1043 870 819 841
633 812 1145 821
1092 771 827 1079
683 715 1067 1048
847 735 1131 766
725 709 664 913
422 408 763 1257
657 725 659 664
715 683 714 1048
1136 635 1200 1261
702 391 390 733
861 1043 841 996
933 449 1261 1078
657 725 664 661
503 502 679 1056
1246 769 917 1219
628 821 841 1136
636 631 1266 917
612 651 638 994
428 392 1131 1078
845 357 910 1028
667 642 641 423
325 593 962 776
757 788 1153 898
870 624 1156 957
1208 16 899 1140
343 847 1030 1131
1153 861 841 996
51 489 923 1245
1069 485 1223 857
1107 475 1058 846
633 628 636 1145
317 318 363 1213
650 660 625 642
169 886 1035 757
788 704 1193 946
169 79 818 757
1163 798 943 1234
446 448 299 1179
892 1077 809 1082
422 641 408 409
1022 785 1175 1244
500 470 998 814
357 829 910 1028
316 486 315 314
1095 1254 1188 1017
1089 877 810 1041
669 666 34 1233
973 248 794 747
913 1106 763 1257
408 299 763 1257
913 763 1048 1179
463 420 362 755
299 459 763 1179
417 327 1052 1115
446 709 448 1179
200 678 132 1163
996 933 735 766
661 667 1106 1257
714 913 1048 1179
646 408 409 381
93 828 1060 992
917 745 1219 735
1153 841 933 996
112 154 901 1004
1265 222 952 1096
208 95 96 1182
773 1040 751 909
1006 975 1242 945
704 702 1193 946
693 861 1193 1187
886 812 757 1145
353 354 1186 1009
621 638 815 1213
861 788 946 898
840 1215 839 1262
1113 101 828 1060
403 421 402 934
623 620 1002 1167
403 402 495 490
631 636 1200 917
853 1221 1031 737
396 959 903 1029
1246 1002 749 769
755 420 879 1005
473 493 479 1164
19 288 10 995
840 785 1244 1169
922 745 1268 1115
26 421 302 934
18 19 20 445
321 944 1172 1093
920 868 986 1144
547 400 541 856
704 705 702 946
317 363 357 815
1241 1007 760 985
749 1021 982 769
864 1002 950 1175
1002 1021 864 950
159 158 1021 983
216 217 283 1267
340 630 988 797
1002 1021 769 864
479 338 337 879
864 1022 1219 1175
906 309 830 1121
55 1113 928 1127
1232 1130 823 937
1056 513 969 856
271 289 804 1023
564 88 157 85
639 666 640 1118
855 1217 1026 1003
703 47 123 949
45 197 807 990
613 470 1077 998
59 550 116 1062
837 1092 1097 1049
456 297 1053 1190
64 63 49 947
46 45 47 949
1265 1000 952 1070
274 754 995 1270
662 654 758 1118
1020 938 842 859
388 450 954 1216
317 319 318 638
472 473 479 1164
278 251 244 1236
346 548 542 361
888 1082 772 822
157 564 85 1149
998 1077 848 814
319 611 612 1100
845 1220 994 822
25 11 4 934
745 741 1219 735
841 1067 933 996
990 673 1229 1016
440 341 418 1115
1134 946 898 741
341 417 418 1115
667 660 661 1106
392 933 766 1078
368 335 419 1108
674 728 694 900
890 895 970 1049
769 1246 864 1219
251 250 738 1086
159 749 1021 982
101 93 828 1060
818 79 935 757
660 650 625 957
946 741 900 800
367 372 964 1174
682 1043 861 1187
634 648 999 1145
70 936 1075 1120
1060 880 793 1183
308 307 306 800
654 724 680 758
1021 877 982 769
867 524 1132 1271
32 33 191 1233
79 169 807 757
812 757 1145 821
780 159 749 1021
440 341 1115 797
228 1 858 975
148 193 972 747
587 560 88 1203
666 639 164 1233
810 1041 782 1148
101 94 1113 828
1229 689 788 1016
649 627 639 1118
879 755 1005 1142
215 285 273 1039
1217 531 1046 774
295 256 232 1241
996 1153 898 735
212 248 126 1143
910 1028 1175 773
1007 1216 760 1103
730 680 758 913
1049 1097 752 1047
629 646 1156 763
715 714 913 1048
634 628 1145 819
812 1246 769 917
1002 780 1021 950
635 647 631 1200
830 853 1031 1264
415 611 1100 889
749 982 812 769
493 338 439 314
705 946 900 800
730 683 715 1067
247 260 1222 926
614 470 616 1077
1043 1067 996 1187
1153 821 898 735
384 388 450 954
744 1232 937 787
362 420 439 755
881 1180 748 1088
646 635 1136 1261
1076 1192 736 1051
282 385 279 1042
295 275 255 466
806 880 997 809
415 316 611 889
806 961 880 809
327 428 343 1131
641 646 1106 763
340 643 440 1213
315 1027 889 924
343 428 392 1131
1259 739 836 1071
1044 1137 1019 783
935 807 990 788
964 770 779 1174
682 730 1043 1067
331 385 894 1042
27 302 20 445
958 1214 746 1188
896 1038 1012 1177
641 667 422 1257
1123 849 991 1072
533 534 1158 859
1067 913 957 1106
803 1256 1186 1126
1077 838 848 1269
1002 825 1246 1167
870 1117 791 819
1246 1002 864 1175
1239 786 1146 951
660 657 661 913
54 100 928 1127
1256 1186 1009 1251
219 1259 836 1071
636 821 1200 917
1186 354 882 1126
839 1215 1073 1262
146 35 148 1195
754 495 1101 1107
734 936 919 1111
104 102 52 1245
1153 886 1145 819
347 904 1091 1207
250 976 1031 738
433 911 852 824
476 480 1037 857
916 1069 879 1164
772 1256 1009 1251
153 956 823 1248
316 319 415 611
985 1135 759 1103
741 1022 1258 1052
1084 897 883 1119
312 452 1201 871
950 782 1244 909
27 25 26 934
1173 805 793 873
317 357 1220 815
873 987 1189 796
1084 1256 755 1186
1246 825 745 1059
1030 745 1052 1115
638 651 815 994
745 417 1052 1115
180 161 1180 905
24 5 490 25
327 1030 1052 1115
647 382 988 1078
109 96 93 833
651 612 892 994
979 854 1204 1114
191 708 791 1224
1031 976 1222 1111
480 484 1037 1247
477 483 1058 945
362 493 314 1027
1051 734 919 1111
527 559 557 940
80 198 984 836
387 342 1066 760
35 188 189 1140
156 102 55 1113
368 420 463 1005
246 234 759 973
404 457 754 1270
212 126 124 1143
27 11 25 934
456 444 297 1190
126 125 124 1143
615 618 613 892
335 419 852 1121
1221 1031 737 896
328 1014 868 986
1189 744 1155 915
458 459 714 1048
1101 1037 1247 1103
1134 757 769 917
735 922 988 1078
636 633 1145 821
536 537 832 1026
1135 1228 925 1160
803 1084 1256 883
421 403 302 934
498 490 934 1107
581 953 750 1015
548 537 435 944
383 403 402 495
1083 1032 776 874
534 538 1095 938
27 302 445 995
1100 892 994 822
866 743 989 902
1036 1135 1228 850
612 611 618 889
267 266 445 995
1222 853 737 926
415 365 315 889
1259 219 1222 1071
402 421 24 490
306 386 328 1014
815 1220 994 997
5 3 498 4
782 1215 1148 1244
257 453 283 1066
146 148 972 1195
1002 620 825 1167
976 219 1259 836
1169 1215 1262 909
1135 1098 1223 857
857 1223 736 981
745 1030 1268 1115
737 1221 896 851
935 818 757 788
325 431 330 962
486 493 473 1164
421 24 25 26
880 780 950 764
383 336 384 496
811 480 1223 857
278 285 215 1039
575 576 568 953
334 429 834 906
1158 533 859 918
1235 500 814 930
635 647 1200 1261
954 1101 1247 1103
267 274 457 275
293 276 754 858
92 207 97 956
429 384 337 811
471 469 501 932
125 126 241 1143
288 9 10 0
495 403 934 1107
18 266 19 445
484 478 476 1037
1006 975 945 794
206 270 804 1096
1037 1210 759 1107
1205 1006 973 794
496 384 1101 1247
266 18 267 445
819 628 821 841
613 618 469 892
629 628 624 1156
295 233 1270 1007
853 1066 760 985
19 27 20 445
284 286 219 836
170 120 1102 914
466 388 387 1216
353 463 362 1251
806 950 751 764
127 193 747 1102
849 962 1165 1196
146 121 494 972
10 11 995 858
120 121 193 1024
651 615 1151 801
1117 627 870 1118
327 341 1268 1115
498 478 1107 846
33 34 164 1233
148 193 146 972
383 384 450 1101
1171 1139 778 894
398 438 849 1165
509 511 503 1056
139 137 214 854
275 295 233 1270
283 260 1066 853
1084 1256 883 1110
914 1068 1094 963
1162 89 748 1088
302 267 445 995
773 1260 1055 967
778 1150 1049 1047
468 277 397 752
827 1038 890 921
280 778 1042 1211
480 485 1069 857
570 1123 1218 767
951 786 831 873
224 887 1072 1011
342 429 834 760
429 388 954 760
234 1205 759 973
1117 791 1233 1118
267 302 457 995
309 385 1267 830
836 984 1051 1111
977 881 897 963
852 1221 1142 851
1260 907 773 1055
228 249 287 1208
73 180 492 905
137 138 214 1161
294 282 245 912
216 309 218 1267
497 482 483 1160
450 388 404 1216
12 13 16 1208
260 256 1066 985
754 1216 1270 1007
1038 777 1045 844
490 498 478 1107
4 498 934 846
605 182 268 804
622 1167 1266 1059
724 708 696 791
453 309 216 1267
747 242 739 850
429 342 834 906
920 743 1154 1104
756 891 842 1004
731 671 900 1034
80 1076 739 836
463 420 1251 1005
17 16 188 28
292 1000 887 767
1068 905 1094 963
216 218 217 1267
1267 217 853 1264
906 830 911 1121
10 11 858 846
759 1135 973 1228
881 977 820 963
1037 484 1101 1247
1101 384 954 1247
369 335 1108 852
906 830 853 1221
854 1033 1204 1114
721 728 671 800
484 496 1101 1247
371 370 785 910
9 19 288 10
317 363 815 1213
255 295 466 1241
995 754 858 1107
885 1000 887 955
678 701 713 1184
383 450 403 1101
777 1120 1045 844
1197 1083 962 776
1192 734 963 1051
156 1113 838 1245
961 620 1151 801
390 465 733 766
306 343 454 800
382 341 339 988
1 228 2 12
284 40 41 39
457 302 754 995
265 1208 794 1140
720 731 692 1034
1267 309 830 853
1108 368 1251 1005
476 1037 1210 857
172 116 843 859
1153 788 861 898
308 306 454 800
476 480 484 1037
243 259 926 850
414 375 974 1249
759 1135 1228 925
353 368 463 1251
851 1098 1223 1036
126 242 241 1143
990 807 795 1016
458 465 459 1048
257 256 1241 1066
806 1028 997 1212
896 738 1038 1177
671 307 308 800
821 1200 917 735
671 728 900 800
821 1153 898 917
690 691 875 878
83 84 544 1149
575 570 588 1123
1228 925 1160 1102
1120 71 1045 844
353 1027 924 1251
228 293 1205 1006
309 331 830 911
760 853 985 926
220 219 221 976
754 1037 759 1107
1006 1058 925 945
25 5 498 4
217 283 1267 853
35 189 201 1140
1135 985 759 850
180 73 1090 905
232 234 1007 759
985 246 759 850
66 108 173 983
1160 857 736 981
1216 954 760 1103
858 934 1107 846
403 495 754 1107
1037 1210 1107 1058
934 995 858 1107
120 1024 1102 914
73 481 1090 905
198 80 739 836
12 14 975 1208
759 1107 1058 1006
629 628 1156 1136
23 22 491 8
820 474 1235 930
410 392 449 766
772 1009 964 924
337 420 419 1005
911 1177 939 894
881 161 1099 1068
734 897 963 919
812 982 757 769
499 14 22 899
420 368 419 1005
975 945 794 899
390 391 465 766
35 201 794 1140
19 266 288 995
6 7 499 8
538 1095 1254 1188
108 173 983 810
946 1193 735 766
494 146 972 1195
287 2 12 13
1084 755 1108 1251
741 898 1219 735
615 651 612 892
307 671 1034 800
925 1228 747 1102
1220 1100 815 994
335 433 911 852
478 476 1037 1058
1160 925 1024 1102
249 265 1208 794
252 254 955 1097
79 67 45 807
45 877 1089 807
120 497 75 1024
337 479 879 811
248 201 202 189
945 972 794 1195
238 239 941 778
1 0 228 858
755 1084 1186 1251
1130 827 1232 960
737 926 1036 1051
40 220 258 1065
2 228 287 12
475 1058 846 1242
483 497 1160 1024
925 1006 945 794
11 4 934 846
474 820 905 930
1041 795 1134 1258
354 1081 882 1126
234 246 242 973
910 845 773 967
327 341 428 1268
1058 476 925 1160
1069 1142 851 1181
28 35 162 899
815 825 797 829
231 598 1023 1124
6 499 14 22
750 1092 827 979
1151 615 892 801
1028 845 997 1212
1135 973 1228 850
916 772 755 1110
648 118 634 999
1104 743 875 989
284 219 976 836
147 162 146 1195
248 201 212 202
624 626 625 957
131 79 128 818
495 478 1037 1107
718 720 692 1034
945 494 972 1195
1066 342 906 760
201 248 212 148
1021 983 1041 864
7 3 846 1242
814 848 1173 1269
705 721 702 847
1090 74 905 1094
881 905 1068 963
743 690 875 878
1054 1201 871 1176
1168 987 873 796
355 360 1081 808
1061 923 1162 748
265 189 15 188
35 21 17 28
309 906 830 853
366 365 1220 822
845 1128 997 1212
670 717 802 1237
896 936 919 1038
306 307 386 1034
480 479 496 811
472 474 916 820
7 6 499 1242
1090 497 914 1094
243 926 1071 850
1058 1107 846 1006
972 925 794 747
221 294 1031 1222
499 477 1242 945
499 6 975 1242
501 486 932 1027
922 745 797 1059
916 820 1235 1110
892 469 998 889
17 16 15 188
13 265 15 188
265 13 16 188
16 13 15 188
201 248 794 1140
161 881 1180 1068
1192 160 1255 984
150 36 166 1087
1039 215 966 789
52 51 923 1245
647 339 630 988
99 53 180 492
486 315 1027 889
384 383 496 1101
830 853 1221 1031
220 258 1065 1086
623 632 622 1167
21 22 28 162
35 21 28 162
16 188 899 1140
293 858 759 1006
197 79 45 807
1122 782 764 909
465 458 733 1048
820 1094 963 1181
198 39 984 836
764 1025 1182 1199
146 162 35 1195
147 146 494 1195
248 265 794 1140
982 877 1134 769
80 68 1076 984
147 146 121 494
137 139 789 979
886 757 1153 1145
23 162 147 491
366 436 365 822
999 634 1145 819
704 693 788 1193
898 1134 741 1219
249 228 1006 1208
6 499 22 8
315 362 314 1027
265 189 188 1140
410 465 766 1048
40 284 220 1065
484 495 1037 1101
462 414 361 1249
1166 799 929 875
788 693 861 1193
782 810 1243 901
306 327 1030 1014
1026 832 1003 944
642 667 641 1106
663 669 665 1233
334 429 337 834
484 383 495 1101
22 162 23 491
383 403 495 1101
1006 249 1208 794
487 469 892 889
1135 1210 857 1160
475 499 477 1242
760 954 1098 1103
436 366 367 1178
22 499 491 8
157 110 876 1149
645 144 1117 999
1192 734 1068 963
969 1056 856 784
1058 1006 1242 945
933 1153 996 735
269 605 268 804
35 794 899 1140
838 1113 1269 1245
829 785 910 1175
161 105 209 1099
391 392 465 766
599 600 566 978
961 1151 809 801
1133 1081 808 1194
539 530 1026 938
1156 1136 933 763
1004 792 958 1017
1022 864 1148 1244
788 1134 1016 946
1134 795 1016 741
1025 108 983 901
100 159 181 749
1028 845 1212 773
639 627 1117 1118
688 818 1229 788
997 809 888 822
745 1022 829 1175
252 281 254 1097
681 693 1193 1187
245 238 244 1139
156 102 1113 1245
1077 1151 892 809
373 347 904 1091
846 858 975 1006
448 709 714 1179
915 808 1252 1194
1146 87 1010 1203
210 159 100 749
591 86 97 1203
1002 806 950 1175
1000 292 1023 767
777 734 936 919
486 315 314 1027
1131 392 766 1078
469 501 998 889
364 436 964 822
302 754 995 934
815 621 1206 801
731 697 692 743
393 396 1054 903
181 644 749 1138
637 56 55 1127
845 994 997 822
1256 1009 1126 765
306 307 1034 800
629 641 646 1106
1200 1153 933 735
825 745 797 829
1084 803 1256 1186
681 733 996 766
343 391 847 1131
614 613 470 1077
682 688 693 861
686 48 670 1231
749 1002 1021 769
139 151 179 1204
681 693 704 1193
318 440 363 1213
996 681 1193 1187
677 712 1053 969
197 935 807 990
989 802 1125 1243
988 922 1268 1115
644 623 637 928
623 637 928 1127
638 317 1100 815
630 643 621 1206
888 772 964 822
100 637 54 928
958 1214 833 746
166 609 608 1087
795 741 1258 862
897 1084 883 1110
953 1197 787 1083
683 681 996 1187
260 259 985 926
688 689 693 861
698 672 927 1170
851 963 1051 1181
877 1041 1134 769
1153 821 1200 933
55 156 1113 838
1043 730 758 1067
1260 1040 1137 751
620 652 961 1151
79 197 935 807
1113 55 838 1127
818 128 1116 935
807 1041 795 1134
341 988 1115 797
1022 813 840 1148
662 653 870 758
1031 830 1264 912
712 456 1053 1190
505 509 507 1129
785 1175 1244 1169
469 471 998 932
811 834 1098 1223
813 1022 840 785
156 617 838 1127
55 156 838 1127
367 436 1178 964
1010 786 1203 940
241 243 739 850
620 623 1002 961
622 630 621 1059
342 834 906 760
1019 908 904 783
57 59 58 1062
462 1249 761 907
792 855 1095 938
622 631 630 1059
568 1218 1070 1015
765 964 1238 779
91 105 1085 1088
633 648 1035 812
252 254 224 955
951 793 1183 992
651 615 620 1151
586 351 562 993
439 362 755 1164
536 530 537 1026
648 632 1035 812
357 1220 815 1028
652 838 1127 961
16 14 1208 899
335 419 1108 852
69 734 936 1255
688 818 863 1116
956 97 1146 1203
888 1173 793 765
1070 885 1015 1114
355 354 770 1126
948 1081 1133 1194
124 212 1143 747
575 377 849 1001
41 284 39 836
864 782 1148 1244
253 281 252 826
120 74 1090 914
1160 736 1094 981
1241 232 1007 985
69 734 1255 984
57 550 59 1062
687 689 688 1229
877 983 810 1041
700 732 799 1176
483 494 121 1024
59 116 58 1062
827 1130 1232 787
391 390 733 766
40 258 122 1065
1216 1241 1007 760
255 466 387 1241
459 448 714 1179
1027 772 924 1251
629 1156 1106 763
273 253 222 1265
560 1010 1203 940
281 826 1150 1097
903 893 1093 835
1111 936 738 1086
740 970 1083 962
657 758 913 957
956 823 937 1155
171 115 816 979
620 622 621 1206
861 788 1193 946
1000 1096 860 767
490 421 25 934
982 1134 757 769
946 705 847 800
420 337 879 1005
41 198 125 286
777 734 897 1255
614 617 652 838
767 887 1124 768
643 340 318 1213
675 455 394 971
585 584 608 1087
1139 1171 912 894
69 1085 1099 1255
495 478 484 1037
1038 771 827 890
237 451 236 1109
1186 354 1108 882
597 565 1218 978
858 228 975 1006
345 397 236 1109
1265 222 1161 952
434 325 412 776
609 36 182 804
120 497 1024 1090
194 119 131 886
369 376 824 882
356 910 1055 967
277 468 397 223
657 725 661 913
122 1086 865 1075
978 767 1124 768
832 1172 1093 1209
591 97 956 1203
398 849 752 1165
803 1108 852 824
809 1128 888 848
690 685 692 743
1038 771 1227 844
755 362 1027 1164
472 479 480 1069
175 1248 1230 937
826 252 955 1097
1137 908 783 1225
467 394 971 959
632 76 648 1035
151 139 214 854
771 1092 789 979
568 575 953 991
990 1229 788 1016
286 219 836 1071
734 1192 1255 984
711 727 931 965
414 435 361 1249
518 516 522 1191
239 278 941 1039
683 682 681 1187
880 1128 809 848
966 771 789 1050
671 720 307 1034
250 294 245 912
1022 840 785 1244
825 797 1059 1206
713 670 134 802
1161 270 952 1096
174 777 936 1120
865 1227 966 1075
215 195 136 44
592 60 816 1230
881 734 897 963
74 914 1068 1094
568 570 1123 1218
1005 852 1121 1142
252 253 826 1265
1247 480 811 857
979 115 1141 1204
792 1095 1188 1017
1061 1269 1057 1245
620 825 1206 801
258 40 122 42
591 574 587 1155
74 1090 914 1094
845 358 1091 967
1148 795 1258 862
354 352 770 1126
119 76 77 1035
645 634 999 819
147 494 491 1195
309 385 218 1267
772 1084 1256 755
520 510 555 509
422 299 408 1257
215 240 195 44
492 474 905 930
60 115 1263 1141
601 229 598 1023
1008 888 793 765
1070 1000 860 767
1097 254 752 1047
849 575 953 1196
548 346 435 361
301 300 299 1257
206 214 1161 952
761 462 1055 967
277 1109 752 1047
139 115 171 1204
29 140 1063 1234
845 1260 1212 773
985 1135 926 850
1124 887 980 768
486 316 315 889
355 352 372 770
112 901 1182 1004
1246 812 769 1167
771 941 1227 966
240 195 865 966
72 71 43 1050
41 39 198 836
219 247 1222 1071
734 777 936 1255
36 206 270 804
648 886 999 1145
206 205 270 1161
948 1133 882 1194
953 593 962 1196
550 538 534 1062
153 152 61 1248
753 526 1253 867
1021 780 983 950
144 194 1250 999
165 585 166 608
853 1221 737 926
892 998 1082 889
427 520 521 298
137 273 136 138
1198 748 1088 1168
177 90 805 1057
214 854 1161 952
727 679 711 931
852 896 919 1177
697 690 692 743
86 591 587 1203
179 150 114 1263
1075 966 1050 844
335 368 369 1108
633 636 1266 917
743 731 862 1034
269 605 289 601
824 329 939 1032
584 589 149 150
341 340 988 797
351 350 586 562
815 825 829 1028
353 364 1009 924
883 831 744 873
90 805 1239 1147
647 631 1200 922
953 895 970 1083
1044 1008 793 783
1041 864 1148 1258
410 766 763 1048
563 529 781 904
25 421 26 934
818 757 788 1153
111 1146 1010 1147
317 1220 1100 815
758 654 791 1118
1086 936 1227 1075
55 94 100 928
1252 993 781 1238
666 662 640 1118
434 349 324 590
805 1198 1168 873
49 81 196 947
666 669 663 1233
586 351 993 808
349 434 360 590
360 412 461 1133
1033 1141 1204 1114
636 633 821 917
548 531 1217 1026
631 1266 922 1059
400 547 753 856
663 666 1233 1118
357 370 356 910
592 578 816 1141
1215 840 1148 1244
1232 823 1189 937
976 220 1065 1086
66 67 877 1089
628 629 635 1136
845 1220 1028 997
1044 1137 1225 751
674 694 1016 900
301 299 422 1257
94 107 780 1025
1072 837 1097 752
561 350 348 416
715 730 1067 913
43 122 865 1075
451 345 236 1109
572 576 579 1197
714 709 913 1179
94 55 1113 828
111 90 1239 1147
991 750 837 895
645 627 634 819
191 669 32 1233
815 621 1213 1206
609 37 38 36
90 805 1061 1198
569 1218 1070 860
1223 851 736 1181
849 991 1072 837
639 1117 1233 1118
1092 750 827 895
613 615 1077 1151
854 1265 1161 952
1081 948 882 1126
951 793 783 1183
868 743 871 920
293 234 1205 759
741 898 735 1030
104 90 1061 1198
365 315 889 924
1080 876 1149 746
428 327 1030 1131
1254 176 1188 1017
465 733 766 1048
675 700 699 1240
643 440 1213 797
908 1137 1019 1046
584 166 608 1087
273 215 1039 789
1141 1033 1015 1114
797 630 1059 1206
289 601 804 1023
149 584 150 166
928 94 780 828
272 460 980 1011
1133 1032 882 1226
674 673 1170 1016
892 1100 889 822
1041 1134 741 1258
1000 227 887 955
268 270 271 1096
651 815 994 801
206 184 36 270
630 631 647 922
615 613 614 1151
1168 956 987 1239
481 497 1090 1094
830 309 911 1121
49 64 947 891
921 1012 1177 824
1016 946 741 900
1054 817 1201 1176
79 128 818 935
150 36 1087 860
948 744 1252 1194
374 372 367 1174
806 1002 825 1175
81 133 134 802
326 371 370 785
609 166 37 36
607 596 582 583
150 1033 952 860
826 854 979 1114
652 614 961 1151
573 590 808 1013
180 99 492 1180
187 710 199 965
490 495 934 1107
886 648 1035 1145
689 688 788 861
898 946 735 1030
174 70 1075 1120
744 915 1252 1194
610 303 305 425
849 575 1123 991
1092 826 1039 771
584 149 165 166
344 332 1201 1018
632 749 812 1167
772 932 1027 924
599 601 598 1023
1022 741 1219 1052
861 1043 996 1187
749 1246 769 1167
92 90 1168 1239
540 141 167 168
404 754 1216 1270
38 609 182 605
816 750 979 1141
1033 854 952 1070
890 740 970 1083
1 6 846 975
206 804 952 1096
1033 854 1070 1114
262 603 290 1124
1218 1123 885 767
5 490 25 934
158 159 1021 982
58 176 1062 1017
648 633 1035 1145
679 1056 784 931
910 845 1028 773
388 387 1216 760
1123 1218 885 1070
440 418 363 797
100 55 928 1127
982 877 807 1134
131 169 818 886
709 446 664 1179
1170 674 1016 900
498 25 4 934
119 77 169 1035
1249 414 1003 1172
332 344 430 817
989 1104 756 1125
293 234 249 1205
446 668 664 1257
642 641 650 1106
709 664 913 1179
832 1093 835 1166
461 1081 1133 882
1122 764 1214 909
671 731 720 1034
471 916 1235 814
1084 803 1186 1108
825 620 961 801
577 60 1263 1141
805 1173 748 873
319 317 415 1100
601 599 804 1023
150 179 1033 1263
241 124 1143 739
726 707 677 969
689 704 788 946
38 609 36 182
577 592 60 1141
36 184 268 804
1033 577 1263 1141
519 727 706 965
271 222 292 1096
599 585 597 567
372 352 367 964
772 1082 932 924
913 299 763 1179
1220 365 1100 822
1082 772 822 924
802 717 878 1237
799 1112 1074 1185
1050 771 1079 844
222 253 252 1265
826 1039 771 789
1178 367 779 1174
464 357 829 910
262 263 441 261
789 82 1050 1079
922 745 1115 797
804 952 1096 860
1000 222 1265 1096
827 750 1130 787
71 152 1045 844
1238 1019 779 904
303 610 607 425
589 150 1033 1263
176 155 1188 1017
289 269 601 229
183 38 182 605
1265 1000 885 955
385 218 282 279
1000 1265 885 1070
184 206 205 270
115 592 816 1141
885 1015 1114 991
585 584 166 608
1202 799 775 1240
911 1177 824 939
1021 983 864 950
1186 1256 1009 1126
165 166 37 608
591 956 937 1155
615 614 620 1151
577 114 589 1263
184 183 182 268
183 269 605 268
182 183 605 268
592 577 578 1141
36 184 182 268
602 599 1087 804
577 578 1141 1015
437 400 547 753
326 432 785 1052
153 175 97 956
1218 569 1070 1015
60 592 115 1141
329 411 740 1032
222 270 1161 1096
151 150 1033 952
948 803 883 1119
437 547 893 753
557 556 940 781
826 273 854 1265
60 114 577 1263
609 602 1087 804
171 115 979 1204
1197 581 953 787
577 589 1033 1263
662 663 654 1118
589 114 150 1263
735 946 847 1030
652 620 614 1151
618 487 892 889
333 312 1018 1144
36 609 1087 804
277 468 224 1011
609 166 36 1087
115 179 1263 1204
179 114 115 1263
670 134 802 1231
1053 753 1152 784
336 496 479 811
111 1239 1146 1147
271 292 231 1023
36 206 804 952
587 786 1203 1155
723 722 673 990
229 231 230 598
253 273 826 1265
239 285 1039 1150
158 77 159 982
106 1085 1255 1120
1066 906 853 760
285 253 273 826
1033 589 1070 860
686 698 703 927
582 405 1001 768
605 269 289 804
942 778 1047 1211
207 153 97 956
826 1092 885 1114
673 723 990 1229
230 603 290 264
277 397 236 223
330 740 970 942
225 460 261 272
1145 1153 819 821
359 462 361 761
596 565 566 978
887 1072 1001 768
128 687 1116 935
877 1089 807 1041
411 325 330 740
597 584 585 1087
993 562 781 904
262 606 1124 980
492 180 1180 905
1070 568 1015 991
599 804 1023 860
1123 568 1218 1070
605 289 601 804
603 230 290 1124
887 226 767 1124
438 398 849 1011
729 711 931 798
464 370 357 910
541 427 520 856
888 809 1082 822
156 617 619 838
440 363 1213 797
686 698 927 762
788 818 1153 861
514 504 727 931
553 528 908 1046
452 395 344 1054
277 235 236 1109
627 1117 870 819
1040 907 1169 773
251 258 1086 1236
231 230 598 1124
1220 845 1178 822
591 97 175 956
1232 921 1083 874
977 1084 897 1110
887 885 1072 767
270 206 952 1096
604 1124 980 768
472 479 879 1164
66 65 45 1089
462 375 414 1249
688 818 788 861
803 1108 824 882
438 377 849 1196
993 808 1252 781
1019 1260 779 1091
466 295 1216 1241
454 343 847 800
778 238 1047 1211
363 418 464 829
115 816 979 1141
1119 1232 744 1012
285 826 1039 1150
1259 1222 926 1071
840 920 986 1144
131 119 169 886
887 1123 1072 768
1058 483 925 945
1077 892 998 1082
1081 948 1133 882
831 948 1252 765
74 161 905 1068
334 335 309 1121
543 542 1046 1207
407 468 398 1011
828 880 1183 1199
817 903 1093 1166
1072 1123 1001 768
582 406 425 424
405 407 1001 768
826 252 1265 955
573 594 915 808
68 160 74 1068
868 333 986 1144
456 467 455 971
400 399 541 856
582 405 588 1001
570 1123 767 768
921 740 1083 874
610 604 980 768
1044 1260 845 779
952 1000 1096 860
739 1071 1051 850
1198 748 1168 873
229 231 598 1023
34 666 164 1233
750 827 816 979
896 1031 1111 738
1000 292 1096 1023
941 239 1039 1150
281 252 826 1097
596 570 978 768
604 600 1124 768
1123 887 767 768
1034 328 1014 868
226 262 1124 980
418 417 370 829
672 795 927 1170
856 1056 1129 784
1108 369 852 824
600 596 607 583
750 953 787 1083
880 1128 997 809
1072 887 1001 1011
849 837 752 1165
610 305 607 425
262 441 264 606
942 1049 752 1047
441 263 264 606
317 366 365 1100
1096 1023 860 767
1040 1260 907 773
787 744 874 1013
405 582 406 425
530 539 1095 938
610 303 304 305
795 807 1134 1016
225 272 224 1011
1032 1133 874 1226
610 304 441 606
970 890 1049 942
1008 831 915 1252
577 1033 1070 1015
1067 913 1106 763
366 358 367 1178
910 773 1055 967
1081 948 1252 1194
1064 310 1042 1211
345 431 398 1165
398 468 752 1011
603 262 290 606
290 262 264 606
603 290 264 606
628 1145 819 821
325 411 412 1032
1081 770 808 1252
712 677 1053 1152
277 468 223 224
223 468 225 224
885 1000 1070 767
603 262 606 1124
1096 1000 1023 767
741 862 900 800
622 1167 1059 1206
158 877 1021 983
685 732 1176 875
213 132 872 1163
1099 881 1068 1255
1132 533 1158 918
596 600 566 583
890 778 1049 942
885 1123 991 1072
874 744 1194 1013
887 980 768 1011
179 151 1033 1204
11 19 10 995
27 26 302 934
837 991 895 970
925 972 1024 1102
235 254 1150 1097
886 1250 999 819
145 203 791 863
197 45 46 949
689 694 788 1016
724 696 758 791
119 169 886 1035
919 896 1038 1012
87 88 1010 1203
87 97 86 1203
807 935 757 788
693 689 788 861
570 588 1001 768
588 405 406 377
511 726 502 1056
820 977 897 1110
646 408 381 1261
745 1022 1219 1052
607 583 425 424
305 607 425 424
741 1030 1052 1014
210 107 159 1021
368 1186 1108 1251
513 521 969 856
741 745 1219 1052
222 1161 952 1096
347 359 761 1091
587 595 786 1155
727 519 706 515
386 720 718 1034
593 325 323 324
1232 1119 744 796
733 996 766 1048
1260 845 1091 967
351 355 993 808
352 436 367 964
795 1016 741 900
524 867 1132 1158
809 892 1082 822
511 502 503 1056
145 211 203 863
436 352 364 964
1256 948 883 765
1232 1130 960 823
382 428 988 1268
818 863 1153 861
740 325 962 1032
45 65 123 1089
467 396 959 775
772 964 822 924
481 1090 905 1094
830 282 912 1042
795 741 862 900
551 320 380 944
354 1186 1009 1126
772 1009 924 1251
792 855 1073 1262
821 1153 841 933
734 69 936 968
436 366 1178 822
615 1077 1151 892
893 832 1093 835
184 36 270 804
493 486 1027 1164
1109 451 1047 1211
175 956 1248 937
870 1067 1156 841
526 535 1253 1105
351 349 360 586
365 889 822 924
463 420 755 1251
695 129 688 1116
1184 742 1185 872
68 1192 914 1076
361 462 1249 761
681 704 702 1193
696 695 682 1043
360 351 586 808
101 103 93 1060
497 120 75 1090
853 260 985 926
613 1077 892 998
891 154 842 1004
402 421 490 934
1128 997 809 888
1128 1044 845 888
370 326 785 1052
349 351 350 586
837 970 752 1165
94 95 107 1025
112 108 95 1025
949 672 795 927
407 303 980 768
647 382 339 988
341 988 1268 1115
620 651 1151 801
358 366 1220 1178
464 357 815 829
667 641 1106 1257
632 749 1138 812
596 570 565 978
462 356 1055 967
374 1178 779 1174
1248 1130 1230 937
1087 36 804 860
1134 807 757 788
1130 580 1230 937
772 916 932 814
615 651 892 801
169 77 67 982
744 937 915 1013
1156 1067 1106 763
145 211 863 1250
1268 428 1131 1078
95 112 1025 1182
45 67 66 1089
197 46 723 990
615 613 1077 892
345 397 1109 752
649 662 870 1118
1022 785 1052 829
1067 715 913 1048
67 77 158 982
66 173 65 1089
97 87 1146 1203
825 1002 1246 1175
641 422 763 1257
827 1079 816 979
709 715 714 913
827 750 787 895
590 434 1133 776
1032 1133 776 874
107 95 108 1025
560 564 1010 940
1176 1166 1154 875
779 1238 904 1174
881 897 1085 1088
937 574 915 1013
809 888 1082 848
839 1215 929 756
329 740 939 1032
130 197 723 935
376 369 354 882
1232 1130 937 787
948 1256 1126 765
1019 779 1174 1091
1265 885 1070 1114
98 958 746 1188
343 306 1030 800
769 1134 917 1219
617 652 838 1127
45 1089 949 990
1089 45 807 990
933 449 763 1261
946 735 847 766
880 806 997 1212
831 744 915 1252
795 1170 1016 900
946 898 741 1030
1135 1098 857 1103
271 804 1096 1023
369 433 824 939
632 644 749 1167
1044 1128 845 1212
600 978 1124 768
45 67 877 807
250 976 738 1086
806 825 1028 1175
489 838 923 1245
783 951 1183 876
327 428 1030 1268
1113 838 1269 1057
547 535 379 893
877 67 982 807
941 771 1227 1171
372 374 373 1174
1029 903 835 775
1232 827 787 1083
86 587 88 1203
1082 772 814 1173
907 974 1169 1055
1067 683 996 1187
840 1022 1148 1244
1025 782 950 764
382 428 1268 1078
1215 839 1073 756
593 1197 962 776
578 581 750 1015
130 723 687 935
360 461 1081 1133
1016 694 946 900
454 343 389 847
988 922 1115 797
647 630 922 988
792 1040 1122 1214
640 662 649 1118
211 131 128 818
413 414 974 1172
817 332 1018 1209
135 213 133 872
123 703 927 762
707 517 442 1190
393 396 344 1054
1156 646 1136 763
364 365 822 924
754 1007 759 1103
673 689 1229 1016
838 1113 1127 961
395 394 393 716
427 510 541 520
1009 353 924 1251
825 745 829 1175
864 1022 1175 1244
825 806 1028 801
673 795 1170 1016
127 80 170 1102
1210 759 1006 925
401 456 1053 971
742 799 1074 1185
666 639 1233 1118
340 643 630 797
889 1082 822 924
617 489 619 838
281 253 285 826
1022 745 1219 1175
470 838 1077 1269
513 511 1056 969
392 391 1131 766
309 335 331 1121
862 1034 800 1014
228 293 249 1205
107 66 158 983
123 65 762 1157
1021 1041 769 864
617 156 56 1127
46 47 722 949
158 66 877 983
331 911 939 894
327 417 341 1115
646 629 1156 1136
107 158 159 983
551 320 535 893
722 672 673 990
511 726 1056 969
414 375 413 974
1003 537 944 1272
1056 509 856 1129
654 663 791 1118
68 74 914 1068
211 131 818 1250
412 376 1133 882
168 167 508 518
528 531 908 1046
633 632 812 1266
1040 1122 1214 909
1134 1041 741 1219
548 361 1249 761
155 154 1004 1017
920 1018 839 1154
489 617 616 838
799 1029 775 1240
1108 369 824 882
276 274 754 995
1053 971 1152 775
435 548 1249 1272
306 327 343 1030
517 511 513 969
473 916 932 1164
959 393 1054 1029
1217 548 1249 761
548 542 361 761
579 1197 776 1013
358 359 1091 967
877 1021 983 1041
818 688 863 861
611 612 1100 889
426 427 510 541
815 1213 797 1206
932 755 1027 1164
340 341 440 797
703 672 949 927
379 437 400 547
399 379 400 547
806 950 1212 751
1085 105 1099 1088
87 110 1146 1010
571 557 915 781
1213 643 797 1206
653 657 660 957
977 881 820 897
326 417 327 1052
743 718 1034 868
177 103 101 1060
1152 753 775 784
386 328 1034 868
418 370 464 829
825 829 1028 1175
211 204 203 863
757 1153 821 917
840 1215 920 839
332 312 1201 1018
426 399 427 541
974 840 1144 839
795 927 902 1157
825 815 797 1206
675 676 1152 1240
338 493 439 879
745 1246 1219 1175
399 427 541 856
1256 772 755 1251
683 458 714 1048
621 622 1059 1206
650 629 1156 1106
772 883 1110 1173
538 534 1062 938
974 840 907 1169
1053 712 1190 969
961 838 880 809
707 712 677 969
761 462 907 1055
379 437 547 893
173 66 983 810
161 209 881 1099
384 954 1247 811
306 1030 800 1014
869 798 1132 1271
699 700 719 799
1002 780 806 961
517 513 521 969
364 353 315 924
238 244 1139 778
400 399 547 541
646 641 408 763
167 540 508 518
728 705 694 900
757 1134 898 917
647 381 382 1078
1043 870 791 819
459 714 1048 1179
315 353 1027 924
932 1082 889 924
93 94 828 1199
1100 612 892 889
363 815 1213 797
821 841 1200 933
368 353 1186 1251
110 109 1147 992
1069 472 879 1164
554 507 518 869
504 514 727 515
86 88 87 1203
875 743 878 989
427 426 510 520
632 1138 1035 812
517 296 442 521
444 712 456 455
439 755 879 1164
208 112 1182 1004
510 505 555 509
959 675 775 1240
110 111 1010 1147
427 521 297 298
526 753 856 784
471 470 469 998
517 296 443 442
444 707 443 442
428 341 988 1268
512 517 443 442
707 512 443 442
512 707 517 442
521 296 297 298
1260 1044 845 1212
296 442 521 297
427 426 520 298
394 467 393 959
974 1249 1003 1172
344 817 1054 903
877 66 1089 810
712 707 1190 969
520 427 521 856
511 512 726 969
726 679 1056 784
949 1089 807 990
742 1020 843 859
817 393 903 1029
782 1215 909 756
935 79 807 757
370 371 356 910
780 1025 983 950
983 1025 782 950
954 388 1216 760
1077 838 961 809
609 602 608 1087
1073 790 938 1020
1115 418 797 829
456 712 1053 971
616 470 838 1077
817 344 1054 1201
317 357 366 1220
394 393 716 959
720 311 307 386
63 81 947 843
664 661 913 1257
720 311 386 718
537 435 944 1272
673 990 795 1016
1117 870 791 1118
1018 817 1166 1154
1201 312 868 920
275 457 466 1270
946 847 1030 800
537 322 551 944
49 63 81 947
58 172 1062 859
1128 880 997 1212
1201 868 871 920
637 623 652 1127
893 536 835 1105
437 903 775 1253
1135 985 926 1036
700 675 959 1240
428 1030 1268 1131
650 660 642 1106
241 286 739 1071
1241 387 1066 760
311 312 868 871
84 83 544 98
743 920 866 1104
799 700 1176 1029
274 266 267 995
395 393 344 1054
312 1201 1018 920
297 400 1053 856
903 817 835 1166
395 313 684 1054
1040 1169 1262 909
529 553 908 1046
300 446 299 1257
93 828 992 833
274 233 754 1270
928 1002 749 961
1040 1260 1137 907
273 285 826 1039
369 368 354 1108
729 931 884 798
112 108 1025 901
931 784 884 798
774 532 746 1188
393 716 959 1054
668 301 667 1257
1210 476 857 1160
84 544 549 98
1030 327 1268 1115
893 437 753 1253
502 726 679 1056
871 1176 1154 875
1009 364 964 924
1069 977 755 1142
755 1084 1108 1005
517 521 1190 969
1178 964 822 779
380 430 903 1093
974 1144 1209 839
1040 1217 1137 774
332 321 1172 1093
1125 947 891 1243
222 252 227 1265
457 274 995 1270
194 145 144 1250
140 117 546 918
449 408 763 1261
509 513 1056 856
813 741 1052 1014
688 682 863 861
455 467 394 971
333 432 986 1144
782 810 902 1243
1225 1044 751 1183
972 201 794 1195
726 1056 969 784
1018 312 920 1144
512 511 726 502
744 915 1194 1013
668 667 661 1257
536 551 535 893
109 96 833 1080
94 95 1025 1199
793 1008 951 783
798 1132 943 1234
59 117 116 533
5 25 498 934
712 456 455 971
413 333 1018 1144
612 618 892 889
370 464 829 910
792 1122 1004 958
173 65 1089 810
530 1026 1095 774
780 928 828 961
825 1246 1167 1059
309 453 906 1267
661 660 913 1106
386 306 1034 1014
523 526 1129 784
313 452 684 1054
878 875 989 1112
862 743 866 902
678 699 701 1184
344 430 817 903
167 540 168 508
512 511 517 969
1166 839 1154 1104
313 395 452 1054
512 707 726 969
717 686 670 1231
379 535 320 893
806 961 809 801
1112 802 1074 1185
875 929 989 1112
713 133 134 132
63 947 891 842
788 1134 946 898
502 503 679 504
663 665 791 1233
110 83 876 1149
1210 1037 759 1103
525 546 533 1132
81 134 196 802
947 81 802 843
677 1053 1152 784
893 835 1253 1105
368 353 354 1186
676 677 1152 784
835 1202 775 1253
815 1206 1028 801
828 780 880 764
1084 1108 1005 852
998 772 932 814
944 832 1272 1172
813 743 1034 868
513 511 509 1056
157 110 1010 876
1137 761 1019 1046
381 647 1261 1078
533 525 1132 1158
535 526 524 1105
845 1260 773 967
1125 756 891 842
712 1053 971 1152
712 675 677 1152
792 855 1040 774
706 187 186 185
81 196 947 802
1010 157 876 1149
1152 775 1240 884
326 432 1052 986
917 1200 922 735
327 326 1052 1014
728 674 731 900
964 364 822 924
1053 677 969 784
1018 817 1209 1166
98 155 958 1188
875 878 1237 1112
364 352 353 1009
807 949 990 795
622 636 631 1266
129 128 687 1116
1113 928 1127 961
122 968 1065 1086
672 722 949 990
578 750 816 1141
753 1053 856 784
469 470 613 998
614 616 617 838
78 181 77 1138
375 371 333 974
371 326 432 785
785 813 1052 986
928 780 1002 961
623 928 749 961
67 982 807 757
691 732 875 1237
109 103 1147 992
1256 883 1173 765
683 681 733 996
1249 974 907 1055
786 1146 1010 1203
750 1092 837 895
1269 1173 1061 1057
110 111 1146 1010
1040 792 1122 1262
381 449 382 1078
100 644 637 928
813 743 862 1034
580 572 937 787
1094 820 981 1181
644 623 749 1167
595 587 786 1203
1035 633 812 1145
537 1026 1003 944
1170 927 878 902
578 580 1130 787
392 428 382 1078
449 392 382 1078
473 472 916 1164
927 878 902 762
770 993 808 1238
867 775 784 884
648 633 632 812
66 173 1089 810
627 645 1117 819
1125 802 843 842
365 436 364 822
922 745 735 1030
771 895 890 1049
211 818 863 1250
791 1043 863 1224
697 698 927 1170
132 678 872 1163
107 108 66 983
414 1249 1003 1272
835 1202 1253 1105
1154 1166 1104 929
1117 645 999 819
551 380 893 1093
444 707 442 1190
210 159 780 1021
832 1003 1209 839
847 735 1030 1131
270 206 1161 952
654 724 758 791
1007 985 759 1103
938 1073 1020 842
754 995 934 1107
1112 799 1020 1185
403 402 490 934
652 617 637 1127
1000 1265 952 1096
489 838 1269 923
699 700 799 1240
675 394 716 959
310 331 329 939
807 877 1041 1134
863 1250 1153 819
745 741 1030 1052
507 554 1129 869
33 191 791 1224
47 703 123 50
1093 903 835 1166
818 863 1250 1153
817 799 1029 835
696 1043 758 791
391 702 389 847
46 197 949 990
780 806 961 880
27 302 995 934
140 546 1063 1234
785 370 1052 829
678 710 798 1163
891 756 1243 901
799 817 1176 1166
1012 1119 824 1226
192 203 204 1224
1043 695 863 1224
465 410 459 1048
480 1069 1223 857
674 672 697 1170
644 632 623 1167
388 466 404 1216
859 742 918 943
88 560 1010 1203
707 444 712 1190
204 695 863 1116
572 937 787 1013
378 431 962 1165
737 1221 851 1036
45 123 47 949
1117 144 1250 999
1192 914 1076 736
472 916 1069 820
723 935 990 1229
302 403 404 754
195 43 865 966
338 439 337 879
817 1093 1209 1166
1074 1184 1185 872
665 708 724 791
195 43 966 1050
462 375 1249 1055
968 976 1065 1086
834 337 1005 1142
970 431 942 1165
192 695 708 1224
575 568 570 1123
682 1043 863 861
1022 813 1258 1052
181 78 644 1138
743 697 1170 862
142 199 213 1163
798 869 1132 1063
1246 812 1266 917
870 662 758 1118
1239 1146 1147 951
68 160 1192 984
722 47 672 949
697 690 743 878
637 54 928 1127
144 145 1117 1250
696 695 1043 1224
159 181 749 1138
686 50 1231 762
466 404 1216 1270
115 1263 1141 1204
99 52 923 1162
106 1085 1120 1159
249 234 248 1205
682 693 681 1187
890 1038 1171 921
132 213 200 1163
266 19 445 995
54 637 55 1127
1002 780 749 1021
988 382 1268 1078
450 1101 954 1216
485 476 482 1160
824 329 1032 882
885 1123 1070 991
384 450 1101 954
83 98 1080 746
442 517 521 1190
1084 803 1108 852
375 333 413 974
418 363 797 829
376 329 824 882
1117 145 791 863
744 873 1189 796
840 813 785 986
723 689 687 1229
524 526 867 1105
1190 1053 969 856
795 1041 1148 1258
1008 786 951 940
984 39 968 836
817 393 1054 903
141 140 546 1063
160 734 1192 1255
265 16 1208 1140
145 203 1117 791
1015 750 1114 991
1210 759 1107 1058
623 652 1127 961
232 295 1241 1007
698 697 927 878
403 450 404 1101
928 623 1127 961
755 916 879 1164
273 137 854 1161
1146 786 1010 951
270 205 222 1161
711 931 798 965
683 1067 996 1048
629 650 641 1106
1193 996 898 735
675 716 700 959
549 84 98 176
675 712 971 1152
892 651 994 801
486 473 932 1164
780 1025 950 764
919 896 1012 1177
877 158 1021 982
727 514 519 515
1113 177 1060 1057
1060 828 1183 992
630 631 922 1059
3 475 846 1242
632 644 78 1138
393 395 716 1054
852 911 1177 824
698 686 878 762
1250 1117 999 819
1101 954 1216 1103
547 526 753 856
758 870 1067 957
751 880 764 1199
713 678 1184 872
1062 1095 938 1017
1034 306 800 1014
364 352 1009 964
108 107 1025 983
622 620 1167 1206
916 472 1069 1164
631 622 1266 1059
77 169 1035 982
1135 1228 1160 736
890 1171 778 1064
780 928 1002 749
892 994 809 801
519 706 185 965
318 340 440 1213
1220 845 994 997
633 622 632 1266
1225 876 833 746
742 1132 918 943
355 372 351 770
585 608 599 1087
1069 977 1142 1181
665 724 654 791
139 137 854 979
903 893 835 1253
884 867 742 1132
664 668 661 1257
622 620 623 1167
384 429 954 811
554 507 506 508
1132 546 918 1063
650 624 625 957
1008 888 765 779
1260 1212 773 751
742 1132 1158 918
974 785 1169 1055
693 689 704 788
337 419 834 1005
357 815 829 1028
365 415 1100 889
962 1083 1032 776
838 1269 923 1245
295 466 1216 1007
743 871 920 1154
379 380 437 893
630 621 1059 1206
645 118 144 999
596 607 582 768
730 696 1043 758
74 160 161 1068
964 770 765 1238
644 632 749 1138
812 749 769 1167
533 546 117 918
1060 805 1147 793
1250 886 1153 819
363 464 357 815
1151 892 809 801
1002 623 749 961
341 340 339 988
362 463 755 1251
933 1200 735 1078
753 437 775 1253
179 151 150 1033
731 697 743 862
733 683 996 1048
435 548 361 1249
983 810 1041 782
581 576 572 1197
1079 171 816 979
393 817 1054 1029
365 366 1220 1100
14 975 1208 899
1201 871 1176 1154
674 697 731 1170
612 618 615 892
1084 977 897 919
755 772 932 1027
539 524 1158 790
49 947 762 1243
1041 1134 769 1219
731 1170 862 900
741 813 862 1014
66 67 158 877
907 1169 773 1055
366 317 1220 1100
730 758 1067 913
751 1183 1199 833
372 373 993 1174
471 500 470 998
1060 103 805 1057
446 664 1179 1257
977 916 755 1110
1266 1246 917 1059
375 371 974 1055
1095 532 774 1188
813 840 1148 866
1220 1100 994 822
67 158 877 982
845 997 888 822
248 249 1205 794
1200 631 917 922
368 463 1251 1005
557 595 915 940
549 538 1254 1188
1158 534 790 859
301 668 300 1257
932 501 1027 889
964 770 1126 765
530 531 1026 774
898 821 917 735
855 907 1003 839
996 933 766 763
786 1008 951 831
195 215 136 789
312 333 868 1144
694 705 946 900
745 741 735 1030
672 674 673 1170
933 410 766 763
167 540 518 1191
1206 825 1028 801
411 325 740 1032
847 343 1030 800
802 1237 1112 1074
1027 932 889 924
630 339 340 988
705 728 721 800
49 196 48 1231
700 732 719 799
128 79 130 935
886 818 1250 1153
670 48 134 1231
974 371 785 1055
554 540 525 869
1008 1044 779 783
168 167 518 31
429 337 834 811
327 343 1030 1131
718 692 743 1034
326 306 328 1014
818 886 757 1153
862 731 900 1034
1089 949 807 795
437 893 903 1253
805 1168 1239 873
620 1002 825 961
649 639 640 1118
197 723 935 990
1246 745 917 922
76 78 77 1138
832 1073 790 938
554 507 508 518
540 554 508 518
835 1202 790 1020
536 832 835 790
135 213 872 943
358 374 367 1178
141 540 167 1063
556 527 940 783
178 142 943 1234
519 185 522 1191
799 1202 742 1074
1202 799 1240 884
30 519 185 522
135 133 843 872
756 989 1125 1243
835 1202 1105 790
536 539 832 790
519 706 515 186
918 178 943 1234
903 835 775 1253
505 507 506 1129
312 868 920 1144
810 795 1148 902
679 503 1056 931
621 643 638 1213
358 845 910 967
760 1098 1221 1036
760 1135 1098 1036
187 710 200 199
941 771 890 1049
830 906 911 1221
81 802 843 872
507 514 516 869
697 672 698 1170
353 352 354 1009
160 69 1255 984
519 706 186 185
30 519 186 185
710 678 200 1163
798 884 742 1132
167 518 31 1191
775 1202 1240 884
802 947 1125 1243
1063 29 965 1191
799 699 1240 884
884 867 1132 1271
1185 742 843 872
1202 775 867 884
532 528 1095 774
891 810 1243 1157
908 1137 1046 774
699 701 1184 1074
699 676 1240 884
501 486 1027 889
676 729 784 884
295 232 233 1007
233 232 234 1007
1 10 858 846
1098 1135 1223 1036
232 259 246 985
256 259 232 985
256 257 283 1066
256 283 260 1066
257 342 453 1066
342 257 387 1066
1135 760 985 1036
936 1038 1227 844
1210 1135 759 925
954 834 760 1098
941 239 1150 778
941 890 1171 778
453 342 309 906
249 228 1205 1006
342 334 309 906
217 294 291 1264
433 335 369 852
342 429 334 906
480 496 1247 811
759 246 973 850
1108 419 1005 852
218 217 1267 830
385 218 1267 830
218 385 282 830
976 1111 738 1086
310 385 331 1042
1069 879 811 1142
480 1069 811 1223
282 294 217 1264
336 479 337 811
276 288 995 858
479 480 1069 811
385 309 331 830
906 309 1267 853
219 221 1259 1222
911 906 1121 1221
853 1031 1264 737
1086 1227 1236 865
218 282 217 830
1031 250 738 912
941 1171 1139 778
217 1267 830 1264
335 334 419 1121
331 335 911 1121
419 334 834 1121
309 331 911 1121
334 309 906 1121
337 879 1005 1142
1098 834 851 1223
834 1005 1121 1142
247 291 221 1222
1031 737 896 1111
335 433 331 911
291 294 221 1222
431 970 962 1165
975 1006 1208 794
1130 827 1079 816
755 1084 1005 1142
342 1066 906 853
453 342 906 853
342 453 1066 853
260 283 291 853
926 1135 1036 850
221 250 976 1031
283 217 291 853
853 1264 1222 737
830 1267 853 1264
954 1247 811 1098
482 485 1160 981
342 388 429 760
388 342 387 760
811 1069 1142 1223
995 11 934 858
1135 1036 1228 736
1005 1084 852 1142
1084 977 852 1142
1069 755 879 1142
1256 772 883 1110
1121 852 1221 1142
737 1259 1051 1111
911 830 1221 1031
219 247 221 1222
1102 80 1076 739
1031 294 1264 1222
260 291 247 1222
906 853 760 1221
1221 737 926 1036
834 906 760 1221
834 760 1098 1221
897 977 963 919
89 91 1198 1088
291 853 1264 1222
259 985 926 850
1039 941 771 966
970 849 962 1165
1227 941 1171 1139
1031 976 1111 738
62 591 175 1230
221 976 1259 1222
976 221 1031 1222
294 291 1264 1222
251 244 1236 1139
369 433 852 824
738 250 1139 912
738 1227 1171 1139
244 941 1139 778
294 250 221 1031
936 896 738 1038
771 1038 1227 1171
245 238 1139 778
737 1259 926 1051
1221 911 1031 896
941 1227 1236 1139
853 1221 926 1036
985 760 926 1036
925 945 972 794
760 853 926 1036
973 759 1228 925
1228 973 747 850
1160 1228 1102 736
1142 1069 851 1223
1084 772 1256 1110
90 104 1061 1057
1130 61 960 1248
104 52 1061 1245
984 734 1051 1111
905 74 1068 1094
948 803 1256 883
914 1102 1076 736
291 853 1222 926
754 276 995 858
494 483 972 1024
1259 1222 737 926
10 288 0 858
739 1076 736 1051
288 10 995 858
234 248 1205 973
284 41 286 836
858 1 846 975
1135 1210 759 1103
1247 811 1098 857
12 287 13 1208
1098 811 1223 857
834 1142 851 1223
834 811 1142 1223
148 35 201 1195
945 794 899 1195
260 291 1222 926
291 260 853 926
259 260 247 926
736 1192 963 1051
482 472 485 981
853 760 1221 1036
1058 1210 1006 925
148 201 972 1195
973 1006 925 794
1006 759 973 925
265 248 189 1140
1007 760 985 1103
1037 754 759 1103
760 1135 985 1103
497 121 75 1024
1210 1135 857 1103
1247 1037 857 1103
1205 293 759 1006
13 265 16 1208
276 293 228 858
846 1058 1006 1242
288 276 228 858
1228 973 925 747
1 10 0 858
0 288 228 858
1037 1210 857 1103
228 975 1006 1208
193 120 1024 1102
3 498 4 846
1208 975 794 899
926 1036 1051 850
754 293 858 759
478 475 1107 846
11 934 858 846
478 1037 1107 1058
234 233 1007 759
193 121 972 1024
476 475 477 1058
232 1007 985 759
851 734 963 919
246 232 985 759
293 233 234 759
234 232 246 759
485 857 1160 981
495 490 478 1107
754 1216 1007 1103
954 1247 1098 1103
1098 1247 857 1103
754 1101 1216 1103
754 1037 1101 1103
483 476 477 1058
483 476 1058 1160
476 478 475 1058
934 498 1107 846
759 1205 1006 973
248 242 1143 747
293 228 858 1006
228 12 975 1208
1142 977 851 1181
759 858 1107 1006
201 248 148 794
1223 851 1036 736
474 916 820 1235
881 820 1180 905
4 10 1 846
6 4 1 846
4 11 10 846
1210 759 1058 1006
6 3 4 846
478 498 475 846
3 475 498 846
499 6 14 899
3 6 7 846
14 12 16 1208
1107 858 846 1006
6 7 846 1242
483 477 494 945
6 12 14 975
475 477 1058 945
472 481 820 981
6 1 12 975
14 6 975 899
975 846 1006 1242
6 846 975 1242
897 777 1119 919
16 265 188 1140
975 1242 945 899
212 248 1143 747
491 945 899 1195
1269 1061 923 1245
228 287 12 1208
242 248 973 747
476 485 857 1160
259 243 926 1071
734 777 897 919
201 35 794 1195
201 148 972 794
1076 984 739 836
1135 759 973 850
476 1210 925 1160
481 474 820 905
483 482 476 1160
188 35 899 1140
491 494 945 1195
976 1259 1222 1111
193 972 747 1102
475 1058 1242 945
820 481 905 1094
170 80 68 1076
794 1208 899 1140
148 972 794 747
881 1068 1255 963
127 170 120 1102
739 243 1071 850
914 1160 736 1094
259 246 985 850
6 499 975 899
805 1061 1198 748
497 1024 1090 914
925 483 1160 1024
1076 80 984 836
22 28 162 899
35 162 899 1195
127 120 193 1102
1210 1135 925 1160
491 477 499 945
121 146 193 972
121 494 972 1024
1069 916 977 820
497 482 1160 1094
265 249 248 794
248 212 148 747
248 148 794 747
124 127 212 747
127 148 212 747
736 851 1051 1181
127 193 148 747
120 75 121 1024
16 188 28 899
22 162 491 899
499 491 945 899
499 22 491 899
162 491 899 1195
162 147 491 1195
826 273 1039 789
1235 814 923 930
1177 921 824 939
22 14 28 899
14 16 28 899
736 1094 981 1181
848 1082 814 1173
470 489 838 1269
916 977 820 1110
820 1235 1180 905
972 925 747 1102
485 1223 857 981
161 1180 905 1068
124 127 747 1102
161 160 1099 1068
160 68 1192 1068
74 180 1090 905
472 481 474 820
1192 914 736 963
1162 99 1180 930
1192 68 914 1068
284 39 836 1065
1085 777 1159 796
786 1189 1155 915
823 1130 1248 937
888 1082 848 1173
51 156 619 1245
968 976 836 1065
896 737 919 1111
936 738 1086 1227
803 1084 883 1119
209 89 1162 1088
500 471 1235 814
998 1082 772 814
471 500 998 814
470 1077 998 814
474 500 471 1235
572 581 1197 787
177 103 1060 1057
1269 1113 1057 1245
1113 102 1057 1245
772 1256 883 1173
72 43 82 1050
805 1060 1057 793
471 998 932 814
1198 805 1168 1239
916 471 932 814
106 91 1085 1159
848 1173 1269 1057
827 1092 1079 979
161 160 105 1099
207 113 823 987
412 325 1032 776
838 880 809 848
1077 809 1082 848
1077 838 809 848
1008 915 940 781
51 619 489 1245
105 209 1099 1088
881 1085 1099 1088
1010 110 1147 951
838 848 1269 1057
854 137 789 979
1128 848 1057 793
104 1061 1057 1245
103 177 805 1057
489 619 838 1245
998 1077 1082 848
772 1110 814 1173
89 99 209 1162
1082 888 772 1173
1169 1040 773 909
591 587 1203 1155
52 1061 923 1162
1077 848 814 1269
137 214 854 1161
1113 1060 880 1057
619 156 838 1245
500 489 1269 923
1173 805 1061 1057
102 177 1113 1057
105 160 69 1099
805 90 1061 1057
814 500 1269 923
500 489 470 1269
1061 52 923 1245
1212 880 751 1183
97 92 956 1146
1128 1060 880 793
52 104 1061 1162
90 103 177 805
209 105 89 1088
1061 89 1198 748
1033 151 854 1204
220 284 976 1065
102 104 1057 1245
838 1113 880 1057
838 880 848 1057
564 1010 940 1149
1060 1128 880 1057
880 1128 848 1057
177 102 104 1057
177 104 90 1057
53 99 52 923
500 488 489 923
51 489 488 923
52 51 53 923
53 51 488 923
883 1110 1173 748
1110 1235 814 748
744 1232 1189 937
89 1198 748 1088
897 881 748 1088
89 91 90 1198
750 1141 1015 1114
103 90 111 1147
104 89 90 1198
595 786 1155 915
52 89 104 1162
960 827 1045 844
685 684 871 1176
92 111 1239 1146
923 99 1162 930
881 820 1235 1180
1120 777 1045 1159
883 897 1110 748
209 161 881 1180
106 91 105 1085
69 106 105 1085
352 1009 964 770
68 1192 1076 984
99 209 1162 1180
814 500 923 930
500 488 923 930
92 1168 987 1239
936 1227 1075 844
814 1235 923 748
750 827 1130 816
1110 814 1173 748
99 180 161 1180
209 99 161 1180
474 500 1235 930
820 1235 905 930
1235 1180 905 930
1180 492 905 930
914 1192 1068 963
881 820 905 963
1102 170 914 1076
75 481 497 1090
75 120 74 1090
75 74 73 1090
75 73 481 1090
905 820 1094 963
73 74 180 1090
1069 1223 981 1181
481 492 474 905
73 492 481 905
180 74 161 905
53 99 923 930
488 53 923 930
99 53 492 930
474 492 488 930
500 474 488 930
488 492 53 930
1162 923 930 748
923 1235 930 748
1097 837 1049 752
805 1173 1061 748
778 1064 894 1042
1235 881 1180 748
1092 826 885 837
209 1162 1180 748
122 258 42 865
137 273 854 789
1269 814 923 748
1061 1269 923 748
1173 814 1269 748
1173 1269 1061 748
1180 1162 930 748
1235 1180 930 748
744 1232 874 1226
1150 941 778 1049
1228 747 1102 739
284 40 39 1065
82 171 1079 979
942 345 752 1165
273 826 854 789
385 830 894 1042
43 71 1075 1050
921 1171 1064 894
738 936 1038 1227
960 1130 1079 816
736 914 1094 963
1227 966 1075 844
282 294 1264 912
70 174 69 936
1189 744 937 1155
240 195 44 865
1085 777 1255 1120
195 966 789 1050
171 960 1079 816
1222 247 926 1071
734 851 1051 919
734 881 897 1255
1135 1223 1036 736
160 69 1099 1255
973 242 747 850
170 74 120 914
68 74 170 914
976 284 836 1065
160 1099 1068 1255
734 160 1068 1255
174 69 936 1255
777 174 936 1255
897 881 1085 1255
777 897 1085 1255
1232 1038 1045 844
151 139 854 1204
69 106 1085 1255
39 69 984 968
69 734 984 968
69 174 106 1255
69 70 936 968
851 1036 736 1051
936 777 919 1038
993 781 1238 904
68 39 69 984
68 80 39 984
69 160 68 984
39 80 198 984
977 1084 852 919
39 70 69 968
40 122 39 968
1031 1222 737 1111
39 968 836 1065
40 122 968 1065
39 40 968 1065
953 750 1015 991
1069 472 820 981
240 258 1236 865
851 737 1036 1051
1143 124 747 739
125 124 241 739
242 1143 747 739
242 241 1143 739
747 124 1102 739
198 125 286 739
127 80 1102 739
124 127 1102 739
485 1069 1223 981
734 1192 984 1051
125 241 286 739
734 851 963 1051
125 80 124 739
198 80 125 739
124 80 127 739
1068 734 1255 963
734 881 1255 963
1076 1102 739 736
1102 1228 739 736
246 242 973 850
1024 1102 914 736
1160 1024 914 736
1024 1160 1102 736
1223 1135 857 736
857 1135 1160 736
977 820 963 1181
1071 926 1051 850
1228 739 1051 850
242 241 739 850
243 247 219 1071
259 247 243 1071
243 241 739 1071
1069 851 1223 1181
963 736 1051 1181
1094 736 963 1181
497 1160 1024 1094
1024 1160 914 1094
497 1024 914 1094
820 1069 981 1181
497 481 482 1094
977 1069 820 1181
286 243 219 1071
286 241 243 1071
1259 739 1071 1051
1228 739 736 1051
485 472 1069 981
1259 836 1051 1111
936 896 919 1111
1192 1076 984 1051
984 1076 739 1051
739 1259 836 1051
984 739 836 1051
820 481 1094 981
926 1259 1071 1051
1084 897 1119 919
481 482 1094 981
1228 747 739 850
1036 1228 736 850
736 1228 1051 850
1036 736 1051 850
246 259 243 850
242 246 243 850
241 242 243 850
808 776 1194 1013
740 890 970 942
963 977 1181 919
851 963 1181 919
977 851 1181 919
152 153 823 1248
896 737 851 919
851 737 1051 919
1221 896 851 919
852 1221 851 919
1221 852 896 919
977 852 1142 919
1142 852 851 919
977 1142 851 919
430 817 903 1093
740 890 921 1083
239 238 1150 778
936 734 968 1111
273 137 136 789
976 968 836 1111
734 984 968 1111
968 984 836 1111
827 1232 921 1083
968 936 1111 1086
771 789 1050 1079
1236 240 865 966
122 968 1086 1075
912 778 894 1042
830 282 1264 912
837 970 1049 752
378 849 1165 1196
1038 771 890 1171
854 1265 1070 1114
215 195 966 789
278 244 941 1236
258 1086 1236 865
239 278 244 941
72 71 1050 844
238 239 244 941
250 220 976 1086
245 282 280 912
325 378 962 1196
771 1038 827 844
60 61 816 1230
175 61 62 1230
1092 826 771 789
574 571 915 1013
1227 1236 865 966
220 250 251 1086
1130 960 823 1248
271 270 222 1096
968 936 1086 1075
251 278 240 1236
578 750 1130 816
174 106 1255 1120
412 1133 1032 882
258 251 240 1236
1130 816 1248 1230
952 1033 1070 860
1000 952 1070 860
244 238 941 778
1019 761 1091 1207
1173 883 831 765
575 849 953 991
744 937 1155 915
153 175 956 1248
786 831 1189 915
331 385 830 894
890 778 942 1064
772 1256 1173 765
831 744 1189 915
1050 72 960 1079
1038 777 1232 1045
254 281 1150 1097
310 331 939 1064
220 251 258 1086
966 43 1075 1050
139 171 979 1204
91 90 1198 1168
1085 91 1088 796
1239 786 873 1189
1133 882 1194 1226
574 591 937 1155
976 968 1111 1086
152 153 1045 823
595 786 915 940
61 1130 816 1248
1092 826 789 979
72 171 960 1079
786 956 1203 1155
1044 845 888 779
786 1008 831 915
771 827 1079 844
592 60 115 816
793 951 831 873
62 592 580 1230
71 1120 1045 1159
43 122 42 865
258 240 42 865
43 42 44 865
240 44 42 865
43 44 195 865
240 215 195 966
936 1075 1120 844
777 174 1255 1120
941 278 1236 966
278 941 1039 966
278 240 1236 966
215 278 1039 966
71 174 1075 1120
82 195 789 1050
1086 1227 865 1075
240 278 215 966
827 960 1079 844
215 273 136 789
82 136 137 789
82 195 136 789
139 82 137 789
827 1232 960 1045
122 70 968 1075
82 72 1050 1079
71 70 43 1075
174 70 71 1075
43 70 122 1075
580 578 1130 816
43 195 82 1050
71 1075 1050 844
827 1038 1232 844
827 1232 1045 844
816 61 1248 1230
1173 793 831 873
956 207 823 987
174 71 106 1120
960 1050 1079 844
61 1130 960 816
823 1189 937 1155
793 805 951 873
61 152 960 1248
61 152 72 960
171 61 72 960
1130 580 816 1230
1075 71 1120 844
139 179 115 1204
1130 827 960 1079
139 82 789 979
1092 771 1079 979
771 789 1079 979
171 72 82 1079
956 786 1189 1155
171 61 960 816
62 580 591 1230
1232 921 874 1226
325 962 1032 776
91 1198 1088 1168
153 61 175 1248
592 578 580 816
1263 1033 1141 1204
61 115 60 816
786 956 1239 1146
1146 1010 1147 951
1038 1171 921 1177
115 61 171 816
823 956 1189 1155
789 82 1079 979
151 1033 854 952
139 171 82 979
438 378 849 1165
207 153 956 823
92 207 956 987
960 152 1045 823
580 592 816 1230
61 175 1248 1230
1085 777 1120 1159
113 71 152 1045
113 152 153 1045
1232 960 1045 823
777 936 1120 844
936 777 1038 844
1227 771 966 844
966 771 1050 844
152 960 1045 844
152 72 960 844
72 152 71 844
915 573 808 1013
113 71 1045 1159
956 823 1248 937
948 883 831 744
777 919 1038 1012
883 948 1119 744
222 273 1265 1161
823 956 987 1189
591 175 1230 937
883 748 873 796
113 153 207 823
113 1045 823 1159
60 592 62 1230
60 62 61 1230
823 113 1159 987
91 92 1168 987
956 92 1239 1146
897 1085 1088 796
1008 1173 831 765
831 744 873 1189
748 897 1088 796
581 578 750 787
92 90 91 1168
113 91 1159 987
71 106 1120 1159
90 1198 1168 1239
574 580 572 937
1133 776 874 1194
90 805 1198 1239
113 91 106 1159
113 106 71 1159
1088 91 1168 796
1130 580 937 787
113 207 91 987
92 91 207 987
103 111 109 1147
1168 956 1239 1189
1147 110 992 876
87 111 92 1146
110 111 87 1146
87 92 97 1146
595 560 587 1203
138 273 222 1161
1197 787 874 1013
1044 1008 888 793
1137 1040 774 1214
88 564 157 1010
883 1173 831 873
848 1173 1057 793
1173 805 1057 793
1128 888 848 793
848 888 1173 793
1183 1225 876 833
1182 764 1199 833
786 595 1203 940
595 560 1203 940
805 1239 951 873
987 1168 873 1189
1232 823 744 1189
157 110 87 1010
214 205 206 1161
157 87 88 1010
103 1060 805 1147
805 1147 793 951
205 138 222 1161
88 560 564 1010
1239 786 951 873
764 751 1199 833
137 273 138 1161
748 1088 873 796
1088 1168 873 796
808 1081 1252 1194
110 109 111 1147
1008 1173 793 831
1060 1128 1057 793
172 843 842 859
691 717 670 1237
785 371 910 1055
1217 855 1026 774
1178 367 964 779
805 1239 1147 951
956 1168 987 1189
778 1049 942 1047
527 545 940 876
1225 783 1183 876
750 1092 1114 991
940 1010 876 1149
138 205 214 1161
1168 91 987 796
1183 828 1199 833
545 560 559 940
587 574 595 1155
1168 1239 873 1189
1173 883 748 873
786 831 873 1189
1008 793 951 831
591 580 574 937
91 1159 987 796
748 1088 1168 873
595 557 560 940
953 581 750 787
852 911 896 1177
593 579 1197 776
545 564 560 940
803 1186 882 1126
360 434 412 1133
91 1085 1159 796
956 786 1239 1189
412 376 461 1133
548 1217 1249 1003
557 556 527 940
956 591 1203 1155
1126 770 1252 765
744 883 873 796
1119 883 744 796
325 330 740 962
897 777 1085 796
777 897 1119 796
1159 823 987 796
823 1232 744 796
823 744 1189 796
987 823 1189 796
777 1232 1045 796
777 1045 1159 796
1045 823 1159 796
1045 1232 823 796
578 581 572 787
578 572 580 787
325 434 324 776
744 1119 1012 1226
593 325 324 776
1133 412 1032 776
574 595 1155 915
915 1008 1252 781
937 574 1155 915
993 594 808 781
808 915 1252 781
1123 568 1070 991
273 854 1265 1161
1217 1040 1137 907
929 1104 875 989
594 571 573 915
964 372 770 1174
548 537 1217 1003
372 352 964 770
574 571 595 915
557 595 571 915
770 1252 765 1238
750 979 1141 1114
36 150 952 860
226 292 887 767
589 569 577 1070
1000 885 887 767
581 568 953 1015
601 289 229 1023
1081 355 770 1126
569 568 577 1015
292 222 1000 1096
750 1092 979 1114
569 577 1070 1015
289 268 271 804
767 1023 978 1124
599 602 601 804
602 609 605 804
268 184 270 804
589 569 1070 860
602 605 601 804
269 268 289 804
854 1265 952 1070
1265 826 885 1114
1038 1232 1012 921
568 569 1218 1015
598 599 1023 978
1092 826 979 1114
226 292 767 1124
206 151 214 952
36 151 206 952
150 151 36 952
597 1218 860 978
826 955 837 1097
567 565 597 978
589 577 1033 1070
804 36 952 860
597 599 567 978
565 568 569 1218
1092 826 837 1097
570 568 565 1218
569 597 565 1218
1171 738 1139 912
921 740 939 1064
310 331 1064 1042
849 953 991 970
955 1072 837 1097
570 588 1123 1001
1023 598 978 1124
948 1126 1252 765
1123 887 1072 767
578 750 1141 1015
885 1070 1015 991
588 405 377 1001
345 398 752 1165
598 600 978 1124
568 953 1015 991
292 231 1023 1124
885 1123 1072 767
778 942 1064 1211
252 227 1265 955
289 271 231 1023
229 289 231 1023
1173 1008 793 765
292 1023 767 1124
227 224 887 955
224 254 1072 955
887 224 1072 955
285 281 826 1150
578 577 568 1015
568 581 578 1015
599 1087 804 860
569 597 1218 860
597 569 1087 860
569 584 1087 860
584 150 1087 860
584 589 150 860
599 597 860 978
804 1096 1023 860
377 438 849 1001
599 597 1087 860
589 584 569 860
565 567 566 978
599 598 600 978
1023 599 860 978
460 468 407 1011
468 225 224 1011
826 1265 885 955
771 941 890 1171
1218 1070 860 767
324 434 590 776
888 772 1173 765
227 292 1000 887
849 398 1072 1011
567 599 566 978
1072 398 752 1011
227 1000 1265 955
991 885 1072 837
600 596 566 978
885 887 1072 955
468 277 752 1011
1038 738 1227 1171
224 1072 752 1011
1023 860 767 978
272 226 224 887
226 227 224 887
294 250 1031 912
588 575 1123 1001
351 355 770 993
224 272 887 1011
438 849 1001 1011
226 292 227 887
1109 451 942 1047
895 890 970 1083
1218 565 767 978
262 290 226 1124
600 603 604 1124
290 231 226 1124
230 603 598 1124
230 231 290 1124
598 603 600 1124
604 603 606 1124
231 292 226 1124
468 460 225 1011
460 261 272 980
238 235 1150 1047
849 953 970 962
431 325 378 962
941 890 778 1049
277 235 1109 1047
281 239 235 1150
239 238 235 1150
254 281 235 1150
239 281 285 1150
236 237 1109 1211
1012 1038 921 1177
750 1092 991 837
890 740 921 1064
1092 885 1114 837
1114 885 991 837
1092 1114 991 837
890 827 921 1083
771 1092 827 895
915 808 1194 1013
777 1038 1232 1012
385 282 830 1042
590 776 808 1013
294 1031 1264 912
250 245 1139 912
852 919 1012 1177
1084 852 919 1012
433 331 911 939
1119 1084 919 1012
1232 1119 796 1012
777 1232 796 1012
1119 777 796 1012
330 740 942 1064
1171 890 921 1064
1064 331 894 1042
280 282 279 1042
1038 738 1171 1177
385 310 279 1042
803 1186 1108 882
1038 827 1232 921
991 953 895 970
277 254 235 1047
235 236 1109 1211
750 787 895 1083
849 991 837 970
1150 1097 1049 1047
787 827 895 1083
438 398 378 1165
250 245 244 1139
279 280 1042 1211
397 277 1109 752
738 251 1236 1139
244 941 1236 1139
331 830 911 894
912 280 778 1042
942 310 1064 1211
331 433 329 939
280 238 778 1211
895 837 970 1049
251 250 244 1139
953 1197 1083 962
1171 921 1177 894
235 254 1097 1047
245 1139 912 778
280 245 912 778
282 280 912 1042
939 921 1064 894
331 939 1064 894
970 942 752 1165
310 330 942 1064
837 849 970 1165
1072 849 837 752
593 1197 953 962
272 226 887 980
352 354 1009 1126
238 245 280 778
378 438 849 1196
1139 912 778 894
329 369 824 939
376 412 1032 882
571 573 915 1013
329 433 369 939
433 911 824 939
921 740 824 939
1177 921 939 894
431 345 942 1165
738 1171 1177 894
1171 778 1064 894
451 310 345 942
434 412 1133 776
451 345 1109 942
431 330 970 942
451 942 1047 1211
1150 235 1097 1047
398 849 1072 752
330 329 740 1064
771 1092 895 1049
1039 941 1150 1049
941 1039 771 1049
826 1150 1097 1049
1092 826 1097 1049
1039 1092 771 1049
826 1092 1039 1049
826 1039 1150 1049
310 330 345 942
330 431 345 942
594 571 915 781
803 948 1256 1126
1008 1252 781 1238
377 575 849 1196
740 330 970 962
254 1072 955 752
955 1072 1097 752
254 955 1097 752
254 224 1072 752
345 1109 942 752
1049 970 942 752
330 431 970 962
575 576 953 1196
962 378 1165 1196
1197 1083 776 874
441 262 261 980
468 397 398 752
397 345 398 752
849 953 962 1196
254 277 224 752
376 354 1081 882
461 376 1081 882
1232 744 1012 1226
948 803 882 1126
803 1084 1119 824
1084 803 852 824
1084 852 1012 824
1119 1084 1012 824
740 329 939 1064
329 369 376 824
376 461 1133 882
310 329 330 1064
738 1031 912 894
1171 738 912 894
451 310 942 1211
911 830 1031 894
1031 830 912 894
778 1064 1042 1211
238 235 1047 1211
896 738 1177 894
896 1031 738 894
911 1031 896 894
911 896 1177 894
310 279 1042 1211
238 280 237 1211
235 238 237 1211
237 280 279 1211
310 451 237 1211
235 237 236 1211
310 237 279 1211
593 325 962 1196
325 593 323 1196
575 323 593 1196
575 593 576 1196
377 378 323 1196
575 377 323 1196
377 438 378 1196
378 325 323 1196
262 441 606 980
606 604 1124 980
1123 570 1001 768
354 355 1081 1126
980 407 768 1011
225 460 272 1011
303 610 441 980
441 610 606 980
407 1001 768 1011
262 226 272 980
261 262 272 980
460 407 303 980
460 303 261 980
303 441 261 980
460 407 980 1011
610 604 606 980
277 224 752 1011
849 1072 1001 1011
438 405 407 1001
352 1009 770 1126
405 438 377 1001
887 272 980 1011
377 575 588 1001
600 596 978 768
565 767 978 768
570 565 978 768
565 570 767 768
303 610 980 768
610 303 607 768
596 600 607 768
582 607 425 768
607 303 425 768
405 582 425 768
582 570 596 768
582 588 570 768
604 610 607 768
407 405 303 768
600 604 607 768
303 405 425 768
1044 1212 751 1183
832 551 893 1093
947 1125 891 842
1009 964 770 1126
579 572 1197 1013
355 461 354 1081
461 376 354 1081
355 360 461 1081
412 411 376 1032
1197 787 1083 874
531 548 537 1026
776 1133 808 1194
411 329 376 1032
133 81 843 872
770 1081 1126 1252
1249 1217 907 1003
1217 537 1026 1003
740 824 939 1032
1133 590 776 808
831 948 744 1252
770 372 993 1238
840 974 785 1169
537 548 1217 1026
167 29 140 1063
561 562 993 904
817 799 835 1166
904 1019 1174 1091
779 374 1174 1091
351 373 416 993
351 372 373 993
770 808 1252 1238
586 562 594 993
350 351 416 993
893 380 903 1093
974 1249 907 1003
350 561 562 993
95 96 1182 1199
1249 548 1003 1272
921 1012 824 1226
373 904 1174 1091
803 948 882 1226
1081 360 1133 808
354 369 1108 882
1128 1044 793 1183
901 1122 1182 1004
590 579 324 776
593 324 579 776
874 1133 1194 1226
921 1032 874 1226
744 1232 787 874
740 921 1032 874
787 1232 1083 874
355 770 993 808
355 1081 770 808
434 590 1133 808
360 434 1133 808
434 360 590 808
349 360 586 808
360 349 590 808
586 594 573 808
586 573 590 808
355 351 360 808
349 586 590 808
1232 1012 921 1226
1119 803 824 1226
921 824 1032 1226
824 803 882 1226
948 744 1194 1226
744 874 1194 1226
882 948 1194 1226
1217 855 1040 907
1009 964 1126 765
1256 772 1009 765
761 1217 1137 907
910 785 1169 773
772 888 964 765
1009 772 964 765
1044 1137 783 1225
562 594 993 781
915 557 940 781
948 1119 744 1226
948 803 1119 1226
776 1197 874 1013
776 874 1194 1013
590 579 776 1013
572 573 571 1013
572 579 573 1013
574 572 571 1013
579 590 573 1013
940 951 783 876
1137 1217 1046 774
732 1176 875 1237
562 558 594 781
562 563 558 781
556 558 563 781
594 558 571 781
558 557 571 781
558 556 557 781
563 529 556 781
964 888 822 779
813 1034 1014 986
356 358 910 967
371 356 910 1055
531 908 1046 774
783 1044 1225 1183
374 367 1178 1174
1008 1044 888 779
1260 761 1137 907
1249 1217 761 907
888 964 765 779
538 1062 1095 938
701 670 713 1074
176 57 1062 1254
950 1244 773 909
155 958 1188 1017
904 1019 1091 1207
761 1260 1137 1019
1260 1044 1137 1019
529 528 527 908
528 529 553 908
552 527 528 908
529 527 556 908
918 1132 1063 1234
1260 1044 1019 779
525 540 546 1063
888 845 822 779
793 1044 783 1183
1044 1260 1137 751
992 109 833 1080
1044 1128 880 1183
792 1122 756 1004
537 832 1026 944
548 435 322 944
964 770 1238 779
908 1137 774 1225
367 964 779 1174
993 373 904 1174
832 855 1026 1003
884 1184 742 1074
1137 1225 751 1214
785 910 1175 773
770 372 1238 1174
1175 1244 1169 773
761 347 1091 1207
1217 855 907 1003
374 373 1174 1091
1260 761 907 967
416 561 993 904
562 563 781 904
675 712 455 971
462 1249 907 1055
1152 676 784 884
372 993 1238 1174
359 761 1091 967
770 1238 779 1174
1175 950 1244 773
806 950 1175 773
950 806 1212 773
551 832 944 1093
548 542 761 1046
531 548 1217 1046
1217 548 761 1046
414 435 1249 1272
543 1046 904 1207
543 542 553 1046
531 553 542 1046
684 1054 871 1176
528 553 531 1046
542 548 531 1046
832 855 1003 839
761 1260 1019 1091
373 416 993 904
535 893 753 1253
394 675 971 959
908 529 1046 904
1019 908 1046 904
553 543 1046 904
529 553 1046 904
1044 880 1212 1183
1215 840 1169 1262
563 561 543 904
529 563 543 904
562 561 563 904
401 1053 753 971
510 520 555 856
529 543 553 904
1046 1019 904 1207
356 375 462 1055
356 371 375 1055
537 536 832 944
761 1260 1091 967
358 374 1178 1091
1178 374 779 1091
536 551 832 944
845 358 1178 1091
845 1178 779 1091
1260 845 779 1091
374 359 347 1091
373 374 347 1091
374 358 359 1091
907 761 1055 967
1260 907 1055 967
359 358 356 967
359 356 462 967
435 321 322 944
322 321 320 944
322 320 551 944
548 322 537 944
537 551 536 944
320 321 380 944
380 551 944 1093
548 537 1003 1272
537 548 435 1272
321 435 414 1272
1258 1148 862 866
761 1019 1046 1207
348 561 416 1207
561 543 904 1207
416 561 904 1207
373 416 904 1207
347 373 904 1207
361 347 761 1207
542 361 761 1207
542 346 361 1207
542 543 348 1207
347 348 416 1207
561 348 543 1207
346 348 347 1207
542 348 346 1207
373 347 416 1207
361 346 347 1207
835 832 1166 1073
326 1052 1014 986
974 414 1249 1172
320 551 380 893
400 401 1053 753
1003 414 1272 1172
521 297 1190 856
817 344 1201 1018
707 517 1190 969
707 512 517 969
103 93 1060 992
1253 1202 867 1105
1029 959 775 1240
380 437 893 903
974 413 1172 1209
670 719 1237 1074
467 396 393 959
456 297 401 1053
297 400 401 1053
971 467 959 775
959 396 903 775
700 959 1029 1240
467 456 401 971
920 1018 1144 839
716 395 684 1054
521 1190 969 856
344 452 1054 1201
510 541 520 856
521 427 297 856
679 729 711 931
321 944 1272 1172
1053 400 753 856
509 555 856 1129
547 535 893 753
379 320 380 893
1053 753 971 775
401 467 971 775
753 401 971 775
547 526 535 753
832 1003 1272 1172
729 679 784 931
400 437 401 753
526 1253 867 1105
437 401 753 775
798 199 965 1234
507 1056 931 1271
427 400 297 856
547 541 526 856
541 555 526 856
399 400 427 856
513 520 521 856
541 510 555 856
520 513 509 856
333 328 312 868
1018 413 1144 1209
526 867 784 1271
944 832 1172 1093
1034 813 868 986
452 344 312 1201
344 332 312 1201
1014 1034 868 986
396 380 430 903
344 396 430 903
437 380 396 903
799 1029 835 1202
432 371 785 986
328 386 312 868
332 413 1018 1209
311 386 718 868
718 386 1034 868
332 321 413 1172
321 414 413 1172
332 344 817 1018
321 332 430 1093
380 321 430 1093
743 718 868 871
452 684 1054 871
868 743 920 986
920 1215 866 1104
813 743 868 986
413 974 1144 1209
413 332 1172 1209
775 753 1253 867
1166 832 839 1073
692 718 743 871
312 1201 868 871
332 333 312 1018
333 332 413 1018
718 311 868 871
386 311 312 868
535 893 1253 1105
884 1184 798 742
1202 775 1253 867
396 393 959 1029
96 1182 1199 833
685 718 692 871
685 313 718 871
313 311 718 871
311 313 312 871
313 452 312 871
313 685 684 871
1073 938 756 842
832 1209 1166 839
48 686 50 1231
974 840 785 1144
393 396 903 1029
700 684 1176 1029
1172 332 1093 1209
1063 798 965 1234
871 1201 920 1154
1025 112 901 1182
832 1003 1172 1209
333 432 328 986
432 326 328 986
785 840 986 1144
817 1201 1176 1154
817 1176 1166 1154
432 371 986 1144
371 333 974 1144
371 785 986 1144
371 974 785 1144
371 432 333 1144
989 866 902 1243
813 1148 1258 866
832 855 839 1073
1215 920 839 1104
802 878 989 1112
839 920 1154 1104
430 817 1093 1209
332 430 1093 1209
430 332 817 1209
700 684 732 1176
133 713 802 872
536 832 893 835
509 503 507 1129
855 1026 1095 938
716 684 700 1029
535 536 893 1105
799 1029 1202 775
840 974 907 839
1003 1172 1209 839
743 813 862 866
813 1258 862 866
467 401 396 775
719 799 1237 1074
142 199 1163 1234
401 437 396 775
1056 1129 784 1271
505 506 523 1129
907 974 1003 839
743 1170 878 902
154 891 901 1004
840 1215 1148 866
1166 839 1104 929
1003 974 1172 839
1172 974 1209 839
742 1158 790 1020
503 507 1056 931
526 535 753 1253
677 726 969 784
1144 1018 1209 839
1129 523 784 1271
1201 1018 920 1154
1201 817 1018 1154
1209 1166 839 1154
1018 1209 839 1154
1209 1018 1166 1154
505 555 509 1129
675 1152 775 1240
1154 1166 929 875
929 1073 756 1125
989 802 1112 1125
743 1154 1104 875
1215 840 920 866
1056 784 931 1271
799 875 1237 1112
743 871 1154 875
798 884 1132 1271
534 539 1158 790
920 840 986 866
813 920 986 866
840 813 986 866
1244 1169 773 909
871 685 1176 875
523 524 867 1271
1122 782 909 756
1215 1262 909 756
867 1202 884 742
524 1105 1158 790
1215 1104 929 756
1176 799 1166 875
1202 742 790 1020
799 700 1029 1240
869 540 1063 1191
947 802 1125 842
710 199 798 1163
1104 1154 929 875
531 1217 1026 774
525 554 869 1271
951 1008 940 783
523 526 784 1271
1026 855 1095 774
855 1217 1040 774
784 867 884 1271
940 1008 781 783
676 675 699 1240
743 685 871 875
518 540 869 1191
732 685 691 875
685 690 691 875
65 1089 810 1157
867 742 1132 1158
555 526 856 784
519 516 965 1191
699 676 884 1184
753 1053 1152 775
1029 835 1202 775
678 729 884 798
526 555 1129 784
675 971 959 775
971 675 1152 775
516 514 931 869
855 792 1073 938
516 518 869 1191
49 196 1231 762
526 523 867 1271
554 523 1129 1271
525 524 1132 1158
1025 983 782 901
931 516 869 965
64 63 947 891
526 555 523 1129
523 506 554 1129
802 713 1074 872
540 554 518 869
505 523 555 1129
678 884 1184 798
507 554 506 1129
555 856 1129 784
507 503 1056 1129
396 437 903 775
1202 742 1020 1185
199 710 798 965
713 701 1074 872
140 178 918 1234
524 539 536 1105
525 546 1132 1063
1170 743 862 902
798 869 1063 965
503 514 507 931
832 539 1026 938
504 679 727 931
527 556 908 783
867 524 1105 1158
540 141 546 1063
199 798 1163 1234
867 1202 742 1158
503 509 1056 1129
524 526 523 867
1184 798 872 1163
524 525 1132 1271
732 719 799 1237
869 1063 965 1191
729 676 678 884
525 869 1132 1271
518 507 516 869
706 187 185 965
524 539 1105 790
843 742 859 943
1237 799 1112 1074
784 729 931 884
677 729 679 784
726 677 679 784
677 676 729 784
775 1152 784 884
507 931 869 1271
799 929 1112 1020
539 536 1105 790
931 798 869 1271
703 686 927 762
213 199 200 1163
931 784 798 1271
503 504 514 931
676 678 884 1184
784 884 798 1271
1137 908 1019 783
711 678 710 798
81 133 802 872
798 931 869 965
729 678 711 798
742 843 872 943
843 135 872 943
199 29 965 1234
792 1214 958 1188
135 843 859 943
835 832 1073 790
1202 742 1158 790
1105 1202 1158 790
678 1184 872 1163
178 116 918 943
701 1184 1074 872
49 64 1243 1157
50 48 1231 762
556 940 781 783
142 1163 943 1234
1056 507 1129 1271
524 533 534 1158
546 533 1132 918
539 524 534 1158
524 525 533 1158
840 907 1169 1262
1073 835 790 1020
878 989 902 762
1104 929 756 1125
1025 782 764 901
713 670 802 1074
528 530 1095 774
1129 507 869 1271
525 524 523 1271
554 525 523 1271
799 699 884 1074
929 1104 989 1125
1044 1019 779 783
155 1004 958 1017
196 134 48 1231
1026 530 1095 938
530 538 532 1095
792 756 842 1017
528 530 532 1095
530 534 538 1095
534 530 539 1095
880 751 1183 1199
1184 742 1074 1185
732 691 719 1237
528 531 530 774
701 719 670 1074
832 855 1073 938
855 832 1026 938
907 840 839 1262
1137 774 1225 1214
549 544 746 1188
1040 1260 773 751
1176 799 875 1237
1202 799 742 1185
549 84 176 1254
1122 1182 1004 958
1095 1062 1254 1017
1238 1019 904 783
1238 1008 779 783
1019 1238 779 783
556 529 908 783
529 556 781 783
781 1238 904 783
781 1008 1238 783
529 781 904 783
908 529 904 783
828 93 1199 833
855 1040 907 1262
545 544 85 1149
157 83 110 1149
907 1040 1169 1262
110 1147 951 876
1214 1225 833 746
110 109 992 876
782 950 764 909
154 63 891 842
802 670 1237 1074
544 84 85 1149
57 549 538 1254
109 93 992 833
93 96 1199 833
1040 1137 751 1214
1132 798 1063 1234
843 1020 842 859
878 802 989 762
1060 828 880 1183
855 907 839 1262
1122 764 1182 958
1183 951 992 876
855 839 1073 1262
855 792 1040 1262
98 549 176 1188
810 1089 795 1157
94 780 828 1199
98 208 96 1080
538 550 57 1254
103 1060 1147 992
1214 764 958 833
828 1183 992 833
544 98 746 1188
103 109 93 992
57 84 549 1254
544 549 98 1188
866 989 756 1243
950 773 751 909
950 751 764 909
751 1040 1214 909
764 751 1214 909
840 1215 1169 909
1215 840 1244 909
1244 840 1169 909
1215 1073 1262 756
697 743 1170 878
717 691 878 1237
732 799 1176 1237
719 691 670 1237
690 698 717 878
690 717 691 878
717 698 686 878
690 697 698 878
792 1122 1262 756
876 83 1080 1149
947 802 762 1243
1185 1125 843 842
65 49 762 1157
742 1158 859 918
1122 764 901 1182
172 58 1062 842
947 802 1231 762
1073 929 1020 1125
719 699 799 1074
710 200 199 1163
743 878 989 902
884 699 1184 1074
699 719 701 1074
1202 884 742 1074
686 717 878 762
927 123 762 1157
927 698 878 762
48 49 1231 762
710 711 798 965
533 116 859 918
810 795 902 1157
546 140 918 1234
929 1112 1020 1125
835 799 1202 1020
799 835 1166 1020
799 1166 929 1020
1166 1073 929 1020
1166 835 1073 1020
782 810 1148 902
929 989 1112 1125
793 1060 1183 992
1073 756 1125 842
742 1020 1185 843
534 550 1062 859
795 927 1170 902
795 1170 862 902
1148 862 866 902
1148 795 862 902
1185 1020 1125 842
1112 802 1185 1125
1020 1185 843 842
717 670 802 1231
938 792 756 842
173 65 810 1157
764 1025 901 1182
1215 782 1148 756
1215 1148 866 756
810 902 1243 1157
866 1148 902 756
792 1073 938 756
756 1125 891 1243
550 116 1062 859
1025 95 1182 1199
947 63 843 842
802 989 762 1243
947 49 891 1243
49 64 891 1243
762 49 1243 1157
902 762 1243 1157
1122 792 1214 958
546 918 1063 1234
802 1185 1125 843
902 866 756 1243
1148 902 756 1243
782 1148 756 1243
756 782 1243 901
81 172 135 843
116 135 172 843
133 81 135 843
117 116 533 918
81 63 172 843
196 49 947 762
65 123 1089 1157
64 891 1243 1157
802 717 1231 762
717 802 878 762
795 1089 927 1157
1089 123 949 1157
49 123 65 762
49 50 123 762
49 48 50 762
686 703 50 762
780 94 1025 1199
63 58 172 842
154 58 63 842
1010 110 951 876
1148 782 902 1243
780 1025 764 1199
782 1122 764 901
949 123 927 1157
1089 949 927 1157
64 65 173 1157
64 49 65 1157
764 1182 958 833
64 891 1157 901
173 64 1157 901
983 810 782 901
983 108 810 901
891 810 1157 901
810 173 1157 901
112 64 108 901
64 173 108 901
112 154 64 901
208 112 95 1182
880 828 764 1199
116 58 1062 859
116 135 843 859
1062 172 842 859
532 549 746 1188
756 1122 901 1004
891 756 901 1004
155 154 112 1004
869 525 1132 1063
155 112 208 1004
83 85 84 1149
95 93 96 1199
93 95 94 1199
1062 538 1095 1254
742 1158 1020 859
751 1225 1183 833
564 157 1010 1149
876 992 833 1080
96 208 958 1080
1010 951 940 876
84 57 176 1254
1182 96 958 833
992 1183 876 833
83 96 109 1080
938 1062 842 859
109 992 876 1080
545 940 876 1149
550 59 116 859
98 155 208 958
57 550 1062 1254
958 792 1188 1017
98 958 1080 746
774 1225 1214 746
83 109 876 1080
1214 774 746 1188
154 58 842 1017
176 58 155 1017
527 940 783 876
96 958 833 1080
545 564 940 1149
958 833 1080 746
938 792 842 1017
83 109 110 876
527 552 545 876
527 552 876 746
1095 792 938 1017
83 544 98 746
1062 176 1254 1017
1062 938 842 1017
552 545 876 746
876 545 1149 746
545 544 1149 746
83 1080 1149 746
544 83 1149 746
552 527 908 746
783 527 876 746
1225 783 876 746
774 908 1225 746
528 552 908 746
154 842 1004 1017
155 58 154 1017
756 792 1004 1017
58 1062 842 1017
908 527 783 746
908 783 1225 746
528 908 774 746
532 528 774 746
552 532 544 746
549 544 532 746
552 544 545 746
528 532 552 746
1158 790 1020 859
792 1095 774 1188
792 774 1214 1188
532 538 549 1188
176 155 98 1188
116 59 533 859
790 534 938 859
534 1062 938 859
790 938 1020 859
540 525 869 1063
172 58 116 859
534 533 550 859
59 550 533 859
116 117 178 918
178 117 140 918
516 869 965 1191
140 141 167 1063
742 798 1132 943
540 167 1063 1191
727 514 931 965
514 727 519 965
514 516 931 965
711 710 706 965
727 711 706 965
710 187 706 965
187 199 29 965
187 29 185 965
167 29 1063 1191
514 519 516 965
1132 918 943 1234
133 213 132 872
678 713 132 872
185 30 522 1191
1184 742 872 943
798 1184 872 943
1184 798 742 943
798 872 1163 943
185 519 965 1191
116 859 918 943
116 135 859 943
872 213 1163 943
213 142 1163 943
142 135 178 943
178 135 116 943
29 185 965 1191
142 213 135 943
140 142 178 1234
140 29 142 1234
29 199 142 1234
31 29 167 1191
31 518 522 1191
30 31 522 1191
30 29 31 1191
516 519 522 1191
185 29 30 1191
