// ================================================================================
// CHRONO WORKBENCH - github.com/Concrete-Chrono-Development/chrono-preprocessor
//
// Copyright (c) 2023 
// All rights reserved. 
//
// Use of the code that generated this file is governed by a BSD-style license that
// can be found in the LICENSE file at the top level of the distribution and at
// github.com/Concrete-Chrono-Development/chrono-preprocessor/blob/main/LICENSE
//
// ================================================================================
// Node Data File
// ================================================================================
//
// Data Structure:
// X Y Z 
//
// ================================================================================
0 30 150
0 25 140.6467438
0 20 150
0 30 125
0 32.30574799 133.5968323
0 40 125
0 19.3493824 132.6015167
0 20 125
0 10 125
0 40 150
0 33.82913208 142.413681
0 38.05555725 137.5
0 16.92640495 142.2780762
0 10 150
0 11.94444466 137.5
0 0 150
0 7.250518799 143.1574554
0 0 141.6666718
0 50 150
0 42.87540436 143.1800537
0 50 141.6666718
0 0 133.3333282
0 7.222222328 131.8333282
1.154939642e-12 4.996003611e-15 125
1.154939642e-12 50 125
0 42.62150574 131.9883575
0 50 133.3333282
0 45.03240585 137.5171814
0 5.097387791 137.4986877
138.9027557 0 11.69818211
150 0 8.333333015
150 0 16.66666603
0 0 8.333333015
11.09724426 0 11.69818211
0 0 16.66666603
11.09724426 0 138.3018188
138.9027557 0 138.3018188
150 0 133.3333282
150 0 141.6666718
61.65221024 0 136.4658661
69.2307663 0 150
57.69230652 0 150
80.7692337 0 150
88.34778595 0 136.4658661
92.30769348 0 150
61.65221024 0 13.53414059
57.69230652 0 0
69.2307663 0 0
92.30769348 0 0
88.34778595 0 13.53414059
80.7692337 0 0
45 1.22366799e-30 80
54.72651291 0 85.24108887
43.46666336 2.586121819e-15 91.64685822
43.46666336 -2.586121819e-15 58.35314178
54.72651291 0 64.8106842
45 1.22366799e-30 70
111.0288544 -4.996003611e-15 47.5
104.3622055 0 35.47451019
118.180191 -7.065416062e-15 38.18019485
118.180191 7.065416062e-15 111.819809
104.3622055 0 114.5254898
111.0288544 4.996003611e-15 102.5
96.92350006 0 24.72837639
83.75032806 0 28.01384926
75 0 18.47423172
66.35346985 0 28.0467186
53.55090332 0 24.13180161
53.55090332 0 125.8681946
66.35346985 0 121.9532852
75 0 131.5257721
83.75032806 0 121.9861526
96.92350006 0 125.2716217
38.97114182 4.996003611e-15 102.5
45.58304596 0 114.6830292
31.81980515 7.065416062e-15 111.819809
31.81980515 -7.065416062e-15 38.18019485
45.58304596 0 35.31697083
38.97114182 -4.996003611e-15 47.5
47.75265503 0 13.58048153
47.75265503 0 136.4195251
102.2988586 0 13.64345932
102.2988586 0 136.3565369
94.99302673 0 65.47916412
106.5333405 -2.586121819e-15 58.35314178
105 0 70
106.5333405 2.586121819e-15 91.64685822
94.99302673 0 84.52083588
105 0 80
64.85283661 0 93.96818542
73.75538635 0 86.02282715
76.86978912 0 99.91017151
85.53119659 0 91.98032379
74.96161652 0 62.82229233
64.85283661 0 56.03181458
77.04211426 0 49.92484665
85.53119659 0 58.01967621
95.80050659 0 96.79962921
95.80050659 0 53.20037079
53.05905151 0 97.28424835
53.05905151 0 52.71575165
66.13780975 0 68.32222748
59.99420929 0 75.18122101
75 0 75
64.12412262 0 83.30013275
65.90948486 0 106.6571732
75.10807037 0 113.5639572
65.91589355 0 43.336689
75.10807037 0 36.4360466
82.70833588 0 68.88678741
90.41666412 0 75
82.70833588 0 81.11321259
84.82147217 0 40.67300415
84.80096436 0 109.3073502
127.5 8.653331788e-15 118.9711456
113.9119492 0 121.276207
113.9119492 0 28.72379494
127.5 -8.653331788e-15 31.02885628
22.5 -8.653331788e-15 31.02885628
35.83024597 0 28.67171478
35.83024597 0 121.3282852
22.5 8.653331788e-15 118.9711456
75 0 141.3751373
75 0 8.624866486
38.87667084 0 142.0815582
46.15384674 0 150
34.61538315 0 150
35.66482544 0 133.2331238
38.87667084 0 7.918438911
34.61538315 0 0
46.15384674 0 0
35.66482544 0 16.7668705
115.384613 0 0
111.1233292 0 7.929262638
103.8461533 0 0
114.2836304 0 16.77965736
103.8461533 0 150
111.1233292 0 142.0707397
115.384613 0 150
114.2836304 0 133.2203369
131.7820587 0 21.27057838
138.3531494 -9.651538093e-15 26.53333855
125.6606903 0 13.35433483
11.64685726 -9.651538093e-15 26.53333855
18.21242332 0 21.24448013
24.33370209 0 13.34104919
18.21242332 0 128.7555237
11.64685726 9.651538093e-15 123.4666595
24.33370209 0 136.6589508
138.3531494 9.651538093e-15 123.4666595
131.7820587 0 128.7294159
125.6606903 0 136.6456604
92.21743011 0 116.8118591
94.47361755 0 107.9996719
92.21849823 0 33.18711472
94.47361755 0 42.00032806
51.55294418 0 75.01213074
98.43924713 0 75
57.66420746 0 33.67062759
55.1981926 0 41.79704285
57.66355133 0 116.328743
55.1981926 0 108.2029572
6.92022562 0 129.3240967
1.150458526e-12 -4.996003611e-15 25
6.92022562 0 20.67589951
150 4.996003611e-15 125
143.079483 0 129.3227386
143.079483 0 20.67725754
150 -4.996003611e-15 25
43.67633438 0 23.69356918
43.67633438 0 126.3064346
106.3560257 0 126.130043
106.3560257 0 23.86996078
75.03783417 0 27.58289146
75.03783417 0 122.4171066
102.1747818 0 103.5145645
102.1747818 0 46.48543549
67.47776031 0 76.62595367
122.6276703 0 22.23144341
122.6276703 0 127.7685547
47.54810333 0 104.0328293
47.54810333 0 45.96717453
144.2594757 0 145.6143646
150 0 150
138.4615326 0 150
144.2594757 0 4.385641098
150 0 0
138.4615326 0 0
5.740517616 0 145.6143646
11.53846169 0 150
0 0 0
5.740517616 0 4.385641098
11.53846169 0 0
27.30823898 0 127.7894058
27.30823898 0 22.21059418
95.13271332 0 141.8270569
95.13271332 0 8.172938347
54.86728668 0 8.172938347
54.86728668 0 141.8270569
131.3008423 0 6.809318066
126.9230804 0 0
18.6988678 0 143.1913757
23.07692337 0 150
18.6988678 0 6.808626175
23.07692337 0 0
126.9230804 0 150
131.3008423 0 143.1906891
88.47366333 0 100.7012939
88.34998322 0 49.21512604
59.75489044 0 101.5281448
59.75649261 0 48.47032547
30.26657486 0 7.258084774
30.26657486 0 142.7419128
119.7309341 0 7.259715557
119.7309341 0 142.7402802
97.99716187 8.865983009 150
57.69230652 50 150
62.96530151 41.38888931 150
69.2307663 50 150
57.00151443 15.76913261 150
69.10427856 14.13906956 150
63.22990417 23.77319717 150
122.9965286 13.14128685 150
115.384613 50 150
121.5807266 37.97558212 150
126.9230804 50 150
134.5464783 32.96899414 150
125.9898987 25.73931885 150
8.034366608 25.66662216 150
150 20 150
150 30 150
141.7632904 24.30316353 150
33.8799057 33.28376389 150
23.62688255 37.11772537 150
25.4320488 23.94577408 150
101.6773987 38.18019485 150
103.8461533 50 150
92.30769348 50 150
90.39021301 36.39182281 150
96.88806152 27.41197777 150
86.84186554 8.966294289 150
41.75145721 9.19851017 150
32.948349 13.95356655 150
44.29142761 18.24142647 150
85.32260895 26.39006233 150
79.11662292 33.71057129 150
35.91321182 23.7307663 150
52.79704666 25.19390106 150
21.98629189 9.478518486 150
14.29761982 16.68791008 150
73.73473358 24.86964035 150
80.88335419 17.89093208 150
116.0813828 25.23709679 150
111.8053513 16.4775753 150
111.7692337 34.01183319 150
34.61538315 50 150
41.64342117 40.29492569 150
46.15384674 50 150
77.36589813 8.199258804 150
43.01432037 29.22929764 150
49.95912933 33.91884613 150
138.4615326 50 150
141.5177917 41.86963272 150
150 50 150
150 40 150
8.895270348 8.527738571 150
8.003594398 42.22032166 150
11.53846169 50 150
141.9317627 7.785184383 150
150 10 150
132.7056732 6.803272724 150
135.97258 14.9078331 150
132.6059265 42.56284332 150
109.5240021 7.719204903 150
16.3352375 42.96545029 150
23.07692337 50 150
13.7669096 35.22376633 150
110.8516235 42.03352356 150
91.53560638 17.95523262 150
80.7692337 50 150
82.76966095 41.74359131 150
106.863327 26.5579567 150
73.95687866 41.46549606 150
52.36904907 42.23779297 150
61.6653595 7.455386162 150
102.7557373 17.76060867 150
50.74193573 8.006844521 150
6.24545145 16.17645454 150
5.549248219 35 150
144.2622528 15.14549446 150
143.565506 33.8283577 150
58.36835098 33.07709122 150
132.9224548 22.24531746 150
17.03156471 27.72835922 150
68.56196594 33.04748154 150
31.36850357 42.13928223 150
150 50 8.333333015
138.9027557 50 11.69818211
150 50 16.66666603
11.09724426 50 11.69818211
0 50 8.333333015
0 50 16.66666603
11.09724426 50 138.3018188
138.9027557 50 138.3018188
150 50 141.6666718
150 50 133.3333282
61.65221024 50 13.53414059
69.2307663 50 0
57.69230652 50 0
61.65221024 50 136.4658661
88.34778595 50 136.4658661
80.7692337 50 0
88.34778595 50 13.53414059
92.30769348 50 0
43.46666336 50 91.64685822
54.72651291 50 85.24108887
45 50 80
54.72651291 50 64.8106842
43.46666336 50 58.35314178
45 50 70
118.180191 50 38.18019485
104.3622055 50 35.47451019
111.0288544 50 47.5
118.180191 50 111.819809
111.0288544 50 102.5
104.3622055 50 114.5254898
66.35346985 50 28.0467186
53.55090332 50 24.13180161
75 50 18.47423172
83.75032806 50 121.9861526
96.92350006 50 125.2716217
75 50 131.5257721
96.92350006 50 24.72837639
83.75032806 50 28.01384926
53.55090332 50 125.8681946
66.35346985 50 121.9532852
31.81980515 50 111.819809
45.58304596 50 114.6830292
38.97114182 50 102.5
31.81980515 50 38.18019485
38.97114182 50 47.5
45.58304596 50 35.31697083
47.75265503 50 136.4195251
47.75265503 50 13.58048153
102.2988586 50 13.64345932
102.2988586 50 136.3565369
106.5333405 50 58.35314178
94.99302673 50 65.47916412
105 50 70
106.5333405 50 91.64685822
105 50 80
94.99302673 50 84.52083588
73.75538635 50 86.02282715
64.85283661 50 93.96818542
76.86978912 50 99.91017151
85.53119659 50 91.98032379
77.04211426 50 49.92484665
64.85283661 50 56.03181458
74.96161652 50 62.82229233
85.53119659 50 58.01967621
95.80050659 50 96.79962921
95.80050659 50 53.20037079
53.05905151 50 97.28424835
53.05905151 50 52.71575165
64.12412262 50 83.30013275
59.99420929 50 75.18122101
66.13780975 50 68.32222748
75 50 75
65.90948486 50 106.6571732
75.10807037 50 113.5639572
65.91589355 50 43.336689
75.10807037 50 36.4360466
82.70833588 50 81.11321259
90.41666412 50 75
82.70833588 50 68.88678741
84.82147217 50 40.67300415
84.80096436 50 109.3073502
127.5 50 118.9711456
113.9119492 50 121.276207
127.5 50 31.02885628
113.9119492 50 28.72379494
22.5 50 31.02885628
35.83024597 50 28.67171478
22.5 50 118.9711456
35.83024597 50 121.3282852
75 50 141.3751373
75 50 8.624866486
38.87667084 50 142.0815582
35.66482544 50 133.2331238
46.15384674 50 0
34.61538315 50 0
38.87667084 50 7.918438911
35.66482544 50 16.7668705
111.1233292 50 7.929262638
115.384613 50 0
103.8461533 50 0
114.2836304 50 16.77965736
111.1233292 50 142.0707397
114.2836304 50 133.2203369
138.3531494 50 26.53333855
131.7820587 50 21.27057838
125.6606903 50 13.35433483
11.64685726 50 123.4666595
18.21242332 50 128.7555237
24.33370209 50 136.6589508
131.7820587 50 128.7294159
138.3531494 50 123.4666595
125.6606903 50 136.6456604
18.21242332 50 21.24448013
11.64685726 50 26.53333855
24.33370209 50 13.34104919
92.21743011 50 116.8118591
94.47361755 50 107.9996719
92.21849823 50 33.18711472
94.47361755 50 42.00032806
51.55294418 50 75.01213074
98.43924713 50 75
57.66420746 50 33.67062759
55.1981926 50 41.79704285
57.66355133 50 116.328743
55.1981926 50 108.2029572
6.92022562 50 129.3240967
6.92022562 50 20.67589951
1.150458526e-12 50 25
150 50 125
143.079483 50 129.3227386
150 50 25
143.079483 50 20.67725754
43.67633438 50 23.69356918
43.67633438 50 126.3064346
106.3560257 50 23.86996078
106.3560257 50 126.130043
75.03783417 50 27.58289146
75.03783417 50 122.4171066
102.1747818 50 103.5145645
102.1747818 50 46.48543549
67.47776031 50 76.62595367
122.6276703 50 22.23144341
122.6276703 50 127.7685547
47.54810333 50 104.0328293
47.54810333 50 45.96717453
144.2594757 50 145.6143646
144.2594757 50 4.385641098
150 50 0
138.4615326 50 0
5.740517616 50 145.6143646
5.740517616 50 4.385641098
0 50 0
11.53846169 50 0
27.30823898 50 22.21059418
27.30823898 50 127.7894058
95.13271332 50 141.8270569
95.13271332 50 8.172938347
54.86728668 50 141.8270569
54.86728668 50 8.172938347
126.9230804 50 0
131.3008423 50 6.809318066
18.6988678 50 143.1913757
23.07692337 50 0
18.6988678 50 6.808626175
131.3008423 50 143.1906891
88.47366333 50 100.7012939
88.34998322 50 49.21512604
59.75489044 50 101.5281448
59.75649261 50 48.47032547
30.26657486 50 7.258084774
30.26657486 50 142.7419128
119.7309341 50 7.259715557
119.7309341 50 142.7402802
45 30 80
45 20 80
43.97706223 25 89.54033661
38.48675537 25 103.3188629
42.90461731 35 93.57180786
42.90461731 15 93.57180786
9.330759048 25 124.0220032
21.85050201 25 119.3389816
12.86916637 15 123.1205826
12.86916637 35 123.1205826
36.73794937 39.30495453 105.9869766
31.20699501 34.00576019 112.4210358
36.73794937 10.69504547 105.9869766
31.20699501 15.99423885 112.4210358
22.71447182 11.35621166 118.8465271
22.71447182 38.64378738 118.8465271
29.93858337 25 113.5958481
44.19982529 41.92711258 88.44839478
45 40 80
44.19982529 8.072885513 88.44839478
45 10 80
8.260781288 42.15205765 124.2352753
8.260781288 7.847943783 124.2352753
41.64935303 6.872775555 97.03910828
41.64935303 43.12722397 97.03910828
16.15498924 7.547917366 122.0001907
16.15498924 42.45208359 122.0001907
30.18998337 41.79729462 113.3701172
30.18998337 8.202703476 113.3701172
5.553736687 35 124.6559753
5.553736687 15 124.6559753
44.65179825 15 85.58719635
44.65179825 35 85.58719635
150 30 0
150 25 9.353261948
150 20 0
150 30 25
150 20 25
150 18.62955093 17.03750038
150 10 25
150 32.30574799 16.40316391
150 40 25
150 33.82913208 7.586319923
150 40 0
150 38.05555725 12.5
150 16.86519432 7.691231251
150 10 0
150 11.94444466 12.5
150 42.87540436 6.819941998
150 7.534376621 18.11736107
150 7.240317345 6.837427616
150 42.62150574 18.01163864
150 45.03240585 12.48281479
150 4.995306969 12.49538612
140.4596558 25 26.02293777
126.6811371 25 31.51324272
136.4281921 15 27.09538269
136.4281921 35 27.09538269
105 20 70
105.9779968 25 60.66924286
105 30 70
110.6610184 25 48.14949799
106.8794174 35 57.13083267
106.8794174 15 57.13083267
124.0130234 10.69504547 33.26205063
117.5789642 15.99423885 38.7930069
124.0130234 39.30495453 33.26205063
117.5789642 34.00576019 38.7930069
111.1534729 38.64378738 47.28552628
111.1534729 11.35621166 47.28552628
116.4041519 25 40.06141663
141.5516052 8.072885513 25.80017471
141.5516052 41.92711258 25.80017471
105.7647247 42.15205765 61.73921967
105 40 70
105.7647247 7.847943783 61.73921967
105 10 70
132.9608917 6.872775555 28.35064507
132.9608917 43.12722397 28.35064507
107.9998093 42.45208359 53.84500885
107.9998093 7.547917366 53.84500885
116.6298828 8.202703476 39.81001663
116.6298828 41.79729462 39.81001663
105.3440247 15 64.44626617
105.3440247 35 64.44626617
144.412796 15 25.34819984
144.412796 35 25.34819984
105 25 75
105 20 80
105 30 80
105 15 75
105 10 80
105 45 75
105 40 80
105 35 75
105 5 75
140.4596558 25 123.9770584
150 30 125
150 20 125
126.6811371 25 118.4867554
136.4281921 15 122.9046173
136.4281921 35 122.9046173
105.9779968 25 89.33075714
110.6610184 25 101.850502
106.8794174 35 92.86916351
106.8794174 15 92.86916351
124.0130234 39.30495453 116.7379532
117.5789642 34.00576019 111.2069931
124.0130234 10.69504547 116.7379532
117.5789642 15.99423885 111.2069931
111.1534729 38.64378738 102.7144699
111.1534729 11.35621166 102.7144699
116.4041519 25 109.9385834
141.5516052 41.92711258 124.1998291
150 40 125
141.5516052 8.072885513 124.1998291
150 10 125
105.7647247 42.15205765 88.26078033
105.7647247 7.847943783 88.26078033
132.9608917 43.12722397 121.649353
132.9608917 6.872775555 121.649353
107.9998093 42.45208359 96.15499115
107.9998093 7.547917366 96.15499115
116.6298828 8.202703476 110.1899872
116.6298828 41.79729462 110.1899872
105.3440247 35 85.55373383
105.3440247 15 85.55373383
144.412796 35 124.6518021
144.412796 15 124.6518021
150 25 140.6467438
150 18.62955093 132.9624939
150 32.30574799 133.5968323
150 16.86519432 142.3087616
150 11.94444466 137.5
150 33.82913208 142.413681
150 38.05555725 137.5
150 7.240317345 143.1625671
150 42.87540436 143.1800537
150 42.62150574 131.9883575
150 7.534376621 131.8826447
150 4.995306969 137.5046082
150 45.03240585 137.5171814
45 45 75
45 40 70
45 25 75
45 20 70
45 30 70
45 15 75
45 10 70
45 35 75
45 5 75
43.97706223 25 60.45966339
42.90461731 35 56.42819595
38.48675537 25 46.68113327
42.90461731 15 56.42819595
9.330759048 25 25.97799492
0 30 25
0 20 25
12.86916637 15 26.87941742
21.85050201 25 30.66101646
12.86916637 35 26.87941742
36.73794937 39.30495453 44.01302338
31.20699501 34.00576019 37.57896423
36.73794937 10.69504547 44.01302338
31.20699501 15.99423885 37.57896423
22.71447182 11.35621166 31.1534729
22.71447182 38.64378738 31.1534729
29.93858337 25 36.4041481
44.19982529 8.072885513 61.55160141
44.19982529 41.92711258 61.55160141
8.260781288 7.847943783 25.76472664
0 10 25
8.260781288 42.15205765 25.76472664
0 40 25
41.64935303 43.12722397 52.96088791
41.64935303 6.872775555 52.96088791
16.15498924 7.547917366 27.99980545
16.15498924 42.45208359 27.99980545
30.18998337 41.79729462 36.629879
30.18998337 8.202703476 36.629879
5.553736687 15 25.34402657
5.553736687 35 25.34402657
44.65179825 35 64.41280365
44.65179825 15 64.41280365
0 25 15.64673805
0 17.69425201 8.59683609
0 20 0
0 10 0
0 30.6506176 7.601523399
0 30 0
0 40 0
0 33.07359695 17.27807236
0 38.05555725 12.5
0 16.17086601 17.41368103
0 11.94444466 12.5
0 42.77777863 6.833333492
0 7.378493786 6.988361359
0 7.124596119 18.18005753
0 42.7494812 18.15745735
0 44.90261078 12.49868393
0 4.967592239 12.51718521
99.92471313 12.33612537 0
62.96530151 41.38888931 0
69.10427856 14.13906956 0
57.00151443 15.76913261 0
63.22990417 23.77319717 0
121.3846359 37.8682251 0
125.9898987 25.73931885 0
134.5464783 32.96899414 0
122.9925156 13.08690834 0
141.7632904 24.30316353 0
8.034366608 25.66662216 0
33.8799057 33.28376389 0
25.4320488 23.94577408 0
23.62688255 37.11772537 0
101.4885712 38.87442017 0
91.90195465 35.06987381 0
87.16312408 9.544651031 0
41.75145721 9.19851017 0
32.948349 13.95356655 0
44.29142761 18.24142647 0
87.13175964 26.13552284 0
96.33824921 24.48005486 0
79.11662292 33.71057129 0
35.91321182 23.7307663 0
52.79704666 25.19390106 0
21.98629189 9.478518486 0
14.29761982 16.68791008 0
73.70023346 24.89584351 0
80.88335419 17.89093208 0
115.8797455 24.96866035 0
110.2005081 33.15297318 0
111.7692337 15.98816586 0
41.64342117 40.29492569 0
77.43015289 8.314930916 0
43.01432037 29.22929764 0
49.95912933 33.91884613 0
141.9317627 7.785184383 0
141.5177917 41.86963272 0
8.895270348 8.527738571 0
8.003594398 42.22032166 0
132.7056732 6.803272724 0
135.97258 14.9078331 0
132.5666962 42.54137039 0
110.2113342 7.702333927 0
16.3352375 42.96545029 0
13.7669096 35.22376633 0
110.4608994 41.97912216 0
90.28823853 18.07745743 0
82.92392731 41.6086998 0
106.2968903 23.65126801 0
73.98258972 41.44301224 0
52.36904907 42.23779297 0
61.6653595 7.455386162 0
50.74193573 8.006844521 0
6.24545145 16.17645454 0
5.549248219 35 0
143.565506 33.8283577 0
144.2622528 15.14549446 0
58.36835098 33.07709122 0
132.9224548 22.24531746 0
17.03156471 27.72835922 0
68.5605011 33.04809952 0
101.2452316 31.04571724 0
31.36850357 42.13928223 0
61.94428538 13.69091957 124.6341602
40.07790726 35.97240265 21.85447368
42.41955564 17.09662623 124.6563798
57.95559248 27.91533206 136.220108
75.89789667 22.4941785 136.7781114
45.83543468 10.32724587 139.9489145
93.61787398 39.57387643 122.6731452
57.84442759 30.74121687 20.00583576
117.9601983 16.17462021 15.90240635
80.78158793 30.90496955 10.96464721
89.39460224 23.81536954 104.6746969
53.93587826 36.12001043 33.13409947
97.69125538 11.77262699 60.94230049
31.56318376 9.360601148 138.7074635
63.68536391 12.35578559 95.44765509
48.98641243 11.8370144 44.79533771
111.1925432 20.73087849 120.2352432
80.90233081 21.59107419 56.50829079
111.2896368 40.05567115 138.1821973
128.7531111 40.5013687 19.24563463
19.67438892 40.27645039 137.7403126
56.54583722 35.79431458 102.9221883
89.1546886 18.03596294 31.45614679
42.2419549 14.36860383 21.97042978
9.824412857 24.07343593 9.895133068
26.31945517 28.9662824 138.6725684
39.49251775 40.2619022 135.0650539
92.09834387 41.02371251 55.321989
85.06246207 7.777761413 10.00468838
19.55675267 41.29981771 16.53625815
77.24219958 13.39600431 47.28719113
76.79128815 29.91080847 86.70172583
34.41444209 42.01920063 10.36204825
134.2630714 25.59737696 135.9281464
137.340733 37.6381427 134.7159154
52.45040202 18.13238608 32.52152761
81.75955697 43.71798088 87.12371527
96.60758132 17.63858416 132.5555162
61.51874774 31.47020409 91.9637107
75.54384312 33.60316241 51.25236984
98.52416803 24.79620951 51.71553393
119.8160885 36.43430493 11.87311435
104.2025168 40.837345 107.4930205
74.26117678 14.02961956 119.4194339
88.48367143 36.40173175 140.949514
80.18596472 36.86775248 71.78651193
63.3329992 9.580463708 48.75322531
95.83628197 30.80738747 81.93186527
74.0579625 17.53909527 35.16997106
90.14403456 24.50715127 70.31524495
135.2165884 28.63315599 12.81262083
71.76970742 41.31493472 37.40781764
91.5388782 13.79809742 88.09870075
102.8778909 22.39278654 110.6661658
46.26706461 19.03975423 10.10136548
101.5254908 8.46958459 138.4137029
112.7654838 24.39279091 30.92495079
12.39194313 10.20030136 11.10016131
95.58868217 16.73194063 42.84209874
76.64932407 17.56002157 76.24568816
18.58155405 12.26560817 140.5945216
65.14150402 17.07279372 13.01097846
76.24899442 13.09456991 106.1540061
47.45125848 41.64516056 44.03760908
128.6228426 12.55273632 9.39332842
106.4890565 27.34110737 10.05717497
58.59437335 42.2913436 9.977550151
51.95750799 30.59403006 59.91712554
100.4627441 11.04759817 9.430185843
73.62863949 33.85808354 105.1721009
141.7484388 10.82512151 141.0294599
74.22821313 9.491931431 85.32709744
61.55539752 24.02636913 54.73053938
54.7780683 9.638166632 16.06040052
96.21026355 39.34951588 93.58769975
58.54852238 25.35964024 70.02796356
70.68718681 10.79589435 25.70281179
39.14918044 40.23287033 116.3723614
41.74023254 14.48741195 35.60236788
69.88452294 35.45606598 22.24244676
57.31154713 20.91974319 87.19789261
56.56522961 41.98248896 57.15153223
109.7280881 8.596906909 115.2108884
102.6665909 39.78495524 16.36638501
37.13412456 7.508565553 13.66329354
23.79315674 15.07622181 20.88350721
49.27633381 19.91897692 106.7692067
30.60133681 23.8223973 27.70783394
62.86140172 37.87262289 75.1440875
92.22981407 9.735262863 108.1536127
76.97854136 38.05843822 116.8444344
54.56465058 29.5810902 47.26231068
109.7310574 17.34557471 140.708968
97.41295207 18.37511832 120.7177902
66.86923683 6.935935547 59.81054081
61.12918359 42.20059381 45.88608265
67.69292713 43.30411068 139.3836346
84.76301698 23.17034949 92.08025324
104.750335 35.80390348 33.9575543
82.108967 9.245601623 60.15896521
49.50783051 41.53674358 124.7736632
110.9626581 33.39757959 24.3948414
58.27132075 8.422165389 141.4835516
110.0993446 29.22269681 133.8889353
52.86039463 11.07693373 73.78491926
91.03137529 33.79051888 29.719051
79.42816037 34.34777254 32.7988647
23.7958527 26.71572727 19.29629395
99.58635373 9.680975308 27.17052403
108.1787145 6.883127246 19.54180544
86.03495485 9.337399154 125.9418456
71.88532163 38.40450654 63.24737983
7.421864176 28.4310102 133.3250287
46.96864018 43.59219457 7.869894726
64.78508629 19.98040505 77.71998548
118.7941883 39.2213069 125.4008604
41.48624701 21.66961392 139.4774645
51.70016097 28.9329248 122.8944632
65.11460014 38.4703802 117.1508606
54.56780504 38.24881215 142.1892115
116.2854836 9.448715132 137.3463334
96.3610116 29.02982739 41.58863174
140.0250458 41.03664463 17.56779386
33.32482569 28.47535659 122.6676697
10.66902048 30.53310144 143.7717441
113.5092648 10.4383467 29.34864949
134.1851869 12.60921886 132.4685556
33.25156995 22.93699329 9.49480543
68.20557252 28.62385975 14.12413114
26.22878897 10.25771927 8.501924246
63.05565793 22.63327418 35.8705782
82.95203779 6.506093001 143.3077377
79.21502793 26.05420019 22.35101745
125.9291868 25.54346254 20.19623115
81.16933039 45.25658367 12.49578912
141.0716871 14.02056713 17.33073207
13.31615571 20.21734847 20.2167286
90.34726292 40.14707929 5.861542545
114.4846381 7.085467378 8.177562542
78.05023973 15.15879392 94.13082366
94.40597955 32.81887242 110.648598
93.9812014 27.97952004 10.88418804
92.17940172 8.614879208 70.34911819
58.68417556 6.77884842 27.38756578
86.18434888 21.06940738 5.867641093
45.9230417 40.06843516 106.9916293
66.72258237 16.44266012 64.3045731
58.19338387 11.79778644 109.8145033
83.57314423 41.33716154 106.7262033
72.73918606 22.80830636 98.28489451
124.1064974 23.30037342 8.329666797
122.087551 24.66104317 134.3544839
34.00171924 7.20817938 24.02348103
129.2166563 34.78673493 142.4091836
71.58070113 29.71971717 76.49207474
52.30235835 42.24848804 79.13280331
93.31165197 29.5891336 128.8646279
88.30368567 6.911835413 27.53602571
52.30702758 33.46534285 73.39558009
118.6764135 40.33189487 27.86039551
79.26570599 38.79880492 133.6867012
102.1394315 25.98919409 126.2187713
68.62982107 27.44158454 129.1912419
64.59773425 19.81219067 108.9443846
42.80840639 25.58670115 18.05992103
8.354336236 8.825540905 136.8806091
60.43987507 29.75050493 7.037659992
81.74514947 7.003664559 35.73846479
79.34136664 16.57924948 16.20455728
110.9651136 43.99788438 21.62545839
96.71103021 38.57423759 72.33883254
45.16108193 8.111106882 106.4653396
54.72725546 44.16162789 133.5271947
88.90885483 35.90879394 45.42559022
98.43444995 26.43728226 63.71167794
80.00926818 23.47602726 42.03533108
71.41297049 43.29773326 49.15979796
69.27383575 38.84376017 127.4475458
75.61888241 35.25950207 142.8974823
10.57400996 36.72687552 8.478660137
42.53962383 6.149920534 120.4479971
97.87938992 24.51617423 92.80531384
49.27692477 26.58228659 98.73586717
41.41790784 25.46202595 32.21529092
123.9726863 8.782595497 24.28613724
66.42576824 23.34694445 120.4513255
85.93604675 38.32041896 20.04183185
83.58211256 31.59682146 122.1909361
41.24364553 35.90405541 34.24108139
52.52395896 7.312456936 87.3224194
59.79115645 44.17896498 85.59451894
27.05929829 16.26024112 131.212718
48.22529517 28.95007543 141.954926
74.63305658 12.67442574 6.549866664
56.11227132 6.647564813 56.14474391
96.26001587 25.11575023 23.00959185
48.65173235 10.2927156 95.57272161
140.2627646 19.06829825 7.569128366
49.61985645 31.48275165 89.7254197
28.52180622 37.160401 20.79800028
7.79569142 42.70288934 133.2208178
46.91640711 6.319708562 8.85831144
73.70495313 12.11581817 131.1846502
101.5835923 14.38495498 104.080571
105.3400923 20.05194185 37.67773435
80.37850434 43.30501584 125.1304373
97.59429354 15.22983556 78.56819677
90.41368965 22.98077218 142.6381209
97.47742431 42.61324514 134.7696826
120.5587872 5.17667108 15.61396141
109.059996 44.43878407 40.62054585
15.34578596 16.17852495 129.9560169
47.18666161 30.20493243 8.33304826
94.10024928 4.188539028 16.83599724
81.38493409 31.91712433 98.00760469
67.86933536 5.805251171 7.271792185
66.53595711 18.687248 44.17063632
87.77375716 12.84022155 77.96481455
126.1707266 7.586900735 139.0381149
113.0990364 31.58123125 116.5472056
33.93971493 43.46410919 126.4513071
118.5796287 28.46031817 143.2748071
93.25439011 7.211903537 96.69769196
6.389912347 28.99360493 19.41125655
90.56717912 9.079781107 50.28155316
114.7128644 43.93310235 5.747316443
98.08138427 4.822853082 119.582501
54.96408846 17.91898687 61.86207499
107.1812152 43.2572795 119.7848079
52.61375879 13.96272431 117.7831395
70.91809577 43.61620995 81.47999573
138.4309768 9.054947863 8.780526604
90.43824371 11.51767724 138.4898671
79.78419489 44.55369384 56.21707547
69.43665579 3.97915645 135.4522485
141.2713659 37.90200295 8.218688418
104.5976985 35.67820967 126.886598
125.2925674 45.3883785 5.74396754
22.10451257 6.254639448 131.4465179
29.63749902 19.02272031 144.4105646
85.80980012 42.22551187 36.5807607
5.826715403 19.43960526 137.4901765
64.55290109 16.28852951 143.7346284
57.04590318 26.26859011 110.0580111
145.0682937 25.42121885 129.9351289
109.0355854 9.593378247 129.3307369
137.2468449 44.24532365 143.1002624
39.41168556 21.89371656 112.5851778
51.41486974 7.604083732 33.49351649
66.53789476 6.62995732 35.16859437
57.50837998 4.718146976 130.1190327
40.15029226 35.06208741 144.5970417
76.70746068 43.3279024 23.74202475
83.86045345 6.184333004 102.4852286
40.18189688 45.25508916 33.48380273
87.94114699 20.11028118 15.87220852
57.0716305 7.755953251 6.098572504
118.7956986 29.0511909 126.0280111
79.98407746 8.583436913 69.81441644
93.61335359 41.61327055 80.57344925
58.48492893 36.91306971 66.29302468
10.1362057 42.31314177 143.2012107
29.80673591 32.28291895 11.25118313
64.70559265 31.56988405 61.94371378
51.12934476 26.49105807 81.72593345
24.9359644 6.070784243 26.21878371
127.3386566 19.56958512 142.5436209
127.7194969 41.79313452 128.6696306
57.62074776 19.22087063 46.43221021
98.36681779 39.01279079 40.61210996
90.47050477 5.335901023 38.91749889
56.97610717 44.01106124 111.5808156
15.68349484 22.41433716 139.4784355
28.94511742 37.93931392 144.8557313
87.7750378 23.62274022 80.40517968
69.33571421 41.82165106 91.93477678
94.23261075 5.919107196 79.891109
123.5176776 42.65931117 141.2895404
75.85063701 25.11127971 118.5494308
103.4194268 29.09493015 100.3080932
66.68831056 43.91669069 16.93766851
122.0906992 19.1386298 121.7204308
57.01464387 21.26685393 6.428102696
98.96240108 6.860332179 41.45340538
92.80306128 44.56977723 21.26036908
87.49916716 36.00057149 64.22154659
106.8486287 19.56324163 24.07770453
58.10241672 11.03131708 38.72538921
67.01622977 31.54318712 33.00286697
142.2473671 22.46005292 142.180844
30.15038489 5.97299085 122.120477
72.73987998 4.513953209 43.20779913
105.1327789 31.98421494 46.13382096
53.95052303 42.96095721 93.49422507
62.08438351 34.33223001 52.87883457
108.7428091 37.07142248 9.063376178
51.82679132 41.01871014 22.15757271
68.5244525 31.63409508 138.482344
93.08606468 42.07898816 111.5725504
122.9120933 9.325262053 129.3472068
72.16193402 40.80175934 7.204052629
37.61588707 5.467430957 33.0865882
47.41384679 27.77646666 131.5343905
23.31793193 33.58754826 125.2565049
81.11501515 19.83352604 124.0501887
98.44025941 16.23965398 144.3312253
88.32768871 26.45363331 46.83362569
63.27619785 17.21514407 26.05891705
80.23671644 43.42477623 141.933203
18.6661777 18.35190123 8.162904322
78.33357433 26.14393475 66.15007914
86.89215163 6.585274171 116.3665417
99.27741527 36.60664949 61.14522766
99.80409845 37.94837345 142.7120881
22.37417699 43.19557035 4.367989041
100.2547986 31.43038833 135.4493276
92.89406737 6.038923634 131.8944393
53.2279502 18.50372089 132.777581
62.89479173 41.62646057 29.08486758
132.5607612 42.04389604 9.363303871
102.8501792 44.97379998 8.079171725
80.92605238 43.43586216 45.5671463
145.2903346 29.29037942 11.97005694
66.31797856 9.305092528 77.95646954
18.90642507 25.27364691 127.0216933
43.25340959 32.50225346 42.22870518
71.95199521 7.089065206 72.26832123
63.68604425 7.270643223 85.71483699
109.0628164 7.33001322 37.70663689
135.3894438 7.480396529 21.54484097
87.78569733 42.96732645 132.9113163
68.77019754 8.573611153 146.0890738
45.09432971 44.59992445 145.3702722
17.77513262 31.71384011 11.8676156
52.61400543 5.003984336 116.0379739
41.84545631 30.50406363 112.1125819
126.1958118 17.80053698 129.1179134
50.12355846 18.60795043 146.0954475
121.1641623 34.72698364 137.6555792
99.28144088 25.72336111 31.83899067
108.7875436 18.3525508 5.756122233
83.048303 4.153318385 133.5432708
48.68917917 4.064864401 129.980278
50.45593923 20.88072099 74.60938512
32.75591255 44.21518849 25.4951408
99.99891901 8.107173702 128.0392337
90.07719157 4.067893552 61.54571075
85.03424487 44.13546087 97.5206646
58.5545666 29.93521219 78.92730135
100.38633 31.39089173 118.8558454
64.53345051 30.91814023 108.2628158
70.42919281 4.437424372 110.6700516
75.02123997 12.5531641 140.8571339
142.9025756 9.236624109 130.7204035
66.72449567 6.387513522 103.2729166
67.56334773 4.645046783 17.35108297
38.54525974 4.797440179 112.0650003
85.87557935 44.48712239 62.91839864
107.5269163 20.44469546 131.5688139
104.793138 45.06953455 29.55563687
41.65580765 13.35652968 113.6441682
105.691273 18.76027378 46.45531836
131.5271077 12.56222148 145.3271578
109.1074573 29.97933783 143.5713338
42.11502357 32.86719318 127.7670539
62.19774505 3.889901361 111.9275702
55.53290581 45.05170912 70.08475117
25.09521503 44.66800686 124.1503209
37.51293822 5.321809945 128.9808657
31.31228133 33.08288805 130.8001636
87.66327699 28.25265446 19.55998933
122.8197046 29.69277467 28.065457
7.050872698 38.42092307 19.06511314
13.96885581 35.43964144 130.5526724
70.95662829 43.91393907 109.2427505
102.8649486 46.07431895 142.9291359
60.33001328 22.80955807 99.28255977
65.46701158 19.88668141 134.5659704
99.64344422 20.26486231 13.32524122
61.28516501 4.662253336 69.29738573
116.9025306 16.54194304 128.7713289
51.68027137 46.51271114 36.01049216
34.17472002 6.216115723 3.613314237
16.05353533 6.830723241 20.83104753
6.928113059 12.58499772 19.25244286
73.87176261 24.34196338 110.4265224
79.31245203 5.243313358 119.4531763
61.54397059 43.48444282 124.2364413
86.29203367 12.55716004 41.6513578
126.7231683 34.05593386 124.3819454
142.0876391 31.14517717 142.1550999
93.32039423 14.69072669 22.31811693
76.86581113 39.36142707 94.69278277
50.82619723 8.84418379 63.4763066
70.4004097 23.02047363 70.78811038
145.2911481 27.41717496 21.01007307
101.5828676 12.82058662 112.6306309
42.48525776 46.61597386 17.12110339
129.3761978 16.02672978 21.30797584
93.08520037 40.4427728 103.0192937
52.44773889 18.38373772 21.11303377
37.34849331 25.69068153 131.624778
22.68861544 32.91161516 26.28146896
91.74068487 29.90177633 58.85449877
42.71780803 5.102988033 39.65060625
82.37752628 29.13611533 144.0011074
10.73982652 4.471941684 145.0917959
116.9686966 9.352526319 121.9681916
54.14096583 35.28271475 115.3667692
36.91839641 5.816664664 146.5771768
85.28690477 43.35003539 27.50919243
28.5980022 14.41571718 29.81438522
89.60425082 3.953943656 86.86578183
81.07557403 7.680631786 78.83299758
72.12044314 23.02871811 27.2474679
99.78614328 3.956151357 68.91236225
100.469067 30.17973584 144.8428096
48.75653024 23.36292117 65.51399446
126.8699766 36.90636113 4.123478592
35.00735268 20.78309174 18.0713228
92.80115062 35.58495552 15.37147889
97.78700054 14.28222319 96.19786088
16.24422309 32.31551427 21.74381055
78.14417729 7.602156248 19.53806784
120.5471683 16.28776976 29.01786936
79.95873619 4.618846058 111.1477992
30.0561443 16.28951782 120.7904147
120.8364245 5.287996081 146.5631428
59.26296406 3.264414191 92.25358694
125.7798957 3.841953483 5.688867114
47.40381556 37.9902602 97.88481508
110.567646 44.06375121 128.0074927
100.7418198 34.58215365 24.36218534
42.96839586 20.04922695 46.07071992
78.04644191 6.024887099 95.42632374
78.56317821 34.00648738 41.95100988
68.75419112 21.97614069 4.307843014
84.99740558 27.91330479 131.5132001
98.36475727 45.2494002 34.22000913
70.66902434 21.26046384 85.56601769
83.93907378 45.55166634 74.1814887
63.05525594 29.75233644 42.73702475
100.4656068 34.50504946 8.218346223
75.12917451 31.38541582 124.2212596
73.13898777 46.77662001 68.40105598
11.07983601 46.11109617 5.189688991
52.13677133 5.049961515 102.1274474
48.27206478 22.58119892 116.8648139
84.09530541 4.98223598 46.60274847
78.00211087 16.72374644 66.01227678
118.9368709 16.38801899 5.189244547
107.5414194 15.88477924 14.13517784
69.85442529 42.30603318 100.3510131
29.44766198 29.04764138 3.494372139
99.24054535 10.10885171 49.63989673
89.06384191 15.30715778 98.65525061
138.9174626 45.72533677 5.932900208
142.9715391 4.868431661 15.23673072
52.3244784 9.560377926 124.994209
37.01601924 30.83095257 5.671629229
93.08746572 33.27120242 100.1201092
12.8636847 3.567321025 131.0714345
116.4854286 43.71025718 117.7815393
108.5160809 32.00574575 109.3526354
71.21918857 3.202695785 93.21522835
75.55309796 5.879251407 53.71940733
30.15034563 33.59802946 28.49038072
94.95836657 44.02561081 13.38771351
116.6380287 28.87783249 18.12438318
97.78443864 4.052740722 89.09490005
116.9022327 3.440008562 127.9574457
20.35551314 22.4105746 146.3442741
46.89826113 32.20371477 52.06957662
98.64239532 44.1335227 65.99080761
7.64049598 14.28782541 143.7969556
97.86233054 40.41567752 28.24932031
26.52261884 26.95862892 128.9371785
91.89621495 44.55140511 145.9929221
73.33499195 29.00084857 59.7012766
47.20421568 46.12472346 54.1343154
90.8145322 19.20753523 53.49608863
83.2904212 26.42504528 30.37442753
31.2359117 44.94589837 137.8399982
96.51217503 34.73424134 49.12901864
134.1862991 21.27790829 127.1215407
57.17707437 26.82294919 29.57889995
63.68981596 44.39114821 65.00849044
55.43050367 35.42768077 128.9476122
58.40263491 26.46319509 146.7056634
42.11461508 27.98268635 120.0234495
17.34030492 5.641198709 3.199891643
90.81448238 21.90943871 60.55205347
85.99216776 32.73280027 108.3715691
85.13330295 18.00410747 136.2250974
36.46741283 17.42023114 133.342132
46.26922589 12.59941643 3.08012938
106.7750342 4.247307778 106.6492748
93.44764592 6.159805404 3.471522888
92.65380046 17.96231448 112.6725931
5.798819403 4.187052888 15.59175072
129.1192633 4.62045826 17.15615017
53.85556795 17.00053427 97.83927568
84.66630503 16.44638422 143.8360419
99.64392587 21.3630533 4.50618067
86.4403588 36.90906045 81.46158793
82.3340876 5.716758881 88.33072986
120.3472393 31.49098323 3.470540261
37.17464853 43.83439073 146.8807967
8.01220892 20.19700174 128.210181
86.34549225 11.5692525 19.81316241
73.39807722 29.81308192 37.79149217
55.7227567 3.654428168 79.40849781
51.91878564 26.53104869 37.47799126
29.00753224 38.6175188 121.5221748
99.23962758 3.628643887 110.2747714
94.58107681 44.50258613 45.87370921
28.59860071 7.42188739 17.00613517
62.06457229 43.78927478 98.96836706
90.18402023 31.18568568 91.79673698
121.530535 34.1522452 21.93038468
106.4507356 6.274461835 47.24086877
66.82002364 5.435128879 118.0994987
70.437307 32.9810835 95.85142484
5.751785507 46.38872008 15.53277962
66.19441509 26.53801198 24.04517779
56.9394207 17.59590303 140.7041339
81.0079446 34.83298366 59.55835254
24.93683362 43.42120865 26.67139332
89.70602319 23.48039396 39.59453812
125.2152587 4.412975681 123.4985833
62.70295747 35.87837587 145.8578345
118.577492 15.77890437 144.1097704
39.30455952 24.24663475 40.30607477
61.62612159 46.27635553 145.9342541
45.03416062 44.23811927 26.01380568
59.51200427 13.24298635 80.79841258
21.76184937 44.53836745 146.5341486
136.1113255 21.86504092 19.78389751
100.9883487 46.50894197 41.11266694
