// ================================================================================
// CHRONO WORKBENCH - github.com/Concrete-Chrono-Development/chrono-preprocessor
//
// Copyright (c) 2023 
// All rights reserved. 
//
// Use of the code that generated this file is governed by a BSD-style license that
// can be found in the LICENSE file at the top level of the distribution and at
// github.com/Concrete-Chrono-Development/chrono-preprocessor/blob/main/LICENSE
//
// ================================================================================
// Node Data File
// ================================================================================
//
// Data Structure:
// X Y Z 
//
// ================================================================================
0 63.37104797 158.7585602
0 58.4503746 167.4334564
0 67.6891861 171.1376343
0 67.6891861 28.86237144
0 58.4503746 32.56653976
0 63.37104797 41.241436
0 100 94.11764526
0 91.318573 100
0 100 105.8823547
0 0 105.8823547
0 8.656285286 100
0 0 94.11764526
0 68.82985687 88.13802338
0 63.5868187 99.70075989
0 72.71598053 99.89828491
0 68.67668152 111.6668777
0 91.90196991 147.1199036
0 100 152.9411774
0 100 141.1764679
0 100 47.05882263
0 91.90196991 52.88010025
0 100 58.82352829
0 0 152.9411774
0 8.087219238 147.1320343
0 0 141.1764679
0 0 58.82352829
0 8.087219238 52.8679657
0 0 47.05882263
0 51.43780136 10.8105135
0 55.55555725 0
0 44.44444275 0
0 55.55555725 200
0 51.43780136 189.1894836
0 44.44444275 200
0 89.82898712 171.4642487
0 100 176.4705811
0 100 164.7058868
0 100 35.29411697
0 100 23.52941132
0 89.82898712 28.53575325
0 0 176.4705811
0 10.17363262 171.470108
0 0 164.7058868
0 0 35.29411697
0 10.17363262 28.52989769
0 0 23.52941132
0 72.7612915 190.376709
0 66.66666412 200
0 77.77777863 200
0 33.33333206 200
0 27.13699341 190.3326111
0 22.22222137 200
0 27.13699341 9.667391777
0 33.33333206 0
0 22.22222137 0
0 66.66666412 0
0 72.7612915 9.623288155
0 77.77777863 0
0 90.42845917 123.665596
0 100 129.4117584
0 100 117.6470566
0 100 82.35294342
0 100 70.58823395
0 90.42845917 76.33440399
0 0 129.4117584
0 9.585169792 123.710289
0 0 117.6470566
0 0 82.35294342
0 9.585169792 76.289711
0 0 70.58823395
0 33.54483414 153.6532135
0 23.26608467 147.6855164
0 24.7335434 160.232254
0 24.7335434 39.76774216
0 23.26608467 52.31447983
0 33.54483414 46.3467865
0 28.16877937 102.3119965
0 25.60892296 112.5250092
0 37.24452591 110.1497574
0 28.18213654 84.26972198
0 42.50791931 78.93897247
0 31.64033127 74.67285919
0 37.24452591 89.85024261
0 74.2385025 159.760849
0 74.2385025 40.239151
0 39.45129013 99.35266876
0 52.42626953 159.7162476
0 52.42626953 40.28375244
0 48.44249725 140.9760437
0 60.4024086 139.1395569
0 52.18767548 130.22435
0 52.18767548 69.77565002
0 60.4024086 60.8604393
0 48.44249725 59.02394867
0 47.36713791 89.18461609
0 49.32598495 99.96109009
0 47.37364197 110.580513
0 42.50791931 121.0610275
0 0 200
0 9.554018021 190.3413239
0 0 188.2352905
0 11.11111069 200
0 100 200
0 90.44598389 190.3413239
0 88.8888855 200
0 100 188.2352905
0 100 0
0 90.44598389 9.658678055
0 100 11.76470566
0 88.8888855 0
0 0 11.76470566
0 9.554018021 9.658678055
0 0 0
0 11.11111069 0
0 39.61465073 68.94991302
0 27.3005352 64.01383972
0 37.47573471 59.8350563
0 32.11926651 125.5371552
0 39.63802719 131.0603333
0 27.36040115 136.0124207
0 37.47573471 140.1649475
0 16.87174225 182.3655853
0 25.60779953 179.9356232
0 35.16032028 184.3940277
0 39.81947327 174.6139984
0 29.0534668 170.4422455
0 64.12832642 184.7123413
0 73.55565643 179.6790619
0 83.12759399 182.3559875
0 16.87174225 17.63441086
0 25.60779953 20.06437683
0 35.16032028 15.60597801
0 29.0534668 29.55776215
0 39.81947327 25.38600349
0 73.55565643 20.32093811
0 64.12832642 15.28766251
0 83.12759399 17.64400673
0 8.133141518 88.26921082
0 16.9185257 83.79109955
0 7.871649265 111.7647095
0 16.68659973 115.3124695
0 68.85805511 74.92319489
0 78.4405899 75.86726379
0 82.82215881 84.61575317
0 72.75650787 63.77277756
0 83.62154388 67.58163452
0 68.85805511 125.0768051
0 78.4339447 124.1242676
0 82.82215881 115.3842468
0 72.75650787 136.2272186
0 83.62154388 132.4183655
0 21.33305359 75.79716492
0 16.35371208 67.52490997
0 22.83392143 123.1982193
0 16.35371208 132.4750977
0 91.85835266 88.30832672
0 91.85835266 111.6916733
0 92.67656708 135.2941132
0 92.67656708 64.70587921
0 7.298018456 135.2941132
0 7.298018456 64.70587921
0 39.16044235 191.8326111
0 39.16044235 8.167394638
0 61.11111069 6.932126045
0 61.11111069 193.0678711
0 7.319878578 181.7765808
0 7.319878578 18.2234211
0 92.68051147 181.7734833
0 92.68051147 18.226511
0 67.46524048 148.2386932
0 76.70600891 147.6404419
0 67.46524048 51.76131058
0 76.70600891 52.35956192
0 7.592349052 158.7794037
0 16.16722107 162.6699219
0 7.592349052 41.22059631
0 16.16722107 37.33007812
0 92.40899658 41.22006226
0 83.87771606 37.27173996
0 92.40899658 158.7799377
0 83.87771606 162.7282562
0 57.8118782 177.1247864
0 48.95209885 178.9197235
0 57.8118782 22.87521935
0 48.95209885 21.08027267
0 78.71960449 28.81232643
0 78.71960449 171.1876678
0 20.28870964 170.8039551
0 20.28870964 29.19604874
0 19.66992378 94.02793121
0 17.77702713 105.9903488
0 81.56048584 94.5476532
0 81.49203491 105.531456
0 56.60422897 105.824379
0 55.75934982 115.2726746
0 17.74568558 192.5762787
0 82.24898529 7.421922684
0 17.74568558 7.423718929
0 82.24898529 192.5780792
0 56.35642242 93.94399261
0 56.22011566 84.6502533
0 58.17473221 148.6535797
0 49.18119049 150.4590454
0 49.18119049 49.5409584
0 58.17473221 51.34642792
0 34.89238358 163.7408447
0 43.47806168 164.510437
0 34.89238358 36.25914764
0 43.47806168 35.48957062
0 50.15636063 170.3864441
0 50.15636063 29.61355972
0 82.60932922 141.2200775
0 82.60932922 58.7799263
0 17.39160919 141.2613525
0 17.39160919 58.73865128
0 41.17937851 147.8938904
0 41.17937851 52.1061058
0 16.20633698 152.960083
0 16.20633698 47.03992081
0 83.1750412 46.73597336
0 83.1750412 153.2640228
0 62.62068176 131.0216217
0 58.89875793 124.4402008
0 62.63123322 68.97502899
0 58.9515152 75.54308319
0 42.90602493 183.7899628
0 42.90602493 16.21003151
0 30.254776 93.74339294
0 32.1076355 117.2521973
0 43.16313171 156.3197937
0 43.16313171 43.68020248
0 63.21488571 80.81363678
0 63.04821014 119.1141357
0 51.19717407 120.8090286
0 51.26960373 79.14402008
0 31.84919357 145.7662811
0 31.84482956 54.23563385
45.75125885 0 109.1297073
47.31353378 0 105.6158142
49.93761826 0 108.2596283
43.67737961 0 106.2467117
52.68646622 0 105.6158142
53.93127441 0 109.7330551
56.32262039 0 106.2467117
41.99404907 0 146.3695221
48.60974503 0 143.3441772
50.52332687 0 150.2447968
44.36128616 0 137.3557129
45.00228119 0 186.6814423
50.2637558 0 176.6635284
55.96019363 0 185.1836395
57.31775665 0 156.0503693
59.01755905 0 148.3106842
64.98170471 0 153.1316986
52.5 0 22.22222137
64.44832611 0 26.20667458
52.5 0 33.33333206
47.5 0 33.33333206
35.55167007 0 26.20667458
47.5 0 22.22222137
100 0 94.11764526
89.30123901 0 86.21689606
100 0 82.35294342
10.69876194 0 86.21689606
65.30858612 0 68.40477753
65.83763123 0 55.82183838
75.98020172 0 61.11111069
24.01980209 0 61.11111069
34.16236877 0 55.82183838
34.69141388 0 68.40477753
81.23162842 0 140.3048553
73.09128571 0 148.0402985
69.93587494 0 139.5210266
81.4637146 0 151.5707245
27.07763863 0 147.8190155
18.826437 0 140.3218842
29.77603149 0 139.0593567
18.53628731 0 151.5707245
55.07596588 0 124.9552231
54.33531189 0 120.0053787
59.57831192 0 120.5373993
42.67638779 0 155.6151733
34.83218002 0 152.7992554
25.91061211 0 189.0780945
33.33333206 0 200
22.22222137 0 200
66.66666412 0 200
76.24871826 0 188.5896149
77.77777863 0 200
100 0 35.29411697
90.03801727 0 27.50141335
100 0 23.52941132
85.25999451 0 40.42583084
77.79605103 0 29.28371429
83.77508545 0 18.82834435
9.961981773 0 27.50141335
14.74000835 0 40.42583084
22.20394516 0 29.28371429
16.22491646 0 18.82834435
49.98752213 0 104.7642746
48.75 4.807406961e-16 102.165062
51.25 4.807406961e-16 102.165062
41.49039841 0 129.6383362
36.69995117 0 134.17453
40.42168808 0 120.5373993
45.55272293 0 119.8213272
44.78878021 0 124.8666534
27.46011734 0 166.348053
35.16848755 0 162.059494
36.56043625 0 171.74086
43.13289642 0 164.458313
23.31607437 0 123.5104523
16.75838852 0 117.8360901
25.93734169 0 116.3928299
16.44885445 0 129.1590729
76.36147308 0 123.7181091
74.06266022 0 116.3928299
83.24160767 0 117.8360901
83.55114746 0 129.1590729
72.81794739 0 157.0870819
27.31521416 0 157.0489655
73.91249847 0 176.4565277
64.33049774 0 171.2949524
72.64883423 0 166.4529572
66.52080536 0 182.433075
83.53005981 0 179.5860138
10.47181988 0 65.33376312
13.34661102 0 53.8592453
100 0 70.58823395
89.52818298 0 65.33376312
100 0 58.82352829
86.65338898 0 53.8592453
8.803178787 0 135.4140778
91.20373535 0 135.4120483
100 0 129.4117584
100 0 141.1764679
52.5 0 88.8888855
58.13858414 0 97.37300873
52.5 4.532103482e-32 100
65.03324127 0 96.98215485
61.54216766 0 101.9478073
41.86141586 0 97.37300873
47.5 0 88.8888855
47.5 0 100
34.96675873 0 96.98215485
38.45783234 0 101.9478073
52.5 0 77.77777863
61.28367615 0 87.65196228
38.71632385 0 87.65196228
47.5 0 77.77777863
24.36250305 0 132.4076691
29.85054398 0 125.9848862
75.33389282 0 132.3934631
69.13723755 0 126.6845245
26.5056591 0 176.6564941
33.80542374 0 182.3739166
16.42197037 0 181.7378998
50.09215546 0 159.3415833
57.50787354 0 164.4632111
65.70597076 0 146.0708771
100 0 105.8823547
89.97583771 0 98.06467438
85.90245819 0 108.0381546
79.94908142 0 93.04684448
10.02416134 0 98.06467438
14.09753895 0 108.0381546
20.05092049 0 93.04684448
100 0 200
88.96148682 0 188.9393005
100 0 188.2352905
88.8888855 0 200
65.53873444 0 161.6295776
35.77706528 0 128.0431824
10.1287899 0 189.6706085
11.11111069 0 200
33.09606171 0 115.9536362
31.5291996 0 110.3523026
66.9069519 0 115.9581528
68.47080231 0 110.3523026
34.25711441 0 145.3666382
53.67438507 0 130.3117676
49.96705246 0 126.7765503
59.12770081 0 129.7214813
51.09461975 0 111.3033524
100 0 152.9411774
90.76930237 0 146.2256012
9.241528511 0 146.228775
45.26002502 0 102.7366257
54.73997498 0 102.7366257
8.363934517 0 123.9933929
91.63721466 0 123.9930496
100 0 117.6470566
41.87717438 0 178.219635
61.42523575 0 38.70632553
52.5 0 44.44444275
38.57476425 0 38.70632553
47.5 0 44.44444275
100 0 164.7058868
90.71673584 0 155.9483032
87.2901001 0 164.8287811
9.283266068 0 155.9483032
12.72418499 0 164.833252
77.8311615 0 83.38244629
84.09755707 0 75.7153244
22.16883659 0 83.38244629
15.90244007 0 75.7153244
50.20044327 0 167.8044891
55.55555725 0 200
62.14912033 0 191.4489899
22.06845284 0 109.624527
27.2032032 0 105.0482483
77.93154907 0 109.624527
72.79679871 0 105.0482483
74.36495209 0 72.92904663
68.28387451 0 80.70249176
25.6350441 0 72.92904663
31.71612549 0 80.70249176
70.75198364 0 89.95792389
29.24801826 0 89.95792389
46.98593903 0 130.5732422
50 0 134.4705963
36.73034668 0 191.2716217
44.44444275 0 200
9.349431038 0 173.3388214
100 0 176.4705811
90.77870178 0 173.1934204
70.17929077 0 120.7095947
29.55943108 0 120.5196533
23.38532639 0 49.20458603
30.97007179 0 44.56675339
76.61467743 0 49.20458603
69.02993011 0 44.56675339
58.37149429 0 109.9602661
56.32780457 0 113.4038315
62.18973541 0 109.4608536
61.35182953 0 114.5846863
41.6137352 0 109.7964249
43.87845612 0 113.0379028
38.67075729 0 114.5709
37.81026459 0 109.4608536
47.88586426 0 111.9738998
50 0 114.3920441
46.65322113 0 115.7207794
76.25 0 0
75.96871185 0 8.783806801
64.375 0 0
88.125 0 0
24.03128815 0 8.783806801
11.875 0 0
23.75 0 0
35.625 0 0
49.95330429 0 122.4226379
60.41778183 0 106.1651917
39.57975769 0 106.1378784
80.46361542 0 170.3790588
58.44776154 0 177.3479919
53.81396866 0 116.3619461
50.05142212 0 118.1206818
18.87965584 0 170.768631
42.86487198 0 116.8126755
7.843972206 0 114.6794128
92.15625763 0 114.6793442
80.57279968 0 101.6471558
19.42720032 0 101.6471558
57.29320526 0 116.9546204
30.10482025 0 35.07865906
69.89517975 0 35.07865906
34.11430359 0 105.9931107
65.88569641 0 105.9931107
44.40694046 0 171.777359
62.42167282 0 135.3387451
68.53573608 0 132.9787292
52.19042206 0 192.5514679
79.1834259 0 161.6972351
20.816576 0 161.6972351
63.44690323 0 125.8155823
64.3945694 0 120.9206009
60.39759827 0 47.80056381
52.5 0 55.55555725
39.60240173 0 47.80056381
47.5 0 55.55555725
61.92519379 0 8.666822433
52.5 0 11.11111069
52.5 0 0
67.28861237 0 15.43934727
47.5 0 0
38.07480621 0 8.666822433
47.5 0 11.11111069
32.71138763 0 15.43934727
35.50797653 0 121.1251297
52.5 0 66.66666412
61.05683517 0 76.03281403
38.94316483 0 76.03281403
47.5 0 66.66666412
58.23222733 0 102.8938675
41.76728058 0 102.8884048
9.789037704 0 9.503986359
90.21096039 0 9.503986359
100 0 0
100 0 11.76470566
37.41768646 0 140.4651489
57.17977142 0 138.8764191
56.24539566 0 134.3175964
61.48583221 0 141.6763458
6.881206512 0 76.47058868
93.1187973 0 76.47058868
30.66445923 0 132.6937561
27.86914444 0 97.98162842
72.13085938 0 97.98162842
74.97569275 0 19.13894272
25.02430725 0 19.13894272
53.03353119 0 113.0388412
64.11011505 0 130.5891113
59.33393097 0 16.69858932
40.66606903 0 16.69858932
6.603022575 0 17.64705849
93.39698029 0 17.64705849
92.65405273 0 181.2849274
7.180037975 0 181.8906403
40.37070084 0 62.1929512
59.62929916 0 62.1929512
54.60117722 0 143.7506256
19.00727654 0 68.77231598
80.99272156 0 68.77231598
56.22517776 0 171.3672791
8.518267632 0 46.29402924
100 0 47.05882263
91.48173523 0 46.29402924
23.93576622 0 39.63500214
76.06423187 0 39.63500214
17.54476547 0 193.0530243
51.61736679 0 138.9347076
82.96921539 0 194.3822327
35.27656937 0 112.5844193
64.72982788 0 112.5889969
39.59718323 0 124.8421402
59.49373627 0 124.6655579
58.33800507 37.504673 200
70.83333588 29.16666603 200
68.15336609 41.19087982 200
33.51977158 52.66268158 200
23.41567421 50.08013916 200
30.40656471 41.89034271 200
50 89.97059631 200
55.55555725 100 200
44.44444275 100 200
89.11595154 48.04151535 200
100 44.44444275 200
100 55.55555725 200
10.84821415 48.53741455 200
50 9.853946686 200
27.37030983 59.66556931 200
65.49312592 17.31843567 200
59.06357574 25.66874695 200
72.67136383 90.53507233 200
77.77777863 100 200
66.66666412 100 200
90.46691895 72.86053467 200
100 66.66666412 200
100 77.77777863 200
9.479985237 72.75324249 200
72.94776917 9.776457787 200
100 33.33333206 200
90.62007141 27.53481293 200
100 22.22222137 200
22.22222137 100 200
27.45573807 90.5333786 200
33.33333206 100 200
27.14618111 9.530610085 200
9.379674911 27.53492355 200
59.22419739 47.86450958 200
64.2526474 56.58068848 200
57.73570251 67.46987152 200
52.45164871 59.42064285 200
49.61970901 49.8347702 200
88.8888855 100 200
90.47898102 90.47898102 200
100 100 200
100 88.8888855 200
90.47898102 9.521016121 200
100 11.11111069 200
8.854487419 91.14551544 200
11.11111069 100 200
9.521016121 9.521016121 200
83.27991486 83.27991486 200
79.31080627 72.0942688 200
84.38518524 64.88247681 200
74.44416046 60.52062225 200
70.83333588 70.83333588 200
74.54857635 20.10526657 200
83.27991486 16.72008514 200
20.14797783 73.54786682 200
16.72008514 83.27991486 200
15.24312592 64.13145447 200
25.76094437 20.12580872 200
16.72008514 16.72008514 200
35.16453934 15.5975008 200
39.29558945 25.59314156 200
28.92490959 30.50901794 200
72.45531464 80.18874359 200
65.34203339 84.54773712 200
27.84898567 79.86248779 200
35.54769897 84.5358429 200
29.16666603 70.83333588 200
39.80848312 74.56535339 200
80.47252655 28.52293205 200
85.14273834 36.10122299 200
19.53283119 28.75270653 200
14.8555088 36.10199738 200
50 21.49470901 200
51.5579071 30.85955048 200
43.67754745 35.55351257 200
40.8999939 44.52096558 200
51.51591492 78.11539459 200
62.74695206 75.72483063 200
38.98214722 92.52844238 200
93.09160614 38.88888931 200
6.908397675 38.88888931 200
38.94007111 7.472885609 200
91.86022186 60.78403473 200
7.748788357 60.84666824 200
61.04937744 91.98942566 200
61.09593582 8.785149574 200
50.34017944 41.19740295 200
34.75247192 64.20648956 200
43.58179092 64.40519714 200
70.11508179 49.8973999 200
78.95317841 50.80887222 200
42.47089767 55.84179306 200
92.84516144 82.65721893 200
82.61938477 92.85879517 200
7.111358643 82.56840515 200
92.87579346 17.4218502 200
17.27272987 92.99176025 200
17.34412384 7.154342175 200
7.124155521 17.42187119 200
82.67466736 7.203511715 200
49.52326202 69.68484497 200
78.41052246 41.50953674 200
21.55586243 41.52441025 200
35.71961975 35.12374115 200
43.61983109 84.08752441 200
43.57458878 15.84965897 200
57.1305275 16.62419701 200
58.13085556 84.06959534 200
83.89065552 56.69464111 200
17.29953194 57.56790924 200
65.72402191 65.46910858 200
22.59667969 65.866745 200
45.75125885 100 109.1297073
49.93761826 100 108.2596283
47.31353378 100 105.6158142
43.67737961 100 106.2467117
53.93127441 100 109.7330551
52.68646622 100 105.6158142
56.32262039 100 106.2467117
48.60974503 100 143.3441772
41.99404907 100 146.3695221
50.52332687 100 150.2447968
44.36128616 100 137.3557129
55.96019363 100 185.1836395
50.2637558 100 176.6635284
45.00228119 100 186.6814423
57.31775665 100 156.0503693
59.01755905 100 148.3106842
64.98170471 100 153.1316986
64.44832611 100 26.20667458
52.5 100 22.22222137
52.5 100 33.33333206
47.5 100 22.22222137
35.55167007 100 26.20667458
47.5 100 33.33333206
89.30123901 100 86.21689606
100 100 94.11764526
100 100 82.35294342
10.69876194 100 86.21689606
65.83763123 100 55.82183838
65.30858612 100 68.40477753
75.98020172 100 61.11111069
34.16236877 100 55.82183838
24.01980209 100 61.11111069
34.69141388 100 68.40477753
73.09128571 100 148.0402985
81.23162842 100 140.3048553
69.93587494 100 139.5210266
81.4637146 100 151.5707245
27.07763863 100 147.8190155
29.77603149 100 139.0593567
18.826437 100 140.3218842
18.53628731 100 151.5707245
59.57831192 100 120.5373993
54.33531189 100 120.0053787
55.07596588 100 124.9552231
42.67638779 100 155.6151733
34.83218002 100 152.7992554
25.91061211 100 189.0780945
76.24871826 100 188.5896149
90.03801727 100 27.50141335
100 100 35.29411697
100 100 23.52941132
85.25999451 100 40.42583084
77.79605103 100 29.28371429
83.77508545 100 18.82834435
9.961981773 100 27.50141335
14.74000835 100 40.42583084
22.20394516 100 29.28371429
16.22491646 100 18.82834435
48.75 100 102.165062
49.98752213 100 104.7642746
51.25 100 102.165062
36.69995117 100 134.17453
41.49039841 100 129.6383362
40.42168808 100 120.5373993
44.78878021 100 124.8666534
45.55272293 100 119.8213272
27.46011734 100 166.348053
36.56043625 100 171.74086
35.16848755 100 162.059494
43.13289642 100 164.458313
25.93734169 100 116.3928299
16.75838852 100 117.8360901
23.31607437 100 123.5104523
16.44885445 100 129.1590729
76.36147308 100 123.7181091
83.24160767 100 117.8360901
74.06266022 100 116.3928299
83.55114746 100 129.1590729
72.81794739 100 157.0870819
27.31521416 100 157.0489655
72.64883423 100 166.4529572
64.33049774 100 171.2949524
73.91249847 100 176.4565277
66.52080536 100 182.433075
83.53005981 100 179.5860138
10.47181988 100 65.33376312
13.34661102 100 53.8592453
100 100 58.82352829
89.52818298 100 65.33376312
100 100 70.58823395
86.65338898 100 53.8592453
8.803178787 100 135.4140778
91.20373535 100 135.4120483
100 100 141.1764679
100 100 129.4117584
52.5 100 100
58.13858414 100 97.37300873
52.5 100 88.8888855
61.54216766 100 101.9478073
65.03324127 100 96.98215485
41.86141586 100 97.37300873
47.5 100 100
47.5 100 88.8888855
34.96675873 100 96.98215485
38.45783234 100 101.9478073
61.28367615 100 87.65196228
52.5 100 77.77777863
47.5 100 77.77777863
38.71632385 100 87.65196228
75.33389282 100 132.3934631
69.13723755 100 126.6845245
24.36250305 100 132.4076691
29.85054398 100 125.9848862
26.5056591 100 176.6564941
33.80542374 100 182.3739166
16.42197037 100 181.7378998
50.09215546 100 159.3415833
57.50787354 100 164.4632111
65.70597076 100 146.0708771
89.97583771 100 98.06467438
100 100 105.8823547
85.90245819 100 108.0381546
79.94908142 100 93.04684448
10.02416134 100 98.06467438
14.09753895 100 108.0381546
20.05092049 100 93.04684448
88.96148682 100 188.9393005
100 100 188.2352905
65.53873444 100 161.6295776
35.77706528 100 128.0431824
10.1287899 100 189.6706085
33.09606171 100 115.9536362
31.5291996 100 110.3523026
66.9069519 100 115.9581528
68.47080231 100 110.3523026
34.25711441 100 145.3666382
49.96705246 100 126.7765503
53.67438507 100 130.3117676
59.12770081 100 129.7214813
51.09461975 100 111.3033524
90.76930237 100 146.2256012
100 100 152.9411774
9.241528511 100 146.228775
45.26002502 100 102.7366257
54.73997498 100 102.7366257
100 100 117.6470566
91.63721466 100 123.9930496
8.363934517 100 123.9933929
41.87717438 100 178.219635
61.42523575 100 38.70632553
52.5 100 44.44444275
38.57476425 100 38.70632553
47.5 100 44.44444275
90.71673584 100 155.9483032
100 100 164.7058868
87.2901001 100 164.8287811
9.283266068 100 155.9483032
12.72418499 100 164.833252
77.8311615 100 83.38244629
84.09755707 100 75.7153244
22.16883659 100 83.38244629
15.90244007 100 75.7153244
50.20044327 100 167.8044891
62.14912033 100 191.4489899
77.93154907 100 109.624527
72.79679871 100 105.0482483
22.06845284 100 109.624527
27.2032032 100 105.0482483
74.36495209 100 72.92904663
68.28387451 100 80.70249176
25.6350441 100 72.92904663
31.71612549 100 80.70249176
29.24801826 100 89.95792389
70.75198364 100 89.95792389
46.98593903 100 130.5732422
50 100 134.4705963
36.73034668 100 191.2716217
9.349431038 100 173.3388214
90.77870178 100 173.1934204
100 100 176.4705811
70.17929077 100 120.7095947
29.55943108 100 120.5196533
23.38532639 100 49.20458603
30.97007179 100 44.56675339
76.61467743 100 49.20458603
69.02993011 100 44.56675339
41.6137352 100 109.7964249
43.87845612 100 113.0379028
38.67075729 100 114.5709
37.81026459 100 109.4608536
58.37149429 100 109.9602661
56.32780457 100 113.4038315
61.35182953 100 114.5846863
62.18973541 100 109.4608536
47.88586426 100 111.9738998
50 100 114.3920441
46.65322113 100 115.7207794
64.375 100 0
75.96871185 100 8.783806801
76.25 100 0
88.125 100 0
24.03128815 100 8.783806801
23.75 100 0
11.875 100 0
35.625 100 0
49.95330429 100 122.4226379
60.41778183 100 106.1651917
39.57975769 100 106.1378784
80.46361542 100 170.3790588
58.44776154 100 177.3479919
53.81396866 100 116.3619461
50.05142212 100 118.1206818
18.87965584 100 170.768631
42.86487198 100 116.8126755
92.15625763 100 114.6793442
7.843972206 100 114.6794128
19.42720032 100 101.6471558
80.57279968 100 101.6471558
57.29320526 100 116.9546204
30.10482025 100 35.07865906
69.89517975 100 35.07865906
34.11430359 100 105.9931107
65.88569641 100 105.9931107
44.40694046 100 171.777359
62.42167282 100 135.3387451
68.53573608 100 132.9787292
52.19042206 100 192.5514679
79.1834259 100 161.6972351
20.816576 100 161.6972351
64.3945694 100 120.9206009
63.44690323 100 125.8155823
60.39759827 100 47.80056381
52.5 100 55.55555725
39.60240173 100 47.80056381
47.5 100 55.55555725
61.92519379 100 8.666822433
52.5 100 0
52.5 100 11.11111069
67.28861237 100 15.43934727
38.07480621 100 8.666822433
47.5 100 0
47.5 100 11.11111069
32.71138763 100 15.43934727
35.50797653 100 121.1251297
61.05683517 100 76.03281403
52.5 100 66.66666412
47.5 100 66.66666412
38.94316483 100 76.03281403
58.23222733 100 102.8938675
41.76728058 100 102.8884048
9.789037704 100 9.503986359
90.21096039 100 9.503986359
100 100 0
100 100 11.76470566
37.41768646 100 140.4651489
56.24539566 100 134.3175964
57.17977142 100 138.8764191
61.48583221 100 141.6763458
6.881206512 100 76.47058868
93.1187973 100 76.47058868
30.66445923 100 132.6937561
27.86914444 100 97.98162842
72.13085938 100 97.98162842
74.97569275 100 19.13894272
25.02430725 100 19.13894272
53.03353119 100 113.0388412
64.11011505 100 130.5891113
59.33393097 100 16.69858932
40.66606903 100 16.69858932
6.603022575 100 17.64705849
93.39698029 100 17.64705849
92.65405273 100 181.2849274
7.180037975 100 181.8906403
40.37070084 100 62.1929512
59.62929916 100 62.1929512
54.60117722 100 143.7506256
19.00727654 100 68.77231598
80.99272156 100 68.77231598
56.22517776 100 171.3672791
8.518267632 100 46.29402924
91.48173523 100 46.29402924
100 100 47.05882263
23.93576622 100 39.63500214
76.06423187 100 39.63500214
17.54476547 100 193.0530243
51.61736679 100 138.9347076
82.96921539 100 194.3822327
35.27656937 100 112.5844193
64.72982788 100 112.5889969
39.59718323 100 124.8421402
59.49373627 100 124.6655579
11.16012383 50 0
36.33987808 50 0
47.5 55.55555725 0
47.5 44.44444275 0
11.08549404 26.31104851 0
14.46284103 37.97899246 0
24.7893486 28.80195045 0
47.5 22.22222137 0
37.25637436 26.89962006 0
47.5 33.33333206 0
33.03715897 37.97899246 0
33.1391449 14.55801678 0
11.6201067 73.52283478 0
47.5 66.66666412 0
36.25840378 72.76752472 0
47.5 77.77777863 0
23.75 74.04201508 0
33.1391449 85.44198608 0
23.75 89.69324493 0
14.36085606 85.44198608 0
23.75 10.30675697 0
14.36085606 14.55801678 0
23.75 64.44398499 0
14.46284103 62.02100754 0
33.03715897 62.02100754 0
23.9232254 40.65323257 0
7.018676281 8.361905098 0
7.018676281 91.63809204 0
40.48132324 91.63809204 0
47.5 88.8888855 0
40.48132324 8.361905098 0
47.5 11.11111069 0
41.30697632 61.11111069 0
6.519865513 61.22619247 0
41.30697632 38.88888931 0
6.193025589 38.88888931 0
6.260643005 16.66666603 0
6.260643005 83.33333588 0
41.23935699 83.33333588 0
41.23935699 16.66666603 0
21.42496872 18.9071579 0
21.63629341 81.86763 0
18.15024948 46.39915466 0
23.75 48.62885284 0
29.41903877 46.39915466 0
18.86558723 54.54928207 0
27.52694321 54.34038162 0
47.5 58.33800507 37.504673
47.5 70.83333588 29.16666603
47.5 68.15336609 41.19087982
47.5 33.51977158 52.66268158
47.5 23.41567421 50.08013916
47.5 30.40656471 41.89034271
47.5 89.11595154 48.04151535
47.5 50 89.97059631
47.5 55.55555725 100
47.5 44.44444275 100
47.5 10.84821415 48.53741455
47.5 50 9.853946686
47.5 27.37030983 59.66556931
47.5 65.49312592 17.31843567
47.5 59.06357574 25.66874695
47.5 66.66666412 100
47.5 72.67136383 90.53507233
47.5 77.77777863 100
47.5 90.46691895 72.86053467
47.5 9.479985237 72.75324249
47.5 72.94776917 9.776457787
47.5 90.62007141 27.53481293
47.5 27.45573807 90.5333786
47.5 33.33333206 100
47.5 22.22222137 100
47.5 27.14618111 9.530610085
47.5 9.379674911 27.53492355
47.5 59.22419739 47.86450958
47.5 52.45164871 59.42064285
47.5 64.2526474 56.58068848
47.5 57.73570251 67.46987152
47.5 49.61970901 49.8347702
47.5 90.47898102 90.47898102
47.5 88.8888855 100
47.5 90.47898102 9.521016121
47.5 8.854487419 91.14551544
47.5 11.11111069 100
47.5 9.521016121 9.521016121
47.5 83.27991486 83.27991486
47.5 79.31080627 72.0942688
47.5 84.38518524 64.88247681
47.5 70.83333588 70.83333588
47.5 74.44416046 60.52062225
47.5 74.54857635 20.10526657
47.5 83.27991486 16.72008514
47.5 20.14797783 73.54786682
47.5 16.72008514 83.27991486
47.5 15.24312592 64.13145447
47.5 16.72008514 16.72008514
47.5 25.76094437 20.12580872
47.5 35.16453934 15.5975008
47.5 28.92490959 30.50901794
47.5 39.29558945 25.59314156
47.5 72.45531464 80.18874359
47.5 65.34203339 84.54773712
47.5 27.84898567 79.86248779
47.5 35.54769897 84.5358429
47.5 39.80848312 74.56535339
47.5 29.16666603 70.83333588
47.5 80.47252655 28.52293205
47.5 85.14273834 36.10122299
47.5 19.53283119 28.75270653
47.5 14.8555088 36.10199738
47.5 51.5579071 30.85955048
47.5 50 21.49470901
47.5 43.67754745 35.55351257
47.5 40.8999939 44.52096558
47.5 62.74695206 75.72483063
47.5 51.51591492 78.11539459
47.5 93.09160614 38.88888931
47.5 38.98214722 92.52844238
47.5 6.908397675 38.88888931
47.5 38.94007111 7.472885609
47.5 91.86022186 60.78403473
47.5 7.748788357 60.84666824
47.5 61.04937744 91.98942566
47.5 61.09593582 8.785149574
47.5 50.34017944 41.19740295
47.5 34.75247192 64.20648956
47.5 43.58179092 64.40519714
47.5 70.11508179 49.8973999
47.5 78.95317841 50.80887222
47.5 42.47089767 55.84179306
47.5 92.84516144 82.65721893
47.5 82.61938477 92.85879517
47.5 7.111358643 82.56840515
47.5 92.87579346 17.4218502
47.5 17.27272987 92.99176025
47.5 17.34412384 7.154342175
47.5 7.124155521 17.42187119
47.5 82.67466736 7.203511715
47.5 49.52326202 69.68484497
47.5 78.41052246 41.50953674
47.5 21.55586243 41.52441025
47.5 35.71961975 35.12374115
47.5 43.61983109 84.08752441
47.5 43.57458878 15.84965897
47.5 57.1305275 16.62419701
47.5 58.13085556 84.06959534
47.5 83.89065552 56.69464111
47.5 17.29953194 57.56790924
47.5 65.72402191 65.46910858
47.5 22.59667969 65.866745
50 93.82759094 102.5
52.5 88.8888855 100
50 6.17240572 102.5
52.5 11.11111069 100
50 72.22222137 102.5
52.5 66.66666412 100
52.5 77.77777863 100
50 61.11111069 102.5
52.5 55.55555725 100
50 38.88888931 102.5
52.5 33.33333206 100
52.5 44.44444275 100
50 83.33333588 102.5
50 27.77777863 102.5
52.5 22.22222137 100
50 16.66666603 102.5
50 50 102.5
50 98.03968048 102.5
50 1.960316539 102.5
52.5 58.33800507 37.504673
52.5 68.15336609 41.19087982
52.5 70.83333588 29.16666603
52.5 30.40656471 41.89034271
52.5 23.41567421 50.08013916
52.5 33.51977158 52.66268158
52.5 89.11595154 48.04151535
52.5 50 89.97059631
52.5 10.84821415 48.53741455
52.5 44.44444275 0
52.5 50 9.853946686
52.5 55.55555725 0
52.5 27.37030983 59.66556931
52.5 59.06357574 25.66874695
52.5 65.49312592 17.31843567
52.5 72.67136383 90.53507233
52.5 90.46691895 72.86053467
52.5 9.479985237 72.75324249
52.5 77.77777863 0
52.5 66.66666412 0
52.5 72.94776917 9.776457787
52.5 90.62007141 27.53481293
52.5 27.45573807 90.5333786
52.5 22.22222137 0
52.5 27.14618111 9.530610085
52.5 33.33333206 0
52.5 9.379674911 27.53492355
52.5 59.22419739 47.86450958
52.5 52.45164871 59.42064285
52.5 57.73570251 67.46987152
52.5 64.2526474 56.58068848
52.5 49.61970901 49.8347702
52.5 90.47898102 90.47898102
52.5 90.47898102 9.521016121
52.5 88.8888855 0
52.5 8.854487419 91.14551544
52.5 9.521016121 9.521016121
52.5 11.11111069 0
52.5 79.31080627 72.0942688
52.5 83.27991486 83.27991486
52.5 84.38518524 64.88247681
52.5 74.44416046 60.52062225
52.5 70.83333588 70.83333588
52.5 74.54857635 20.10526657
52.5 83.27991486 16.72008514
52.5 16.72008514 83.27991486
52.5 20.14797783 73.54786682
52.5 15.24312592 64.13145447
52.5 25.76094437 20.12580872
52.5 16.72008514 16.72008514
52.5 35.16453934 15.5975008
52.5 39.29558945 25.59314156
52.5 28.92490959 30.50901794
52.5 72.45531464 80.18874359
52.5 65.34203339 84.54773712
52.5 27.84898567 79.86248779
52.5 35.54769897 84.5358429
52.5 29.16666603 70.83333588
52.5 39.80848312 74.56535339
52.5 80.47252655 28.52293205
52.5 85.14273834 36.10122299
52.5 19.53283119 28.75270653
52.5 14.8555088 36.10199738
52.5 51.5579071 30.85955048
52.5 50 21.49470901
52.5 43.67754745 35.55351257
52.5 40.8999939 44.52096558
52.5 51.51591492 78.11539459
52.5 62.74695206 75.72483063
52.5 93.09160614 38.88888931
52.5 38.98214722 92.52844238
52.5 6.908397675 38.88888931
52.5 38.94007111 7.472885609
52.5 91.86022186 60.78403473
52.5 7.748788357 60.84666824
52.5 61.04937744 91.98942566
52.5 61.09593582 8.785149574
52.5 50.34017944 41.19740295
52.5 34.75247192 64.20648956
52.5 43.58179092 64.40519714
52.5 78.95317841 50.80887222
52.5 70.11508179 49.8973999
52.5 42.47089767 55.84179306
52.5 92.84516144 82.65721893
52.5 82.61938477 92.85879517
52.5 7.111358643 82.56840515
52.5 92.87579346 17.4218502
52.5 17.27272987 92.99176025
52.5 17.34412384 7.154342175
52.5 7.124155521 17.42187119
52.5 82.67466736 7.203511715
52.5 49.52326202 69.68484497
52.5 78.41052246 41.50953674
52.5 21.55586243 41.52441025
52.5 35.71961975 35.12374115
52.5 43.61983109 84.08752441
52.5 43.57458878 15.84965897
52.5 57.1305275 16.62419701
52.5 58.13085556 84.06959534
52.5 83.89065552 56.69464111
52.5 17.29953194 57.56790924
52.5 65.72402191 65.46910858
52.5 22.59667969 65.866745
100 55.55555725 0
100 44.44444275 0
88.83987427 50 0
63.66012192 50 0
63.585495 26.31104851 0
66.96284485 37.97899246 0
77.28934479 28.80195045 0
63.585495 73.68894958 0
77.28934479 71.19805145 0
66.96284485 62.02100754 0
100 33.33333206 0
100 22.22222137 0
89.75637817 26.89962006 0
85.53715515 37.97899246 0
85.6391449 14.55801678 0
100 77.77777863 0
100 66.66666412 0
89.75637817 73.10037994 0
85.53715515 62.02100754 0
85.6391449 85.44198608 0
76.25 89.69324493 0
66.8608551 85.44198608 0
76.25 10.30675697 0
66.8608551 14.55801678 0
76.4232254 59.11824417 0
76.4232254 40.88175583 0
59.51867676 91.63809204 0
59.51867676 8.361905098 0
92.98132324 91.63809204 0
100 88.8888855 0
92.98132324 8.361905098 0
100 11.11111069 0
93.80697632 61.11111069 0
58.69302368 61.11111069 0
93.80697632 38.88888931 0
58.69302368 38.88888931 0
58.76064301 83.33333588 0
93.73935699 83.33333588 0
58.76064301 16.66666603 0
93.73935699 16.66666603 0
73.9249649 18.9071579 0
73.9249649 81.0928421 0
70.6502533 53.28091049 0
76.25 50 0
81.91903687 53.28091049 0
81.79386139 46.42833328 0
70.78929138 46.42833328 0
100 67.69041443 171.1430969
100 58.45183563 167.43573
100 63.37610245 158.7623749
100 63.34441757 41.31557083
100 58.44549561 32.57985687
100 67.69041443 28.85690689
100 8.681430817 100
100 91.34371185 100
100 34.6096344 48.17795181
100 33.44975281 61.65802002
100 24.27915573 51.90268707
100 8.098029137 147.1199036
100 11.51791668 54.30516052
100 91.91278076 147.1320343
100 91.91278076 52.8679657
100 51.4377327 10.81035614
100 51.4377327 189.1896362
100 10.17682648 171.4558105
100 10.17004299 28.57830238
100 31.32332039 111.6668777
100 27.06311798 101.3142548
100 38.04403305 99.07175446
100 68.8923111 74.84095001
100 57.51558304 70.93389893
100 63.0202179 62.05506516
100 90.30047607 170.9559174
100 90.30047607 29.04408646
100 25.63071442 40.18779755
100 72.76138306 190.3780823
100 27.13708878 190.3312378
100 27.13708878 9.668762207
100 72.76138306 9.621917725
100 74.11608887 63.2207222
100 9.897830009 76.09591675
100 9.571543694 123.665596
100 90.41483307 76.289711
100 90.41483307 123.710289
100 24.74868393 160.2121277
100 23.29399109 147.6404419
100 33.55841064 153.6438446
100 71.81786346 115.730278
100 68.35966492 125.3271408
100 57.49208069 121.0610275
100 62.75547409 110.1497574
100 63.72389984 90.97699738
100 72.73171997 85.41105652
100 71.91069031 97.67917633
100 74.1267395 160.0728302
100 74.11782074 39.94120407
100 60.93873978 101.2685242
100 52.5253334 159.2836151
100 52.49461746 40.79892349
100 40.8963623 73.5847702
100 30.46155548 73.85668945
100 43.38178635 64.75933075
100 45.16082001 90.58345032
100 49.79702759 100.3023148
100 36.60584259 89.99340057
100 47.81232452 130.22435
100 51.44734955 140.9895172
100 38.90641022 139.1990967
100 52.62431717 111.0316086
100 9.554018021 190.3413239
100 90.44598389 9.658678055
100 90.44598389 190.3413239
100 9.554018021 9.658678055
100 51.96665955 60.99689865
100 60.376091 131.0741577
100 72.56887817 136.2786255
100 62.55155182 140.4138336
100 16.87240601 182.3559875
100 25.60779953 179.9356232
100 35.16032028 184.3940277
100 29.0550518 170.4399109
100 39.81947327 174.6139984
100 73.55686188 179.6896057
100 64.12832642 184.7123413
100 83.12825775 182.3655853
100 25.60779953 20.06437683
100 16.87240601 17.64400673
100 35.16032028 15.60597801
100 29.05177116 29.48100662
100 39.81947327 25.38600349
100 64.12832642 15.28766251
100 73.55686188 20.31039047
100 83.12825775 17.63441086
100 61.33211136 82.62425995
100 49.89077759 80.36699677
100 92.1283493 88.23529053
100 83.34567261 84.70345306
100 91.86685944 111.7307892
100 83.0814743 116.2089005
100 16.92256546 83.81159973
100 20.4870224 74.45181274
100 15.81224346 67.11969757
100 27.0330677 84.54398346
100 31.14194107 125.0768051
100 21.64361572 124.0840073
100 17.17783928 115.3842468
100 27.19158363 135.682785
100 16.37845802 132.4183655
100 78.81156921 75.44668579
100 83.71591949 67.37304688
100 78.66694641 124.2028351
100 83.64628601 132.4750977
100 8.257702827 88.2742157
100 8.141646385 111.6916733
100 42.67183685 55.08466339
100 50 49.76398087
100 67.349823 51.94206619
100 76.73391724 52.31447983
100 7.323432446 135.2941132
100 7.323432446 64.70587921
100 92.70198059 135.2941132
100 92.70198059 64.70587921
100 39.16044617 191.8324585
100 39.16044617 8.167538643
100 61.11111069 6.932126045
100 61.11111069 193.0678711
100 92.77494049 18.32625961
100 92.77494049 181.6737366
100 7.320650101 181.7718048
100 7.319293499 18.23502159
100 67.48940277 148.2494354
100 76.73391724 147.6855164
100 92.22379303 41.24287796
100 83.73902893 36.87034225
100 92.22379303 158.7571259
100 83.73902893 163.1296539
100 7.59481144 158.7743988
100 16.17922783 162.6455994
100 8.09766674 41.39775467
100 16.11274529 37.68872452
100 57.81177902 177.1262207
100 48.95204163 178.9199219
100 57.81124115 22.8751049
100 48.95204163 21.0800724
100 20.29374886 170.7851715
100 20.16359329 29.73303986
100 78.75696564 171.22612
100 78.75547791 28.77622414
100 81.90279388 93.64212036
100 80.34143066 105.9708099
100 19.36567688 93.91127014
100 18.62550545 105.6613846
100 22.79486847 61.28297424
100 17.74572372 192.5757141
100 82.24902344 7.421351433
100 82.24902344 192.5786438
100 17.74572372 7.424289703
100 50 150.2360229
100 58.64334106 148.3503876
100 58.26805115 51.61923981
100 34.89658737 163.7440643
100 43.47842026 164.5110321
100 34.85801315 36.21923828
100 43.47697067 35.48612595
100 50.17314529 170.315094
100 50.16664124 29.70101357
100 17.39067268 141.2200775
100 82.60839081 141.2613525
100 83.41178131 58.11420441
100 41.72298431 147.8892059
100 83.68985748 46.8918457
100 83.21816254 153.2955475
100 16.21756935 152.9354248
100 17.04115868 45.56486893
100 37.21378326 130.9299927
100 41.01666641 124.4669037
100 42.90600204 183.7900085
100 42.90600204 16.20998955
100 55.2027359 92.41564941
100 43.25783157 44.19971466
100 69.81391907 106.3439026
100 43.04212952 156.3831482
100 48.73023605 70.12837982
100 36.49972153 118.812149
100 43.40569305 115.4672394
100 48.6711731 120.9050827
100 43.03887939 107.5079575
100 29.4198494 93.10932159
100 37.32947159 81.83639526
100 32.51548386 145.1925201
57.66465484 15.96438474 127.9818388
46.39992303 90.10838393 129.475224
86.5873097 15.5297473 190.9983432
16.01708142 50.20636455 64.51036224
11.30870492 38.07751305 24.76607245
79.67508422 90.60270145 167.9475389
46.89453113 10.36049539 138.1786741
22.68586931 8.776830126 120.226838
40.41918591 54.60393898 128.6141644
27.70950399 83.25925803 91.12304166
14.0327637 89.09679148 177.3038799
90.31743453 13.39520853 162.7186184
11.41854685 50.72003899 95.24046151
43.23377878 81.71988254 157.9282296
32.7118305 38.06587999 133.4033593
31.14550852 28.29438151 186.2060846
83.8420754 38.30216254 111.8068942
33.96853141 86.56304045 127.4537613
67.89206789 69.34974036 75.60110671
27.86271325 16.22514006 41.39961524
82.74911946 65.55219249 97.20463554
37.44265742 81.7115288 100.5306662
8.722608337 63.89817974 26.87830604
67.51060813 49.70703614 135.6343016
64.43842436 57.76497081 160.9085083
19.93204428 69.16516202 135.7074362
8.441055538 80.20513628 44.72829912
48.46919096 33.45754224 185.1116723
40.38319344 46.85192356 190.9272036
11.93300998 27.04883989 112.8337611
86.23349862 20.97962501 13.58988658
64.8603756 33.52961585 117.1854389
47.25012273 31.8144307 126.2268644
26.39885485 38.62263534 25.13329636
46.38120982 13.01679705 169.9746722
9.106507049 62.756198 80.10959141
20.25087599 43.58197425 142.8584532
85.81747303 79.75700895 138.7429638
62.20664456 61.80801489 43.92179202
75.5790557 39.48329722 68.83321093
24.1684074 38.65584702 54.39375507
60.45314366 83.54070797 139.9790616
28.21007925 41.02339904 155.7458892
38.88739144 72.54772871 130.1077463
60.64518211 17.54346114 88.21686657
14.87991133 35.09123828 155.7150602
35.75350898 33.45007841 120.0111443
52.11870664 67.73638483 149.577832
27.12773299 86.02691028 76.19462779
35.16851398 53.75819727 167.949303
41.27018791 32.88048379 148.1403571
48.02889538 21.59968619 145.4538283
82.56846139 29.64021481 150.8639795
30.15883608 53.27545915 140.7340459
66.05567197 13.67186576 184.5510586
71.1558283 88.44420852 96.03518009
76.35883436 89.93841015 84.18477979
59.03935004 90.93333061 126.3016519
12.84360132 11.63543655 130.5220752
9.000052115 37.75265719 181.2236592
63.37163134 81.6195871 118.5919807
28.52448364 28.38025845 106.0542477
61.32018296 46.39375767 22.43303638
10.31323778 48.37001281 117.9315307
30.15199735 47.98218965 44.60012549
33.35297003 16.21996877 11.88698652
36.23394923 71.47777931 114.9444435
72.33692339 12.56659571 115.818756
67.16877296 20.61340813 155.3636918
15.53741577 74.92600982 151.7639006
86.98933353 39.26521651 176.5298182
59.26263871 10.56320822 115.4933712
7.506618331 28.93118111 43.46046788
14.69404753 16.13267181 80.33680237
22.17864479 11.76356886 69.74172327
74.51406622 17.09352103 171.329658
83.11159399 81.88050751 99.35149795
8.126660961 84.14950853 10.63916984
29.2212762 47.98286598 115.7955945
9.325865167 54.5167365 132.6043193
78.23352974 45.42535452 121.4294807
17.58603172 12.00735345 51.11425788
85.11831747 57.79595018 13.7673533
25.20588065 71.43044898 106.7430777
83.25230972 42.23335457 93.80392676
62.74408769 64.43164106 190.5519686
35.80498091 57.04902589 153.7323855
15.30625014 58.08457669 51.68162011
25.49324823 20.7882889 126.7198019
15.15506758 61.2820912 150.2310257
27.70594353 85.75074718 188.7772526
14.68774467 84.59489883 30.59638211
52.75395939 50.69397562 129.9877183
45.27877614 64.303151 164.9105239
63.5591226 11.17798273 163.3122175
82.68782845 43.70831112 136.0730224
39.49944476 13.62847683 191.4477347
9.264462819 9.935612587 24.01238112
16.56713438 22.39905981 138.8327669
23.53458598 85.84766622 155.0202458
83.22847366 48.17005802 59.75203661
89.53285721 81.23467759 8.495931516
91.20305517 38.83863156 15.98909757
79.84592795 65.37603573 131.3932215
72.47329217 19.83869768 128.5100113
63.1107318 82.80152918 173.5153336
63.79668423 68.97936398 154.9827785
29.318834 86.52065917 140.5433079
9.685236989 74.24549922 111.7673731
76.26578867 85.27939938 69.27464335
89.79943089 31.39798172 54.78707188
20.76996163 12.84987362 10.7411174
76.52910882 21.40812967 102.9881083
92.2301492 8.985990556 34.09105305
8.936043475 59.2032795 177.0839629
20.66636186 83.80501561 118.0154757
34.82753325 87.86963573 26.28062112
9.368605978 27.73014261 126.1561096
50.86657129 74.23362024 125.6286461
53.02246107 52.29884 112.8155215
8.31541008 92.52340214 165.7259691
18.94896248 91.6382274 56.10379778
19.25539281 31.92981099 76.96918009
28.24432806 58.67595934 106.8928653
61.64229448 45.73629419 39.79944314
29.34684752 45.8793418 89.66102221
17.6444339 51.40465555 78.33617027
83.88475707 71.09860048 168.9754757
22.47316386 39.86261498 178.8548993
92.25576906 88.866671 17.83887547
12.53462274 61.29603052 115.6008247
90.06365388 54.6474557 176.2633685
33.34443598 30.98249364 63.68098995
62.86263449 22.57680986 29.01070555
9.082059054 22.06030846 167.6306914
29.45292669 85.12547462 11.60684009
69.49974322 37.50648673 183.1253849
23.25715429 81.39811357 60.89268218
40.63917918 55.11058918 93.01475409
89.11941649 82.75955111 82.03273442
67.70302373 77.18689137 187.4144124
34.34429238 67.29109115 49.21387111
8.39318932 84.77749238 125.8279639
91.52677784 80.82731023 113.429247
72.74262105 80.45709224 17.94531909
24.45009824 10.54064148 100.8404337
78.06541995 87.62970564 131.8450197
85.50302121 65.295898 35.80198179
79.69477954 11.44805652 142.955079
92.28502027 74.48820791 71.72235908
9.179917518 9.870610593 177.1752089
68.05106187 31.51024096 35.07175968
8.623486977 91.79276615 72.30385604
32.6204135 10.82321576 162.4716624
64.82593403 59.18453758 108.6076984
32.33442437 53.42187661 11.5719904
35.9867849 60.10113661 36.97866432
19.75124957 74.26130724 46.92321586
20.89106098 62.03306236 189.2210944
71.27582257 21.59070047 139.9881338
60.65263027 83.50682824 90.89555799
60.57210394 38.57043779 52.28911469
56.45472747 90.37996773 151.0155731
61.41458309 23.41399346 13.67206758
30.09321166 89.92019495 42.14558986
40.40953968 42.51828572 51.37783839
80.39861038 17.65069067 43.4493228
93.3428141 6.864401372 105.6053041
36.39351409 11.26768458 55.53204339
17.72524952 26.29749206 66.35043045
30.28582608 62.48624635 19.55336047
37.57567256 77.70148179 76.51142579
16.43123328 91.56729577 42.99120151
62.35346937 7.426887919 29.66071044
19.91293729 9.873679983 142.3528078
23.63751273 65.31162725 91.20029216
60.97715565 71.12395861 167.8891579
79.82485866 69.49724835 82.39695253
54.49310969 26.15337902 155.7846818
71.44905588 89.53949922 141.4980389
80.51037872 76.64269918 151.3855922
73.6323188 72.80385119 106.7518254
53.78697093 40.12627723 160.1779885
53.24089594 51.73802045 153.3037385
76.25837788 57.81871578 189.301698
17.47889229 85.14299301 98.02068064
15.9661003 78.86741817 71.17440032
71.35711348 28.84088726 46.45680571
72.65798084 32.38403646 103.1658494
45.44772141 16.01096249 158.0925374
68.13929554 90.38246749 153.640512
10.603682 41.46717318 82.31752464
67.8856199 71.98983255 92.79649632
63.88365375 68.97777765 127.757054
29.20600164 73.80047037 175.2684635
9.05195168 65.75817707 97.33909901
39.73135573 73.69559291 63.65123418
37.30247994 33.61936221 167.0352163
45.95633212 83.48051194 116.6593059
17.6699817 46.14355896 188.3517549
49.39745447 75.25477894 139.215361
87.5019716 89.40168881 189.2149453
46.51705698 8.638382839 121.3871932
21.44844291 71.17839914 79.91332944
60.36099326 27.27178517 67.47120129
84.5207718 29.16194764 169.4743631
16.59329588 51.47255594 28.1721977
69.70021769 18.37917031 67.15891703
8.363119702 23.51819816 14.75699628
63.33180185 84.97642906 45.18492733
11.16690891 50.6986847 40.81893507
88.18245801 70.14781097 123.8838482
64.02198306 32.43504409 93.91977263
18.78377244 37.27986812 104.8418184
71.10043812 62.83837202 33.40440667
9.770543464 54.75455235 193.3251125
22.11657451 74.11642614 162.0553813
81.87244509 80.68729392 121.0535855
91.98623653 27.08555545 184.4121143
92.23927725 92.58326534 57.46674155
46.21071297 72.26020657 191.2418688
80.82410922 20.74630184 160.4356303
78.93222705 70.86139554 51.82738351
16.91826669 25.64494921 29.5064744
91.27266573 47.23014132 27.03989215
86.51943487 59.64959592 164.6773954
42.71572106 91.41770851 108.0700809
29.04896832 20.86979549 90.39526391
54.23338074 51.87081707 186.2698277
85.91705834 70.99984997 188.1083301
49.69201018 63.26805387 110.8697727
7.884996541 34.24702875 94.51942979
87.91290352 19.63396489 66.05804325
39.00905234 19.16278628 64.9564204
17.43590858 24.57888044 191.7497573
48.21245399 54.76865864 141.790064
62.99466935 12.13855936 140.5562527
61.26467987 57.11065255 61.40883484
50.48169537 44.96912744 173.0038922
28.11216371 76.32001817 37.73576152
39.06644742 87.9836144 62.72175562
65.65923206 81.40137345 159.93575
65.78129206 36.98571564 151.6780233
17.50379838 67.39230671 179.2509813
79.98086849 59.42815167 173.7362429
8.054462421 35.61917758 72.72619382
38.65094423 77.86247973 15.01377183
85.60253955 57.61520549 87.17530607
21.58842753 54.75843199 39.28421547
40.1964187 67.12101941 28.96646749
54.36301352 56.55470498 170.2994937
72.81197293 54.06949408 52.80310667
88.63045852 21.18233978 104.1736102
36.90744583 67.95707002 102.8688455
36.34029831 53.15421583 70.75202006
59.22826096 4.862842564 54.90234551
32.65741397 23.68120648 75.61091669
19.03388878 39.25119928 131.837348
62.09884269 61.42319358 145.7587189
12.02411731 13.667127 111.3467706
8.912940148 35.62820087 61.48451435
13.9349319 86.28638134 140.7157425
16.61922499 71.36760014 34.77526188
58.17133212 82.36840741 191.6355432
13.89263636 50.47823997 167.4547621
31.6193945 91.13676148 106.5874928
76.7532151 61.08143562 156.787488
89.03068835 71.07401291 27.04484517
94.16791809 24.66544934 116.9433154
21.49472182 31.59695961 90.78873709
42.41049984 46.65446201 110.9627528
59.59266025 58.92479627 124.2284017
39.16589296 23.33452675 136.967024
6.376842528 6.568948783 104.2707874
23.58514994 20.00638616 114.7919616
42.43274518 81.53745874 185.3048105
64.4503286 34.81311158 11.14956613
86.55698738 60.62124313 57.97888817
83.21451355 12.11507015 99.65888522
60.23187781 83.01950294 74.56864916
37.76285508 14.20637127 107.3997238
38.10055492 24.07669749 174.6451747
31.0366507 7.395389852 31.76747916
70.00157057 66.63477314 7.679487475
19.97491921 15.55894457 170.8327768
23.49946611 60.01398605 127.9859526
70.31024326 6.935362695 73.05137132
79.23274858 55.86562124 26.76701186
92.59163502 16.46812714 77.7880641
50.29633245 13.68287772 187.0458633
80.58030431 5.066670052 13.50826969
66.28088478 88.94302729 187.5294598
32.03873827 10.33502197 140.6707899
67.2210552 48.10752323 72.39453371
85.00293653 91.27494201 40.96627983
60.23201336 91.4743772 105.1710591
17.56722436 22.87242148 158.3295639
31.73779497 80.23048437 165.5914152
19.12352554 42.11091454 38.40437734
62.00016214 19.4926263 105.9552832
60.62725525 24.42609136 187.736612
82.70911391 58.85143205 142.909947
74.62953485 12.01702645 18.95268515
38.1132182 34.57657878 95.11814218
16.87484196 9.12289259 191.5404363
90.59280863 52.16336415 96.28041468
54.70416426 8.336448109 177.3325927
8.09443844 7.960205236 155.6508644
9.187385987 66.99327544 60.88660904
68.07227286 81.61103386 54.87481864
88.70202699 33.60605322 125.196949
25.94328531 12.8612582 151.4980328
67.30822727 86.43106596 30.55013292
7.307760413 25.08867676 155.6827464
61.71218288 75.1530698 34.36158348
61.02462401 11.63228759 45.48625732
92.27295478 87.47827611 92.05198471
58.01346502 70.64713034 113.4333961
31.26534464 37.10216587 82.34631114
86.12220424 72.99621761 17.15419338
78.59094895 62.28359191 112.529423
23.23626623 22.52800899 149.2257682
92.6867531 79.17871889 179.6051529
76.27304545 91.87740141 119.2737389
88.45484569 27.04031305 44.21955635
91.74506066 83.43527567 46.31706987
27.09768456 7.532982037 88.78005189
61.18276268 90.66378768 14.47451225
76.0407295 76.18834338 36.28882582
27.64635605 87.7341335 173.8754137
39.15805757 9.64306765 20.44153414
94.89769132 44.99611502 139.0450365
61.11583046 54.10297288 7.742667229
72.10689537 9.161598877 132.8664921
77.49755768 22.7963947 117.7178018
57.34615494 35.3818472 143.9457348
8.3760495 93.15031939 23.44279273
89.27469591 10.28059704 121.9229795
90.68163617 8.285670189 143.307332
48.87215304 9.203313494 150.2025806
72.02663285 49.26551229 110.3794814
40.23869627 43.66744594 179.8889293
8.000358624 38.90908009 135.0820722
61.3011734 48.0707083 94.66853113
24.16970377 50.92148411 56.13055736
8.292244467 24.95956026 72.18304954
71.04960984 48.97528917 183.810323
43.11436258 90.86896329 190.2602745
17.5154543 92.89378923 111.4527492
59.66799872 77.43508913 5.603470149
68.02851474 38.88912157 83.8372603
41.04882376 24.07634939 108.3985525
29.36319025 26.818436 36.44224883
76.84748294 28.87310606 59.34232753
11.84944777 89.73218925 83.69029126
47.46090778 24.19446524 166.0763483
10.01076889 71.51066104 169.5613122
26.80074501 59.65352549 48.42371781
19.93385915 15.59358325 26.72073902
36.21545479 70.36456609 85.0123367
74.38817197 40.83033667 12.78335565
66.33809178 31.0958448 133.6317438
60.95497497 59.86838367 23.67448022
72.63985482 25.01333138 190.5352197
58.07772648 72.27126992 15.22478151
43.41319331 66.57858813 139.6856595
69.26470777 72.82943731 135.9724654
27.59845858 36.82475315 43.68689098
72.88891012 46.26574118 26.37084773
11.66462547 77.34231357 177.8666439
74.79384316 85.62296159 108.9028944
31.01628503 91.52568195 56.10943124
70.78922974 47.89459245 171.3259665
33.23199386 63.85773405 177.2095239
19.50096438 27.7525894 11.72412452
87.9299011 8.141029198 173.6532686
51.87832185 20.47939084 116.5116511
40.02470633 47.27609919 82.33662989
40.08628648 38.56542638 32.19029575
69.2817029 28.70710311 165.4719942
14.94485736 19.54814325 182.772216
91.08826091 48.51196475 38.39317473
90.4446197 8.214984074 19.03692665
85.27397658 19.85712916 133.8490151
9.684751022 31.27035111 6.8607456
62.78108989 40.98439532 192.8094424
66.04953355 23.4093852 77.69532532
75.70079301 44.77934678 156.04945
55.89949505 84.94091064 161.7933762
73.30791951 38.32761501 133.7226043
8.700386342 70.37178545 192.1128124
83.69384357 29.06706224 79.9804265
33.23823858 38.81289505 13.93327768
75.50427696 8.885004245 60.24577695
29.12906926 73.41043739 143.6425193
21.62819613 64.0540372 11.89353461
59.59044971 36.20963092 128.0476178
80.63204004 56.37232159 70.95584311
5.453158247 47.191484 73.97393291
72.47709021 22.96074666 7.267164796
16.41177562 36.39455844 167.800363
86.66429117 76.08663279 38.46567718
89.16059174 79.16750395 160.4055039
10.17273228 45.41656743 156.6072521
84.70257488 7.276455154 56.42837991
18.3191042 87.37362664 164.6111016
49.42524136 36.62746833 115.2982062
43.69119504 62.8576078 121.1696837
63.39253739 38.37963232 62.7334222
29.08909768 46.1481749 76.83576505
65.09662257 51.63220728 83.82610579
68.06042877 94.48736422 20.8504107
76.73496155 21.19480948 27.31156152
62.11927949 61.53831752 89.39827335
86.90899992 21.95521914 88.860293
39.46739895 12.91288932 92.81137072
68.81596342 50.88030125 15.11328696
29.31333478 69.18189642 187.5045468
38.27409321 65.77755472 75.13271371
33.0909105 58.67737597 61.33997196
37.57770895 21.26147806 126.5955887
8.263022075 76.0247414 56.5354805
19.27420777 70.39703129 23.75674887
56.7713744 91.39752562 170.8319353
71.15395303 62.17874152 16.70428126
93.11076014 60.77604393 23.81053076
86.95198483 66.56415767 6.754684031
52.18616671 78.08858236 174.1252202
24.02916211 58.58889008 179.7965463
91.12859315 87.79539848 170.4264286
34.94755075 40.73952743 106.7785284
70.87256797 59.54370072 123.5964167
70.13899176 47.73428618 99.63778099
15.17712617 41.06687571 8.249984043
91.65590657 88.50778395 122.4553749
72.22226517 20.23808151 54.37504472
39.14834115 23.82612036 98.64106376
12.41413418 84.43947315 107.7876367
30.9410647 61.53448929 82.48956745
30.44481564 68.09881845 123.9482796
36.43581327 82.7129704 48.94740759
91.87452072 70.99126878 61.51822841
36.42688478 11.41243653 126.9739297
18.93887144 65.48181999 70.62005764
86.14730529 46.50219377 160.181605
85.75172213 38.2556486 73.21998374
76.59382598 83.28245914 189.3414085
34.14766915 30.1635345 48.45481439
85.36702815 89.61237481 73.4656643
58.74050226 26.82640152 47.05533875
8.407205072 43.47469912 51.73268097
62.6395383 9.806518795 66.6782645
39.94679244 43.49659102 23.28839088
94.74015102 28.5298621 34.97019211
93.65039922 51.43433886 155.0069023
33.57804685 89.66444346 156.8445176
11.77215619 76.32864497 84.91161064
72.00265365 61.17839601 68.91146988
19.27339984 31.3474714 123.9709613
18.84394988 39.00091062 116.2233316
39.24057402 25.74300922 10.15480862
63.01006012 9.123168388 10.58048971
26.99485658 48.15882275 18.93486793
76.27433294 7.56423298 183.9921744
29.37040268 12.31871853 178.7633827
75.76517735 30.37759556 124.3060151
46.4712086 92.12533598 170.5375161
71.64378207 7.393841008 155.3206485
58.23363455 85.70667538 25.56407473
6.383603188 85.0902295 186.6291027
76.72876219 71.4773597 183.6503052
7.963392783 19.86101515 90.52011363
24.71144767 9.816405554 132.5522169
7.851787173 63.5893276 141.3369973
79.36047665 36.46666521 38.79600934
63.15253749 68.4776676 55.69148988
82.48954579 36.55435584 186.0712763
70.04122821 12.31380329 92.87828883
62.17970846 61.7066136 176.2587533
15.69281341 6.129948141 93.55241712
9.266456367 51.96905362 143.274953
7.32865352 95.22409596 105.976873
63.42370861 44.12009087 105.3582717
18.5969912 87.9315463 16.86312434
35.56988685 23.13821584 55.45428632
53.13026459 90.84515894 116.2401435
47.71546883 91.25573674 181.0658697
9.514458107 66.52155477 126.3168513
23.85966771 51.75682759 156.4350961
81.29178409 90.00821924 155.4231215
45.06594009 86.59461133 140.6923234
61.02418163 86.88795662 59.31473913
71.7239254 90.95360635 56.42102742
9.881477786 52.82429137 13.66726694
90.49624187 36.91812051 82.67794279
89.54676914 10.28985547 44.65859146
28.62604899 25.1284744 160.951976
21.64972361 38.18137618 65.53685731
83.25893441 41.46430046 48.78856864
72.38990923 64.87483442 167.3263933
37.95131208 88.0560729 76.60250694
77.95366914 18.99463257 184.1193011
92.3085682 85.65806538 65.24483465
88.79147924 11.07813421 85.68803519
14.43360975 24.62174236 97.34614963
62.04514637 36.72836902 173.145498
81.98638527 91.55237578 15.20277543
25.06400022 41.98998602 167.8442477
94.04746248 24.54708458 169.8938681
94.89884157 65.79728053 190.18587
41.24445903 43.08545908 9.856009584
89.29470071 82.60524127 151.4488902
13.79563243 15.89131598 152.3498785
80.52825201 87.83783965 49.76302949
37.71037629 22.11548453 154.7254326
18.55842268 54.25404901 8.631379025
34.0392841 8.556826924 80.27271025
57.26828375 24.29100211 174.5237233
40.48439219 51.03543413 57.62332081
71.01922964 26.99999604 88.82402613
76.8986086 50.3200864 8.961316038
91.56732632 84.24053082 32.89304749
81.80176855 79.85173106 179.8500432
26.45415287 70.71836101 56.469212
25.37094109 64.62017088 168.8590908
33.051854 64.77525899 135.777937
77.3577999 8.924406747 193.2318728
43.70446821 45.72344182 150.8075322
11.97146031 26.99799122 57.25893209
56.05014852 29.26572097 110.216129
6.545467168 94.23741014 95.06091762
92.94971365 57.76829992 80.47076856
27.04675697 12.66365085 192.9209376
9.107604903 15.79182872 36.16655621
79.14805578 49.84034499 102.0208007
52.31663945 70.23590046 180.7499817
60.23230847 73.29824951 82.87507097
42.89949562 46.16749619 139.0107401
8.383999308 7.131069871 64.56139124
24.31945613 38.13694649 7.620180295
87.91222855 18.85259272 55.37698929
8.7823949 30.71078002 142.0313204
92.62170995 65.68052269 14.67255565
62.17466245 15.4878732 20.57114007
70.75006367 45.18682367 58.64242938
83.30311567 39.0296333 7.806726047
33.75423998 58.99074219 116.538925
56.14140956 81.15848543 109.6539377
82.98283834 80.04406909 54.76118662
24.03554647 80.15349676 129.5991806
74.8342829 88.80546333 179.6638068
20.13232822 54.8765136 88.46266247
65.2596046 93.07147743 5.45188249
67.57196774 26.37894977 174.6245522
37.71008751 12.74912935 151.4683211
38.54349847 92.32773847 88.81603317
35.5715592 56.32712859 25.67836493
6.566118034 86.47069457 155.9659882
89.22817409 30.31407195 8.560253092
45.82965244 92.19104614 153.1747032
67.23763445 52.58989734 33.21355633
12.82523053 90.50975912 190.7549325
59.35607399 66.87798376 68.24591147
92.29576841 6.433555356 94.17106514
59.66303626 30.99286579 78.17377031
40.31997691 54.12425019 18.00747622
60.49667678 22.70406364 140.7411092
74.77450338 89.78434075 38.735204
37.91717039 69.98698156 8.176750525
9.027695078 31.65117509 192.755405
19.20030234 80.09533246 183.5395438
35.76066353 27.42411399 28.76591089
90.77959977 16.20631106 24.96809443
20.60945875 29.91787655 44.89642006
32.68297664 58.98700546 189.8508897
6.633896066 93.08941308 140.8024455
86.02517137 49.85680154 108.997823
63.16336844 44.17278976 144.4313286
39.65144797 55.10744866 104.3458238
4.695884416 14.76859635 74.15277658
66.64794928 21.9789851 119.9125294
29.08000764 96.09747424 195.4380724
41.06970133 74.89710029 169.2994831
11.50852183 73.42551928 141.5508954
86.71091333 47.12795016 184.0767598
70.93809901 80.03749934 86.38411947
41.00766682 80.97903649 88.4904636
61.07496606 35.24282643 42.65965973
61.28044924 93.57575477 80.92149347
36.18645474 90.02003329 169.7880105
69.7812062 7.828459992 84.49661471
57.62321719 90.0204679 181.6738027
91.97982469 12.68476867 6.290854403
17.95078922 89.99574329 67.35112141
91.90928931 24.30138993 146.6817084
5.670981181 82.61844195 168.3051173
84.295276 31.90644364 98.94178742
35.7607522 16.7054352 31.49483036
45.58096578 33.25602862 137.5783909
67.88653162 9.139684566 106.3974132
7.472516395 6.794060613 79.99478452
92.11313858 60.76759881 141.2249651
92.69265748 30.53047916 133.7403901
77.83206489 31.67662464 139.6771821
77.36485451 66.38778633 61.0354167
38.60318298 93.04153204 145.5796972
5.795451456 53.03018997 54.56682589
91.01213229 36.33536214 64.56667186
6.692704242 53.36889113 24.83897068
7.079069399 41.96460531 36.5588251
88.15996083 10.43316672 131.4050867
5.520995482 70.75642734 13.9917826
17.08325822 15.87778368 92.79842921
18.88664953 6.265242408 41.00252021
26.04258416 32.78330284 166.6638037
87.96580431 65.30465384 149.5586356
90.31623415 59.83746553 68.59163385
65.0896241 91.91978066 67.4719704
7.738914212 96.06511244 59.13369563
58.83189849 38.42829352 31.67860489
7.860808397 6.158001968 51.48097988
9.172474266 60.88129919 8.471678852
34.43291679 92.70470947 5.298521594
38.34687466 81.43470535 176.3869796
63.60007743 52.00360412 190.2420078
70.8088756 57.30885732 91.11709471
67.54982366 72.74844227 44.20351186
91.64439253 42.35176223 150.0546733
19.97256189 48.76165872 127.9471657
76.35649317 53.10931137 36.40314789
9.187005193 61.47616583 68.84302816
63.03737421 72.3469319 143.267224
19.80281457 11.34068013 161.4563837
81.31976753 4.710239694 34.78032045
48.45985023 40.41634915 145.2815797
12.3911347 66.73596432 160.393712
61.10521967 29.73315895 57.92575795
84.74214431 88.8524286 27.95537063
31.49559001 29.00981413 19.50222101
59.41733442 7.165225302 104.4984567
93.26716612 32.7973187 156.3107091
51.29250392 32.61121996 168.1848659
7.596276579 33.25779404 171.1980008
4.25572073 42.04699612 104.8778853
68.08231593 66.19389465 117.7784072
67.95079698 38.22801587 163.4789328
70.30615081 36.32198855 21.57142541
6.497001381 6.298171225 8.060819269
7.252981878 91.17786084 49.26352336
56.82031317 7.011781692 156.5900907
93.14890201 85.47077706 104.382721
84.06376364 91.34144586 110.4436497
77.1715598 55.15095422 135.9776504
7.080044962 92.45750316 116.4405041
46.92042333 32.98002849 159.6893301
85.78557614 55.94551168 152.8211626
29.93069224 49.12963684 28.83161594
6.263765761 15.41900226 147.1448699
40.32060403 85.91464267 8.366863961
59.09531829 38.4126911 182.4621982
39.74874872 42.34105466 62.66326036
57.06535634 14.03090095 149.1032309
7.203451941 40.06787444 12.80804124
24.69050826 91.86495338 130.8524135
71.15375065 68.80530371 24.02364514
9.195534433 5.370028456 167.9275577
35.98496908 73.78567892 152.9855262
57.97182768 39.80617955 79.14470746
59.69560781 92.07849489 51.545351
57.83603083 42.18027177 113.4192828
75.50454555 9.497448063 50.30817211
38.04547555 94.41534281 13.24849327
57.52976622 32.75206384 191.8801532
65.13956984 20.03576282 40.84775983
47.84583695 21.11501415 181.3695673
95.76637928 64.80720251 178.8817567
34.62630457 31.86805052 157.1895346
8.867847699 19.41352738 193.285848
80.41177855 26.12015361 177.9740462
60.63614496 47.50086969 168.0124117
71.51417663 60.43240915 148.2657251
63.28885256 14.65213948 57.98515866
67.20789394 91.65276132 168.1434151
50.62843478 12.28719239 108.5399603
16.70181226 4.611841242 29.68205321
66.05827894 78.83545627 101.1007852
91.01703749 18.01721704 179.2418486
8.091060928 94.28177503 151.777088
39.86179992 40.51851446 73.81610216
17.8981144 28.24853253 172.8987399
30.15764965 48.52153164 129.0594763
81.3689218 89.54915117 145.3459892
10.14223314 42.5168235 171.614282
50.39958355 60.60186297 131.9288054
25.29031018 55.29389461 71.74894166
8.663174084 83.18408375 92.0747746
34.93159915 29.18504588 87.12377681
58.4611505 79.15941753 151.0996052
25.81616179 66.83656809 41.58545541
43.87395005 48.26748773 164.669038
46.67966477 63.37234623 180.0438404
23.75320145 8.930990387 19.80139585
8.012581632 4.394082553 40.38321608
49.23200243 44.50200511 120.0314919
93.91982852 43.26559757 48.81407284
16.0281184 72.2981421 93.31423697
89.72788731 33.10365503 142.9836314
91.79174765 91.80933636 145.6398296
89.09185399 48.09145954 80.29198819
25.39570884 22.84059298 19.80744319
61.30876916 4.941538944 81.56981004
37.46816448 77.07525595 193.8552149
8.176293272 16.88458661 101.632872
24.63780341 16.69550657 60.67631792
13.79669112 75.40195876 10.19660347
91.87614828 67.35395798 86.70667377
62.20323917 13.69632882 77.29763766
73.30688453 7.228766735 39.17154752
21.08060897 33.55700932 192.800798
65.68277683 47.31950222 124.119401
13.98328655 56.69226471 160.1095903
30.07390503 93.52234566 117.2909238
11.53959941 40.43407891 194.9156087
42.68812969 29.77355779 23.94480483
93.51377723 77.36549577 129.4875212
36.16534495 72.65692654 93.99487454
16.44913741 45.78748242 15.99527464
9.635875473 38.27218585 123.8977038
5.088091805 64.12897621 108.4895224
91.03823583 51.31288306 123.9082161
92.65878043 6.166106104 63.94880903
20.71765272 8.276117139 177.3215057
71.01702742 27.78478936 22.88241192
82.65374525 72.76113529 64.031926
89.67342761 36.82114139 36.30609091
75.05516409 91.287012 8.194444609
63.28503412 73.83468291 23.73120012
91.77679442 43.18824978 104.1335371
38.05471457 7.099031467 7.779001856
90.3171983 51.01213403 71.52049904
64.8281232 38.01484578 72.44093087
45.15052131 76.67209092 109.6005598
77.5792927 7.845497466 106.4069569
32.86596316 6.656748431 113.5989113
67.44141953 79.49472262 66.50507007
29.69309948 26.6981354 138.814024
72.20018509 10.60444227 9.762299942
90.7437299 56.81643165 46.73203157
78.15939267 67.78681376 42.35369133
76.39049787 6.238302857 173.6264704
77.45037799 69.83560717 160.7326748
79.85271138 11.42052695 125.2426139
68.69732336 91.05850946 131.3197707
6.828740775 75.04754208 72.44186111
20.61122168 93.7762405 121.5081243
6.661401903 72.13950673 134.0433951
40.07797998 77.62096248 145.4198766
76.72830378 77.59437855 172.3933773
67.26719596 12.28723851 194.9233797
25.95041655 62.57347722 30.15455859
79.2542327 42.98733945 170.4920891
41.73396875 16.86034368 118.6784596
95.81693951 33.16317639 104.8614687
55.73057048 73.03769792 193.8261865
19.69430901 53.8857912 114.8939597
71.29051024 56.90326382 101.0752479
23.80540555 34.29316849 146.6636967
23.42097833 93.54280056 180.1411459
43.78426087 17.97967381 47.5241441
37.32939456 8.349305494 45.10449307
36.39241638 82.84813909 113.6380788
33.87836658 6.726536065 99.53600945
41.41573911 59.54597287 174.1042876
8.223057236 13.20297565 186.4859358
85.14229514 31.23875775 89.90661165
29.67364124 56.62935208 91.39368289
84.2851673 54.56302029 131.1116939
91.20622315 58.31057417 114.1548305
18.33931353 59.97046509 171.8881346
56.4551095 32.82801616 21.622677
81.95072612 45.54315511 35.89889155
5.533197723 22.13945692 137.9247733
91.07125294 51.93296212 145.3914106
94.14632483 67.03681913 41.09064398
54.71697741 65.14116459 139.7278953
52.92812546 41.24920034 192.0388503
40.3286348 65.03000838 148.8843946
83.87298473 75.56955904 90.92980351
73.75001629 16.56441246 84.00808442
6.75679494 27.09873578 180.2225211
33.77638212 17.03135828 23.07175315
88.4751698 78.85815082 195.5972288
94.92198649 90.65066224 130.8034886
75.5903951 70.30953425 120.7839724
68.7908236 32.49472821 143.0036676
79.82789148 38.64565138 20.10210216
45.15879831 32.66869786 108.1639183
82.94593309 17.94615855 111.8950409
20.28572483 92.96552424 80.78513957
19.16506274 21.84922468 56.21691533
29.00184869 50.80697327 176.227464
60.53300085 47.17735136 57.48129897
67.2371858 41.62832206 32.37760341
95.507888 16.59781556 60.27068749
38.00073353 31.88549768 39.73463173
70.64559152 38.7363736 49.73923767
91.74532714 79.31435689 57.81543462
54.62471501 93.0229294 141.1964036
26.44471283 94.27498539 94.16387131
75.12294503 31.85811975 15.17379569
29.33915664 46.13247739 66.8950622
86.46602996 23.96874809 32.67492382
43.36249828 74.77142253 34.66638893
7.69948641 29.29811943 86.32206402
24.64178446 93.85524933 164.7260185
45.70328381 59.74140172 154.7404194
74.93943848 33.65312256 174.878848
59.592465 58.82877126 134.3267046
10.77801317 82.66645123 62.44897938
8.246089145 36.85294039 115.1483704
41.70216114 25.3397514 43.42949831
35.42216266 43.4972949 164.5025685
76.73549373 13.57223135 32.25209355
17.66580912 78.69924535 18.11207827
25.84435132 51.89398853 98.53217718
94.57365729 32.53416259 25.34513967
74.93526612 32.72804702 157.4483594
58.78404061 5.994238358 92.27956418
43.94534471 7.644069514 111.0297781
70.03369224 47.65461257 90.19906755
24.18675731 6.183224324 79.64959384
94.44154466 41.20293167 119.2527827
30.48211068 41.81247893 189.4450481
37.99696838 9.496976958 65.00392189
19.25468364 44.16210892 90.02888399
7.199317619 48.14404854 178.6817623
80.9467977 10.9171145 156.9019568
64.91433229 43.42416018 7.260170796
31.22401465 39.05396197 71.22852987
59.48732593 77.34581778 181.7261876
58.91044607 87.55426467 34.7672072
21.52544569 90.82855436 8.639754124
83.9601414 94.8024141 90.15386756
37.6620552 35.38415495 6.74348323
20.92840437 73.4436593 118.8006879
69.45034423 25.29324448 109.1673834
79.1681415 6.272207176 90.42307165
61.8172858 6.233908425 147.9811285
82.07590205 54.5587647 117.1273747
25.52649661 93.43697299 31.90850054
93.63676785 48.4048495 12.58112158
28.28285048 80.48461256 23.82833301
20.0970491 81.21718151 171.0495222
44.12559501 53.03812173 118.5946085
79.91455728 48.55484138 78.05847683
35.67694883 10.58174244 172.5356186
22.17867695 22.52250865 177.3012221
57.42511574 31.60820442 5.835358044
39.77508018 33.07069534 78.53545199
69.36045975 93.50176007 106.4274995
6.184071078 94.49588957 13.28131685
5.890346965 10.4030028 138.2174369
83.634 38.78729402 164.2504071
93.77150307 4.068193798 151.2000995
82.62405578 73.31752499 113.4433007
75.86300857 34.23439383 195.142127
50.86776361 38.82951444 133.6728238
30.76245012 42.00149711 98.71753682
67.60981106 90.7709478 116.0254679
76.13450243 78.91936282 8.682531147
87.45997017 5.194365391 71.26261271
96.01718608 65.84632417 96.45255876
27.98919765 51.66774245 192.0086745
80.37132386 48.45771679 146.4476979
68.93276763 95.45846381 195.3947666
29.02205025 21.58263599 172.4541362
39.66591596 16.91768334 76.9052259
19.02958424 54.02056216 138.1481067
16.37396277 41.82210572 74.16444552
49.13440702 22.28087792 190.5946507
79.23305896 49.53165644 19.38110898
16.26692927 64.27592811 104.674572
64.90851263 94.6163296 176.0485293
82.54962451 27.72569427 191.3171163
60.65958605 66.65440201 101.3042776
92.27868185 32.60671271 94.84737203
84.6967367 69.34155567 139.8286145
38.93388706 20.96377097 165.1304691
92.27375997 67.73416743 163.5496129
89.58188781 54.86873954 196.0004911
53.28247287 46.29867443 139.7271055
25.75508404 73.06662845 68.10475202
28.20346278 88.55073617 66.09976808
41.27903609 16.38417256 39.7931349
33.99026292 66.19824247 168.541838
22.1279562 31.10283344 138.0573807
69.27494573 63.55847034 138.6438393
93.60658979 47.4574872 167.6979691
86.7832168 5.100744557 5.431476664
43.33200278 34.26379408 175.734638
13.44001556 77.46332441 195.1326042
70.98529391 63.39789507 52.01494985
69.17226696 57.74916728 182.1944728
22.02317791 46.4383737 105.2591349
7.361918477 88.93386762 36.49745507
84.65456656 30.12594017 21.1779792
5.642165224 33.02387868 103.6841515
70.85726824 75.41381456 147.8414654
32.56903926 22.2818472 113.4007716
92.28902012 45.76768954 87.94846708
76.7249152 52.8310795 84.99689128
76.75642542 92.01435804 192.0049403
75.19866983 59.77680261 45.02774539
17.20467157 5.263670467 155.871419
59.20188 10.17632519 191.8662235
42.96478242 8.301880855 181.0282771
38.18324635 35.24620467 192.0652383
86.78140208 90.64313464 5.175910135
59.18538045 75.76538587 66.03179217
90.25056695 64.46630124 49.97829941
93.51252419 25.03303748 22.21622368
38.94091832 45.75010341 38.49651756
71.08083832 39.85241973 94.31850094
10.68420589 69.53509701 45.63329422
88.74623253 67.51146112 108.6095565
4.255130581 71.74510362 83.08121315
39.79242247 68.01537049 181.995434
58.75087029 56.38104724 70.46565734
5.233100159 69.753915 37.5622241
81.07683556 51.90058802 166.6322891
94.0994818 60.20487367 90.27012681
94.86945962 14.79274857 127.7635464
28.62205741 5.572723574 50.61166114
23.28221413 56.24642088 22.85450605
83.08840938 29.73549247 131.6019427
92.12580263 73.34492574 154.2059108
84.55919077 61.23255598 122.7359185
88.13479625 93.7136862 101.651448
92.61804903 25.66099274 73.23080463
38.33668121 64.2126243 194.1456574
33.62527602 79.49845464 57.64559537
4.540564487 58.77817129 38.45916644
87.43231772 60.04590511 188.9181581
88.86146771 93.00595988 162.2926032
42.26196004 92.87778262 98.19226886
80.52838874 96.56870668 54.282289
90.63888102 74.57907948 99.43705194
69.69291777 52.28556836 146.5764635
22.9506347 15.3574231 185.7987068
85.30677409 80.4651714 23.01388561
84.01768185 29.92746575 69.53535155
73.30579615 81.19269386 77.95405681
61.53512156 53.50913102 50.58966299
24.31824134 84.55624452 106.2029171
43.54946999 93.22867015 32.83350049
67.58677735 58.87177786 78.26991039
67.38299047 24.40455285 99.14992266
5.791009779 61.47686516 161.7408936
14.58338789 19.51577622 121.0155079
6.760383671 7.56429148 119.8006907
8.261214506 45.74811613 4.892491277
63.20647893 93.78425552 144.7960641
77.98108011 32.24699196 27.51202119
59.65821607 65.60813972 8.851385755
75.23768722 75.20390325 127.9016505
70.75406413 7.386439906 142.7114636
94.82576469 15.95213167 147.2943285
5.669410879 26.28006049 25.97905599
49.39886751 20.93371116 134.4523638
56.76289609 93.20096303 190.2804574
92.4184075 15.31109754 111.062573
32.27623044 6.17052285 196.2875338
75.28799307 32.13381826 114.2979432
61.41383682 52.34560649 176.5177476
96.09775867 67.20342378 118.6694252
66.36016771 6.541992373 172.1393504
71.65272291 81.83466084 41.85158864
65.96372988 7.669682178 125.884313
94.66627583 41.03581182 188.0774558
43.34582648 5.790542215 50.16744786
49.41714809 7.735513787 160.6122988
9.117095403 81.58116467 20.97320208
41.35974202 92.9809118 50.20237485
40.49655422 25.05874394 193.125677
36.75843316 93.79907416 137.1896908
71.31130601 46.5645939 43.37288468
39.32446009 59.80204486 182.5965529
35.75256504 48.20180365 148.3520221
77.12650314 75.87628654 73.1142911
20.57968206 79.62952293 8.259582218
73.01676342 79.40550465 179.5138341
87.1311284 20.05339351 121.5432687
65.27186639 79.08340471 131.0020717
95.86694696 57.86055765 39.52197815
8.93732367 42.10802288 145.87723
31.40175613 34.08054042 177.2031476
32.44896132 13.28077992 70.92224254
71.5373644 14.59771725 148.1231246
90.45056532 4.807791894 194.9698944
95.1912218 32.96952978 174.4796295
14.16797536 21.18467631 3.878651786
15.59692449 55.12386487 184.430494
39.27418154 57.02564705 143.3267519
75.13664469 68.7960229 143.6669671
21.22294895 49.85658122 174.0501605
75.85634407 66.6969027 194.3079931
20.38293575 46.8646962 47.60279465
80.23832489 79.1285811 46.61849685
24.37517083 84.79938527 51.55302088
82.22504286 12.42226461 25.96632575
33.53308299 13.72062309 117.6568336
93.4863292 61.30591401 127.6488346
71.62925002 83.50932151 125.1676833
6.570431888 68.0683232 154.3392051
7.918942977 50.27599447 106.268241
26.50724151 69.92003074 153.4665487
15.75090211 79.5504979 134.0411336
95.48794818 77.81214305 23.73304156
17.5675466 94.26018427 158.3928911
47.88016701 62.41058236 190.6568314
27.75853421 74.82946504 7.594461113
58.35540322 39.8010649 87.68436554
57.7054993 57.07736251 80.12571167
30.63498008 64.63041272 9.929582284
57.06903291 58.56883887 31.69498798
12.54204218 94.2907342 122.8523109
93.07397214 55.97349138 104.8324949
18.03161554 73.04547262 188.1127735
71.51753164 65.89407827 85.65827368
9.793393359 75.58178722 97.77410312
95.76545499 11.14049456 176.5705041
26.73263813 21.8386718 68.47087594
79.86582536 19.44356477 149.2169802
36.81295709 93.16944602 180.8450841
88.15385707 73.15510298 47.52928203
14.79234953 89.79349313 149.7743205
4.335568758 47.94139077 126.907397
60.24025687 6.883691846 133.3964939
4.065800588 49.37048503 165.2376457
41.11985868 63.24025743 14.17585785
12.92411172 34.4423778 35.17413757
28.22377174 40.1831095 122.4835277
72.21565503 68.93713353 176.6035465
73.75470262 80.46442806 165.1655538
6.414588394 94.42117627 129.9416806
22.402588 60.39503723 143.4250642
21.47895099 30.22444113 180.7821001
61.83223049 35.00363472 106.8404745
41.184431 42.54722916 98.61170664
60.49466109 93.84172408 94.41375226
81.17120856 13.48151856 81.40833409
95.80968859 11.61967567 70.06995735
75.08678684 41.27503784 107.1504184
6.924068531 15.75553522 50.18660462
23.02321403 94.5258394 146.01208
42.65354549 61.72202883 43.68530646
95.31784156 47.72039996 194.0829939
28.91426973 18.73755322 137.2029059
54.4799425 74.8439184 158.6831542
59.84417196 41.2076954 136.0617184
41.84553259 60.88084523 51.40187546
20.54631165 82.60725655 38.84729442
72.41753771 64.86246737 98.76999846
92.99959791 23.96465816 161.1376076
3.47358396 88.74839167 177.4819198
24.31905233 34.95096852 15.80126773
60.97355464 93.8624694 162.9161241
39.68080056 75.70910075 43.5996768
18.90640288 82.1778295 85.53024304
59.06295001 43.58743567 153.1005874
28.28217846 71.94835271 20.04796535
83.84224316 26.80599787 112.1280906
6.158660199 9.662145121 193.9420245
5.871056368 21.93829501 4.259172226
40.1625465 40.29998771 158.1056706
40.36746362 63.68726292 63.96306839
83.72444534 25.80575042 141.5040648
30.74304392 94.88006711 186.018374
57.43538557 83.48908347 101.2675739
24.01783026 20.55951641 80.35484548
92.7669591 22.91273789 95.65152685
92.94901603 67.06312307 78.20160103
85.34719964 93.02896479 177.153914
95.23577454 93.39397821 107.4923995
56.88708911 54.86409832 196.2404007
96.21728895 15.07562161 89.03217899
94.60902792 93.14615333 35.63979433
91.7019763 48.62730456 116.1931615
89.12315621 95.46850217 79.54751203
6.108846482 50.45996314 84.0470672
25.41047449 47.44012509 6.670330462
44.91695224 73.36177691 178.083831
89.26682372 56.11310703 3.622543858
16.70988651 54.32871132 106.7905048
76.13428497 8.553642251 163.2450725
83.18320682 47.63110354 196.0657371
95.10915562 22.85154825 192.3681116
4.22397727 34.385499 158.7767226
57.25724214 44.41105964 9.974721872
16.65621132 19.19444765 40.00007843
43.14514354 57.10981161 78.7144484
76.6476337 74.54373638 95.2191222
31.95684674 63.30356059 144.0261328
39.860116 5.394607349 167.3973275
18.9325479 23.21870123 87.51214772
18.78718251 86.48497336 127.2144698
84.79849288 6.695250135 184.4180738
77.8774964 34.2520873 87.31107355
62.94190091 49.97118 111.8453012
8.044285939 15.5364707 66.29068161
57.29854914 72.9830145 134.2343596
72.87802887 50.92368171 162.0626228
16.46666661 76.24283633 126.830205
37.76444109 66.06787518 158.04246
96.77576287 79.43993506 187.6180177
65.40342916 94.87068769 33.01645542
18.41254475 63.69838385 60.01395249
16.81121054 95.50052864 28.75922848
96.60016792 46.79647239 5.235453356
4.415849495 86.71188797 103.2232109
56.27735028 26.45415683 128.6361857
37.79066429 78.74555112 121.7578553
46.83301775 31.99648449 195.5465469
35.51851813 78.46813906 31.25061719
38.82024039 91.53076663 118.7565176
78.23116345 94.67719355 64.52059677
5.748953707 20.36018916 81.95084326
23.63737276 74.10693096 97.25660637
38.95109459 54.98226093 46.05354585
71.67446455 43.69763236 144.9195845
13.77927967 93.09367829 131.7468373
45.15919835 26.86251317 117.1939711
27.53679162 94.41493426 16.5202286
25.41613655 58.72391024 4.478646046
95.76603561 72.81847529 173.3953025
17.44097772 72.65430402 61.11251286
19.35768242 79.29926444 109.3116074
29.81336739 25.06991249 196.3957874
64.89570755 72.66504197 178.0636083
78.38040188 75.41148365 194.0783959
35.67315617 5.036162739 186.1098601
60.78609077 5.120526531 20.52012993
60.61157953 31.79273779 165.9330335
33.49719229 77.2962339 185.1798724
82.64314066 39.579224 147.2475861
32.86572657 49.96358391 104.8735628
19.89268892 70.73474394 4.741924097
6.69421979 5.310452367 187.157021
60.39520444 66.96620288 30.54713941
18.05483102 63.21996623 42.21554925
95.6825026 27.5197032 15.13957431
38.94325487 19.81673406 182.7501081
73.20003429 5.238055957 29.09600148
96.72405361 58.05546585 184.4370796
75.39415149 37.20754917 148.8666259
93.03367914 87.5721767 157.7063972
5.25887687 3.723979246 87.71425381
12.72384545 27.49982004 148.9015445
85.08346887 48.36259071 9.007358353
28.51447192 95.38538745 84.54459341
18.39317869 5.223618733 60.88329484
84.90315475 96.59788201 136.1515074
12.35536071 79.09202424 164.4271039
69.17145064 58.21565248 171.9139245
77.99503745 18.5915055 62.57410302
34.4247524 19.17590127 144.4134728
4.971918059 72.99502847 92.34920324
3.609804257 88.06908126 57.25635141
42.02576996 6.147429126 100.7511077
4.425482024 68.3509189 5.839500306
16.78701545 49.39174371 150.8100883
46.88458083 81.37601225 168.0138153
20.08971118 59.6070962 99.56261223
64.75533689 47.46647427 159.8086342
31.98580942 27.52773326 146.9190087
30.18591939 18.64841689 102.8047235
47.95701303 20.86941408 125.3427733
39.20085688 48.54312601 158.0477602
42.84672862 18.62429925 20.88560613
23.68993723 20.87750693 99.16853928
79.99938496 80.25485864 83.08661189
15.8311005 59.87186738 20.58925818
30.48237839 35.80903462 194.8269209
67.64269758 84.8124433 10.24873471
8.523061776 58.16270111 104.1234988
82.83862486 58.62332899 48.93279348
31.17055649 4.992618413 20.45670211
3.856275409 58.79340975 17.13931524
42.34413246 57.43976957 193.5637771
87.03369675 44.76399376 127.0182627
8.084572812 73.98998588 121.5654132
63.00571816 50.76245528 152.6610722
58.83068066 28.13224527 36.29793235
81.0660435 6.792162305 115.30642
75.13715411 80.47955911 137.4320139
77.29822987 26.54712631 35.12688324
86.4042981 50.57817171 50.79478794
90.47583157 56.65661171 31.53184415
12.63652246 65.74519878 16.05365751
32.06704726 4.179489802 177.407843
23.98888631 5.162720462 3.878004026
4.261631278 74.62510043 184.8860364
69.81162834 30.92185595 75.53712525
96.46659178 69.91772161 142.6509872
7.212511365 61.16490469 45.40673547
92.81856664 53.55262243 18.52392461
71.11903452 53.94389132 64.32051799
17.27266103 7.010031518 106.297393
70.76477172 3.172397598 191.8420077
88.20872203 33.46526282 192.6335578
32.26872418 6.10017715 149.4540327
46.36638251 70.74057597 116.4822636
49.95298368 69.87888871 171.465823
31.19163995 62.29471579 161.7362572
94.78050789 4.746627086 52.08463122
91.98791532 9.245983241 183.8950158
15.95615833 32.96002972 51.6925193
5.566672279 12.76968585 13.26625374
56.3451698 49.74791361 83.96235721
19.23097452 44.65159652 159.116061
92.83235427 28.47666435 88.24305265
19.82947838 52.78883151 195.3734562
48.10360929 74.91234208 164.3849043
20.24309654 87.31931346 195.3708371
47.9539577 26.82798913 174.8733031
76.86598782 18.74260586 91.59450489
68.97255834 36.86909212 126.2868572
95.92824272 3.267319489 86.9275757
5.069385668 61.6619463 188.6739603
92.62924254 33.44611123 115.3925334
87.04796748 41.25346756 193.9766078
66.0125849 85.99916722 82.06766763
77.68127077 69.591946 17.01898522
69.49951078 46.50383027 192.4375764
66.05827683 84.88798515 107.3782665
85.06206415 15.45974586 34.16328985
85.60276753 60.82280922 76.56278605
54.12796128 65.30750776 119.3986165
56.64601096 72.78177548 104.1229726
72.15055202 79.30614799 114.4762779
91.79863283 76.13823571 91.66836187
53.96058148 44.65182827 106.4226882
71.58376086 92.83535421 73.62345928
70.50824668 71.01870005 59.6983974
40.41937633 44.08491689 130.3057116
59.70633861 5.261883925 184.1843487
4.105061222 5.724854928 129.6141921
93.00573347 51.15119027 187.5648673
57.30270014 12.3936876 4.802529944
58.37491862 87.87459923 6.608156114
37.38028403 84.42224561 39.97594263
14.66485494 95.75958348 92.94239862
84.78451847 3.992542659 83.31172658
70.74424082 52.52084735 154.8317925
57.68251694 92.74411569 42.74575314
33.64639093 39.01892086 58.15862234
94.32205076 33.96419486 73.5363201
14.7693823 68.46271655 52.73443457
63.72898439 11.93091246 98.90170695
48.22215457 92.67930666 161.1155334
31.97832088 4.192985603 63.89175612
43.17729216 24.56277226 33.41476074
85.30499807 57.6280437 105.5753981
62.67185751 81.55215242 18.32825661
37.98707912 6.658676608 133.8486072
5.756025747 49.85268673 32.90008705
25.51799006 28.17977012 55.06185699
4.315743426 23.45593558 34.51525331
77.29509053 94.4324084 103.6224842
84.40030244 20.10014034 77.65908249
51.97281351 7.031766335 129.2351521
60.3815919 27.59232749 85.8348885
90.71169629 78.0622686 169.602168
85.30750605 70.30508676 159.477141
35.56055741 37.36600687 184.2760626
6.148752537 46.23160859 20.58218112
6.478235252 58.89417936 123.9333118
72.8291302 95.02068056 47.38663396
89.6727314 36.23554875 45.01419834
48.25031812 4.997334572 190.8163157
29.31333563 64.2890573 195.2107087
32.32021358 67.50294866 65.30343625
48.70446037 84.03217784 191.6746098
93.26684536 40.76163454 160.578859
58.07148155 17.69928677 66.48352622
91.79210997 88.61577816 137.8830769
53.2401347 60.52818066 156.6941551
43.06770737 64.24461971 5.275211053
73.14139887 25.12271785 148.7112954
94.67235629 18.87218941 34.67548191
72.74226517 79.28553457 28.2407738
96.24348597 23.80425782 130.2188295
9.334793302 76.06714238 29.0730951
56.57956267 17.28485128 181.763125
26.83440869 29.2972199 153.9489999
10.89447192 6.11060927 145.3092433
20.38314253 20.11681949 105.9806236
27.27109616 63.88464123 72.63870685
7.757238676 18.00501525 124.2670723
35.37330118 95.71409607 33.7266509
59.23817403 45.08041367 70.04821983
75.42588527 53.24618177 128.0103168
59.434415 74.31666766 95.95289789
41.21564589 9.475812922 31.69103741
41.45467386 31.19948057 54.94246766
51.81474725 82.50121427 147.5611378
76.93196853 61.95820856 77.12111002
58.20154136 93.58359912 29.15028011
5.524677838 75.07041409 151.414443
20.1423667 62.60115014 162.478121
70.00223587 57.55167421 9.155395039
92.00117638 65.13681504 171.4099679
96.64947183 69.03510108 131.4063013
54.23453362 58.28051395 179.2698226
75.68284567 90.76371014 23.23444927
94.40454634 44.43882046 180.9476971
74.2767562 93.9431641 29.84135579
31.73106349 77.92255814 134.9805029
38.2929485 52.01339402 177.24182
35.01595752 43.69141999 123.131957
15.10488892 29.38363844 20.87093582
79.07246825 43.09636705 83.89326167
62.0875233 21.02939175 3.648098377
37.46826517 69.11696473 20.17181027
83.58025991 87.18323364 59.07910276
95.19596125 72.48562547 52.00827603
11.13243469 92.77734312 4.971825124
39.66511344 21.62557078 83.07697716
85.36709831 81.48989948 69.58271316
45.27909775 71.4290469 157.6234884
27.42192183 77.30744413 152.0071465
82.66031429 66.12954869 68.84641283
29.09890897 36.16095548 92.49801822
95.18385521 95.46445579 71.90249643
68.41664946 5.477334497 99.02958474
67.64206368 75.08110493 11.08914374
63.45581013 76.46638795 109.2961201
42.22038649 49.4945715 4.015391433
69.38615977 43.44964657 116.7638345
93.0320992 86.1231189 74.06751831
95.19570443 88.3353945 182.876962
62.00857819 66.62005151 136.9581182
4.41609885 86.10295137 110.8216736
84.02198626 37.90509065 60.63823325
6.571069912 54.44724828 152.4784925
58.05036878 40.69802745 99.20204861
79.96095598 80.54478975 28.93162311
93.91205157 92.13561018 27.86940117
15.66529793 96.23269728 10.55471586
77.58034191 4.681171784 98.31887552
27.85687581 6.214405739 170.6197389
43.00417774 30.53569771 86.0014145
81.95074112 42.8068923 26.80990889
73.61986122 96.43044162 182.9906644
41.998132 29.53177394 67.61442512
80.02084004 86.03339978 3.955810863
32.35066994 96.33066054 174.7595781
48.54174934 43.65501427 183.9512232
3.894815445 11.29106554 93.99515449
33.05028056 47.2549791 55.01986464
77.68032271 73.87384724 23.58895112
33.02219395 96.41945939 75.62916077
15.96868196 55.95373982 125.3245524
92.2949487 15.21943055 98.10420772
66.91262742 24.08753119 59.92088784
6.657700199 24.84813124 101.4120982
7.064965272 80.77189424 142.1740967
29.93072849 42.01845116 36.07558762
16.86920269 82.31246724 52.58832864
68.22273645 5.973138155 20.61867509
21.33669993 94.51936292 190.1105297
28.05024847 20.66263311 29.47822497
81.14238365 31.59869585 49.13585436
83.88540928 70.11830145 179.2892879
28.10245632 76.91335138 119.4146015
75.42656403 76.70305862 61.30717994
57.27257647 18.04375203 50.24829058
51.5690312 88.68853032 106.9159904
32.95701541 94.6322185 64.19718829
72.27152471 82.04878492 152.6225353
5.91492507 43.83009164 65.38902526
27.70579221 75.21059358 194.9447589
54.45300468 82.52645843 131.2843271
68.87521145 15.12330489 34.49928329
30.08282953 5.080232275 73.47334253
8.888300174 15.06386301 161.055607
68.19454815 54.76641403 23.29905033
24.12334204 91.90111742 101.3857993
25.92568535 5.333916899 108.6522537
35.02920768 85.2576759 148.9251631
79.93003023 5.335463134 43.36158372
8.011428845 96.75518212 38.99059593
94.54470509 95.32896469 153.4044877
77.26370409 95.83651403 137.6210095
3.83314843 79.31970729 159.6590742
23.91597682 4.088826305 152.2077039
56.49680427 74.69380932 53.81109046
32.39062124 90.23977177 97.19831261
43.19437505 96.40667632 70.35525425
31.07815251 91.39619035 148.9270755
83.23365297 19.50757173 3.185930484
95.66303617 17.73691492 12.44158336
61.14611285 57.99814277 98.45163335
8.044518706 16.01340994 58.80055827
69.35031852 57.39017183 195.8101587
62.12750896 29.98956784 180.02623
