time node temp humidity
0.0 337.353 0 0
0.0 418.735 0 0
0.0 496.585 0 0
0.0 -5 100 100
0.0 0 0 0
0.0 500 0 0
0.0 505 0 0
0.0 282.571 0 0
0.0 12.6764 0 0
0.0 244.597 0 0
0.0 10.4705 0 0
0.0 190.544 0 0
0.0 198.728 0 0
0.0 402.805 0 0
0.0 242.761 0 0
0.0 383.804 0 0
0.0 142.594 0 0
0.0 89.3925 0 0
0.0 290.758 0 0
0.0 369.018 0 0
0.0 107.367 0 0
0.0 408.1 0 0
0.0 484.285 0 0
0.0 341.418 0 0
0.0 46.8881 0 0
0.0 15.8986 0 0
0.0 281.694 0 0
0.0 235.902 0 0
0.0 24.1612 0 0
0.0 487.26 0 0
0.0 427.909 0 0
0.0 35.9526 0 0
0.0 314.293 0 0
0.0 327.49 0 0
0.0 220.489 0 0
0.0 175.846 0 0
0.0 491.347 0 0
0.0 101.992 0 0
0.0 76.6404 0 0
0.0 154.033 0 0
0.0 93.42 0 0
0.0 190.396 0 0
0.0 234.874 0 0
0.0 84.0301 0 0
0.0 432.554 0 0
0.0 226.543 0 0
0.0 199.018 0 0
0.0 222.711 0 0
0.0 126.306 0 0
0.0 214.624 0 0
0.0 320.836 0 0
0.0 167.716 0 0
0.0 49.377 0 0
0.0 257.153 0 0
0.0 447.697 0 0
0.0 493.474 0 0
0.0 436.109 0 0
0.0 -5 100 100
0.0 0 0 0
0.0 500 0 0
0.0 505 0 0
0.0 430.12 0 0
0.0 127.685 0 0
0.0 485.627 0 0
0.0 262.634 0 0
0.0 429.265 0 0
0.0 180.822 0 0
0.0 159.111 0 0
0.0 205.571 0 0
0.0 203.094 0 0
0.0 139.988 0 0
0.0 493.315 0 0
0.0 295.151 0 0
0.0 342.952 0 0
0.0 48.1896 0 0
0.0 392.364 0 0
0.0 121.523 0 0
0.0 300.378 0 0
0.0 381.058 0 0
0.0 399.927 0 0
0.0 308.308 0 0
0.0 450.726 0 0
0.0 54.0546 0 0
0.0 34.7268 0 0
0.0 277.219 0 0
0.0 328.952 0 0
0.0 224.115 0 0
0.0 472.815 0 0
0.0 237.486 0 0
3.1536e+07 337.353 9.33868e-39 9.33868e-39
3.1536e+07 418.735 8.75218e-49 8.75218e-49
3.1536e+07 496.585 2.92605e-60 2.92605e-60
3.1536e+07 -5 100 100
3.1536e+07 0 65.9894 65.9894
3.1536e+07 500 9.89565e-61 9.89565e-61
3.1536e+07 505 0 0
3.1536e+07 282.571 1.46493e-31 1.46493e-31
3.1536e+07 12.6764 7.52884 7.52884
3.1536e+07 244.597 1.49237e-26 1.49237e-26
3.1536e+07 10.4705 10.0228 10.0228
3.1536e+07 190.544 1.19432e-19 1.19432e-19
3.1536e+07 198.728 1.54476e-20 1.54476e-20
3.1536e+07 402.805 4.95904e-47 4.95904e-47
3.1536e+07 242.761 3.93838e-26 3.93838e-26
3.1536e+07 383.804 8.72955e-44 8.72955e-44
3.1536e+07 142.594 2.74143e-14 2.74143e-14
3.1536e+07 89.3925 5.93857e-08 5.93857e-08
3.1536e+07 290.758 1.12826e-32 1.12826e-32
3.1536e+07 369.018 5.05523e-42 5.05523e-42
3.1536e+07 107.367 4.46418e-10 4.46418e-10
3.1536e+07 408.1 1.10033e-47 1.10033e-47
3.1536e+07 484.285 1.20683e-57 1.20683e-57
3.1536e+07 341.418 1.91624e-39 1.91624e-39
3.1536e+07 46.8881 0.00312012 0.00312012
3.1536e+07 15.8986 4.06144 4.06144
3.1536e+07 281.694 8.05485e-32 8.05485e-32
3.1536e+07 235.902 2.66412e-25 2.66412e-25
3.1536e+07 24.1612 0.967989 0.967989
3.1536e+07 487.26 2.53594e-58 2.53594e-58
3.1536e+07 427.909 7.61425e-50 7.61425e-50
3.1536e+07 35.9526 0.0585875 0.0585875
3.1536e+07 314.293 8.91698e-36 8.91698e-36
3.1536e+07 327.49 3.83305e-37 3.83305e-37
3.1536e+07 220.489 3.4112e-23 3.4112e-23
3.1536e+07 175.846 5.71705e-18 5.71705e-18
3.1536e+07 491.347 5.14288e-59 5.14288e-59
3.1536e+07 101.992 3.1279e-09 3.1279e-09
3.1536e+07 76.6404 1.30575e-06 1.30575e-06
3.1536e+07 154.033 1.09201e-15 1.09201e-15
3.1536e+07 93.42 2.42636e-08 2.42636e-08
3.1536e+07 190.396 1.173e-19 1.173e-19
3.1536e+07 234.874 2.82665e-25 2.82665e-25
3.1536e+07 84.0301 3.22651e-07 3.22651e-07
3.1536e+07 432.554 1.27002e-50 1.27002e-50
3.1536e+07 226.543 2.3028e-24 2.3028e-24
3.1536e+07 199.018 1.37805e-20 1.37805e-20
3.1536e+07 222.711 9.15679e-24 9.15679e-24
3.1536e+07 126.306 2.36206e-12 2.36206e-12
3.1536e+07 214.624 2.50576e-22 2.50576e-22
3.1536e+07 320.836 1.26506e-36 1.26506e-36
3.1536e+07 167.716 3.15292e-17 3.15292e-17
3.1536e+07 49.377 0.00142206 0.00142206
3.1536e+07 257.153 3.72641e-28 3.72641e-28
3.1536e+07 447.697 1.76169e-52 1.76169e-52
3.1536e+07 493.474 4.1429e-59 4.1429e-59
3.1536e+07 436.109 3.72028e-51 3.72028e-51
3.1536e+07 -5 100 100
3.1536e+07 0 64.9967 64.9967
3.1536e+07 500 2.3182e-60 2.3182e-60
3.1536e+07 505 0 0
3.1536e+07 430.12 1.36303e-50 1.36303e-50
3.1536e+07 127.685 1.67091e-12 1.67091e-12
3.1536e+07 485.627 5.29339e-58 5.29339e-58
3.1536e+07 262.634 6.55267e-29 6.55267e-29
3.1536e+07 429.265 1.48087e-50 1.48087e-50
3.1536e+07 180.822 1.01273e-18 1.01273e-18
3.1536e+07 159.111 2.54498e-16 2.54498e-16
3.1536e+07 205.571 2.35738e-21 2.35738e-21
3.1536e+07 203.094 3.57493e-21 3.57493e-21
3.1536e+07 139.988 4.32358e-14 4.32358e-14
3.1536e+07 493.315 1.84193e-59 1.84193e-59
3.1536e+07 295.151 2.25838e-33 2.25838e-33
3.1536e+07 342.952 2.12124e-39 2.12124e-39
3.1536e+07 48.1896 0.00188406 0.00188406
3.1536e+07 392.364 2.12081e-45 2.12081e-45
3.1536e+07 121.523 1.07563e-11 1.07563e-11
3.1536e+07 300.378 4.65844e-34 4.65844e-34
3.1536e+07 381.058 5.19913e-44 5.19913e-44
3.1536e+07 399.927 2.61448e-46 2.61448e-46
3.1536e+07 308.308 6.28125e-35 6.28125e-35
3.1536e+07 450.726 2.50439e-53 2.50439e-53
3.1536e+07 54.0546 0.000608925 0.000608925
3.1536e+07 34.7268 0.0642964 0.0642964
3.1536e+07 277.219 2.7559e-31 2.7559e-31
3.1536e+07 328.952 1.41448e-37 1.41448e-37
3.1536e+07 224.115 1.95683e-24 1.95683e-24
3.1536e+07 472.815 4.24012e-56 4.24012e-56
3.1536e+07 237.486 1.52665e-25 1.52665e-25
6.3072e+07 337.353 1.07984e-34 1.07984e-34
6.3072e+07 418.735 3.77851e-44 3.77851e-44
6.3072e+07 496.585 4.55319e-55 4.55319e-55
6.3072e+07 -5 100 100
6.3072e+07 0 73.4965 73.4965
6.3072e+07 500 1.63037e-55 1.63037e-55
6.3072e+07 505 0 0
6.3072e+07 282.571 6.86352e-28 6.86352e-28
6.3072e+07 12.6764 17.8192 17.8192
6.3072e+07 244.597 3.77484e-23 3.77484e-23
6.3072e+07 10.4705 22.2652 22.2652
6.3072e+07 190.544 1.18814e-16 1.18814e-16
6.3072e+07 198.728 1.74272e-17 1.74272e-17
6.3072e+07 402.805 1.71568e-42 1.71568e-42
6.3072e+07 242.761 9.12215e-23 9.12215e-23
6.3072e+07 383.804 1.86678e-39 1.86678e-39
6.3072e+07 142.594 1.01762e-11 1.01762e-11
6.3072e+07 89.3925 5.10259e-06 5.10259e-06
6.3072e+07 290.758 6.09326e-29 6.09326e-29
6.3072e+07 369.018 8.56786e-38 8.56786e-38
6.3072e+07 107.367 6.4753e-08 6.4753e-08
6.3072e+07 408.1 4.21993e-43 4.21993e-43
6.3072e+07 484.285 1.33769e-52 1.33769e-52
6.3072e+07 341.418 2.47414e-35 2.47414e-35
6.3072e+07 46.8881 0.0479678 0.0479678
6.3072e+07 15.8986 12.381 12.381
6.3072e+07 281.694 3.91062e-28 3.91062e-28
6.3072e+07 235.902 5.59441e-22 5.59441e-22
6.3072e+07 24.1612 4.30674 4.30674
6.3072e+07 487.26 3.07882e-53 3.07882e-53
6.3072e+07 427.909 3.60918e-45 3.60918e-45
6.3072e+07 35.9526 0.50491 0.50491
6.3072e+07 314.293 7.06844e-32 7.06844e-32
6.3072e+07 327.49 3.52293e-33 3.52293e-33
6.3072e+07 220.489 5.43352e-20 5.43352e-20
6.3072e+07 175.846 4.33479e-15 4.33479e-15
6.3072e+07 491.347 6.75184e-54 6.75184e-54
6.3072e+07 101.992 3.63463e-07 3.63463e-07
6.3072e+07 76.6404 7.49924e-05 7.49924e-05
6.3072e+07 154.033 5.54974e-13 5.54974e-13
6.3072e+07 93.42 2.32942e-06 2.32942e-06
6.3072e+07 190.396 1.17263e-16 1.17263e-16
6.3072e+07 234.874 5.99839e-22 5.99839e-22
6.3072e+07 84.0301 2.24326e-05 2.24326e-05
6.3072e+07 432.554 6.75858e-46 6.75858e-46
6.3072e+07 226.543 4.41821e-21 4.41821e-21
6.3072e+07 199.018 1.55517e-17 1.55517e-17
6.3072e+07 222.711 1.61289e-20 1.61289e-20
6.3072e+07 126.306 6.19467e-10 6.19467e-10
6.3072e+07 214.624 3.56359e-19 3.56359e-19
6.3072e+07 320.836 1.12103e-32 1.12103e-32
6.3072e+07 167.716 2.0874e-14 2.0874e-14
6.3072e+07 49.377 0.0266229 0.0266229
6.3072e+07 257.153 1.12578e-24 1.12578e-24
6.3072e+07 447.697 1.12319e-47 1.12319e-47
6.3072e+07 493.474 5.43189e-54 5.43189e-54
6.3072e+07 436.109 2.16509e-46 2.16509e-46
6.3072e+07 -5 100 100
6.3072e+07 0 72.0168 72.0168
6.3072e+07 500 3.63711e-55 3.63711e-55
6.3072e+07 505 0 0
6.3072e+07 430.12 7.1549e-46 7.1549e-46
6.3072e+07 127.685 4.37845e-10 4.37845e-10
6.3072e+07 485.627 6.29464e-53 6.29464e-53
6.3072e+07 262.634 2.18862e-25 2.18862e-25
6.3072e+07 429.265 8.10246e-46 8.10246e-46
6.3072e+07 180.822 8.81144e-16 8.81144e-16
6.3072e+07 159.111 1.45004e-13 1.45004e-13
6.3072e+07 205.571 3.01646e-18 3.01646e-18
6.3072e+07 203.094 4.46503e-18 4.46503e-18
6.3072e+07 139.988 1.66209e-11 1.66209e-11
6.3072e+07 493.315 2.58696e-54 2.58696e-54
6.3072e+07 295.151 1.31923e-29 1.31923e-29
6.3072e+07 342.952 2.66674e-35 2.66674e-35
6.3072e+07 48.1896 0.032375 0.032375
6.3072e+07 392.364 6.10449e-41 6.10449e-41
6.3072e+07 121.523 2.45339e-09 2.45339e-09
6.3072e+07 300.378 2.97389e-30 2.97389e-30
6.3072e+07 381.058 1.22338e-39 1.22338e-39
6.3072e+07 399.927 8.39551e-42 8.39551e-42
6.3072e+07 308.308 4.47068e-31 4.47068e-31
6.3072e+07 450.726 1.80507e-48 1.80507e-48
6.3072e+07 54.0546 0.0135299 0.0135299
6.3072e+07 34.7268 0.550064 0.550064
6.3072e+07 277.219 1.2215e-27 1.2215e-27
6.3072e+07 328.952 1.40382e-33 1.40382e-33
6.3072e+07 224.115 3.81208e-21 3.81208e-21
6.3072e+07 472.815 4.13154e-51 4.13154e-51
6.3072e+07 237.486 3.39942e-22 3.39942e-22
9.4608e+07 337.353 1.11411e-31 1.11411e-31
9.4608e+07 418.735 8.96636e-41 8.96636e-41
9.4608e+07 496.585 2.8238e-51 2.8238e-51
9.4608e+07 -5 100 100
9.4608e+07 0 77.3 77.3
9.4608e+07 500 1.05046e-51 1.05046e-51
9.4608e+07 505 0 0
9.4608e+07 282.571 3.72544e-25 3.72544e-25
9.4608e+07 12.6764 26.8622 26.8622
9.4608e+07 244.597 1.17503e-20 1.17503e-20
9.4608e+07 10.4705 31.8617 31.8617
9.4608e+07 190.544 1.48693e-14 1.48693e-14
9.4608e+07 198.728 2.44948e-15 2.44948e-15
9.4608e+07 402.805 3.52179e-39 3.52179e-39
9.4608e+07 242.761 2.60934e-20 2.60934e-20
9.4608e+07 383.804 2.85044e-36 2.85044e-36
9.4608e+07 142.594 5.44657e-10 5.44657e-10
9.4608e+07 89.3925 8.18498e-05 8.18498e-05
9.4608e+07 290.758 3.69734e-26 3.69734e-26
9.4608e+07 369.018 1.12835e-34 1.12835e-34
9.4608e+07 107.367 1.59119e-06 1.59119e-06
9.4608e+07 408.1 9.2243e-40 9.2243e-40
9.4608e+07 484.285 6.44689e-49 6.44689e-49
9.4608e+07 341.418 2.73405e-32 2.73405e-32
9.4608e+07 46.8881 0.218599 0.218599
9.4608e+07 15.8986 20.6549 20.6549
9.4608e+07 281.694 2.18377e-25 2.18377e-25
9.4608e+07 235.902 1.44871e-19 1.44871e-19
9.4608e+07 24.1612 8.88089 8.88089
9.4608e+07 487.26 1.59238e-49 1.59238e-49
9.4608e+07 427.909 9.12086e-42 9.12086e-42
9.4608e+07 35.9526 1.55959 1.55959
9.4608e+07 314.293 5.66773e-29 5.66773e-29
9.4608e+07 327.49 3.13659e-30 3.13659e-30
9.4608e+07 220.489 1.06869e-17 1.06869e-17
9.4608e+07 175.846 4.24229e-13 4.24229e-13
9.4608e+07 491.347 3.70351e-50 3.70351e-50
9.4608e+07 101.992 7.43073e-06 7.43073e-06
9.4608e+07 76.6404 0.000880811 0.000880811
9.4608e+07 154.033 3.83913e-11 3.83913e-11
9.4608e+07 93.42 4.08333e-05 4.08333e-05
9.4608e+07 190.396 1.47309e-14 1.47309e-14
9.4608e+07 234.874 1.57106e-19 1.57106e-19
9.4608e+07 84.0301 0.000305145 0.000305145
9.4608e+07 432.554 1.8492e-42 1.8492e-42
9.4608e+07 226.543 1.04498e-18 1.04498e-18
9.4608e+07 199.018 2.18611e-15 2.18611e-15
9.4608e+07 222.711 3.50174e-18 3.50174e-18
9.4608e+07 126.306 2.45903e-08 2.45903e-08
9.4608e+07 214.624 6.24669e-17 6.24669e-17
9.4608e+07 320.836 9.69193e-30 9.69193e-30
9.4608e+07 167.716 1.81905e-12 1.81905e-12
9.4608e+07 49.377 0.138086 0.138086
9.4608e+07 257.153 4.16294e-22 4.16294e-22
9.4608e+07 447.697 3.51357e-44 3.51357e-44
9.4608e+07 493.474 2.97979e-50 2.97979e-50
9.4608e+07 436.109 6.29877e-43 6.29877e-43
9.4608e+07 -5 100 100
9.4608e+07 0 75.7205 75.7205
9.4608e+07 500 2.26638e-51 2.26638e-51
9.4608e+07 505 0 0
9.4608e+07 430.12 1.9401e-42 1.9401e-42
9.4608e+07 127.685 1.74584e-08 1.74584e-08
9.4608e+07 485.627 3.20875e-49 3.20875e-49
9.4608e+07 262.634 8.89026e-23 8.89026e-23
9.4608e+07 429.265 2.25334e-42 2.25334e-42
9.4608e+07 180.822 9.749e-14 9.749e-14
9.4608e+07 159.111 1.10897e-11 1.10897e-11
9.4608e+07 205.571 4.77218e-16 4.77218e-16
9.4608e+07 203.094 6.8943e-16 6.8943e-16
9.4608e+07 139.988 9.03792e-10 9.03792e-10
9.4608e+07 493.315 1.49366e-50 1.49366e-50
9.4608e+07 295.151 8.49111e-27 8.49111e-27
9.4608e+07 342.952 2.90012e-32 2.90012e-32
9.4608e+07 48.1896 0.160607 0.160607
9.4608e+07 392.364 1.11095e-37 1.11095e-37
9.4608e+07 121.523 8.66473e-08 8.66473e-08
9.4608e+07 300.378 2.04241e-27 2.04241e-27
9.4608e+07 381.058 1.97282e-36 1.97282e-36
9.4608e+07 399.927 1.6383e-38 1.6383e-38
9.4608e+07 308.308 3.32032e-28 3.32032e-28
9.4608e+07 450.726 6.19013e-45 6.19013e-45
9.4608e+07 54.0546 0.0791887 0.0791887
9.4608e+07 34.7268 1.68056 1.68056
9.4608e+07 277.219 6.33811e-25 6.33811e-25
9.4608e+07 328.952 1.30953e-30 1.30953e-30
9.4608e+07 224.115 9.15768e-19 9.15768e-19
9.4608e+07 472.815 1.79712e-47 1.79712e-47
9.4608e+07 237.486 9.33002e-20 9.33002e-20
1.26144e+08 337.353 3.05824e-29 3.05824e-29
1.26144e+08 418.735 5.16238e-38 5.16238e-38
1.26144e+08 496.585 3.50878e-48 3.50878e-48
1.26144e+08 -5 100 100
1.26144e+08 0 80.0469 80.0469
1.26144e+08 500 1.34299e-48 1.34299e-48
1.26144e+08 505 0 0
1.26144e+08 282.571 5.55883e-23 5.55883e-23
1.26144e+08 12.6764 34.2861 34.2861
1.26144e+08 244.597 1.04722e-18 1.04722e-18
1.26144e+08 10.4705 39.2226 39.2226
1.26144e+08 190.544 5.88153e-13 5.88153e-13
1.26144e+08 198.728 1.07352e-13 1.07352e-13
1.26144e+08 402.805 1.79255e-36 1.79255e-36
1.26144e+08 242.761 2.16148e-18 2.16148e-18
1.26144e+08 383.804 1.12244e-33 1.12244e-33
1.26144e+08 142.594 1.03594e-08 1.03594e-08
1.26144e+08 89.3925 0.000565993 0.000565993
1.26144e+08 290.758 6.13011e-24 6.13011e-24
1.26144e+08 369.018 3.88381e-32 3.88381e-32
1.26144e+08 107.367 1.56885e-05 1.56885e-05
1.26144e+08 408.1 4.9464e-37 4.9464e-37
1.26144e+08 484.285 6.58073e-46 6.58073e-46
1.26144e+08 341.418 7.9988e-30 7.9988e-30
1.26144e+08 46.8881 0.581514 0.581514
1.26144e+08 15.8986 27.7682 27.7682
1.26144e+08 281.694 3.34889e-23 3.34889e-23
1.26144e+08 235.902 1.09574e-17 1.09574e-17
1.26144e+08 24.1612 13.6572 13.6572
1.26144e+08 487.26 1.71771e-46 1.71771e-46
1.26144e+08 427.909 5.53362e-39 5.53362e-39
1.26144e+08 35.9526 3.13669 3.13669
1.26144e+08 314.293 1.2241e-26 1.2241e-26
1.26144e+08 327.49 7.49308e-28 7.49308e-28
1.26144e+08 220.489 6.32912e-16 6.32912e-16
1.26144e+08 175.846 1.35053e-11 1.35053e-11
1.26144e+08 491.347 4.18448e-47 4.18448e-47
1.26144e+08 101.992 6.27094e-05 6.27094e-05
1.26144e+08 76.6404 0.00475117 0.00475117
1.26144e+08 154.033 9.04693e-10 9.04693e-10
1.26144e+08 93.42 0.000303285 0.000303285
1.26144e+08 190.396 5.84374e-13 5.84374e-13
1.26144e+08 234.874 1.1992e-17 1.1992e-17
1.26144e+08 84.0301 0.00184886 0.00184886
1.26144e+08 432.554 1.19722e-39 1.19722e-39
1.26144e+08 226.543 7.27245e-17 7.27245e-17
1.26144e+08 199.018 9.58132e-14 9.58132e-14
1.26144e+08 222.711 2.25903e-16 2.25903e-16
1.26144e+08 126.306 3.60082e-07 3.60082e-07
1.26144e+08 214.624 3.33025e-15 3.33025e-15
1.26144e+08 320.836 2.24873e-27 2.24873e-27
1.26144e+08 167.716 5.24777e-11 5.24777e-11
1.26144e+08 49.377 0.401659 0.401659
1.26144e+08 257.153 4.34518e-20 4.34518e-20
1.26144e+08 447.697 2.54141e-41 2.54141e-41
1.26144e+08 493.474 3.3696e-47 3.3696e-47
1.26144e+08 436.109 4.2809e-40 4.2809e-40
1.26144e+08 -5 100 100
1.26144e+08 0 78.5487 78.5487
1.26144e+08 500 2.8236e-48 2.8236e-48
1.26144e+08 505 0 0
1.26144e+08 430.12 1.24731e-39 1.24731e-39
1.26144e+08 127.685 2.57618e-07 2.57618e-07
1.26144e+08 485.627 3.42207e-46 3.42207e-46
1.26144e+08 262.634 1.01254e-20 1.01254e-20
1.26144e+08 429.265 1.4752e-39 1.4752e-39
1.26144e+08 180.822 3.45527e-12 3.45527e-12
1.26144e+08 159.111 2.85569e-10 2.85569e-10
1.26144e+08 205.571 2.32051e-14 2.32051e-14
1.26144e+08 203.094 3.27744e-14 3.27744e-14
1.26144e+08 139.988 1.72493e-08 1.72493e-08
1.26144e+08 493.315 1.75718e-47 1.75718e-47
1.26144e+08 295.151 1.48798e-24 1.48798e-24
1.26144e+08 342.952 8.36226e-30 8.36226e-30
1.26144e+08 48.1896 0.454571 0.454571
1.26144e+08 392.364 5.08753e-35 5.08753e-35
1.26144e+08 121.523 1.14853e-06 1.14853e-06
1.26144e+08 300.378 3.80588e-25 3.80588e-25
1.26144e+08 381.058 8.1378e-34 8.1378e-34
1.26144e+08 399.927 7.97162e-36 7.97162e-36
1.26144e+08 308.308 6.66392e-26 6.66392e-26
1.26144e+08 450.726 4.81437e-42 4.81437e-42
1.26144e+08 54.0546 0.251052 0.251052
1.26144e+08 34.7268 3.34724 3.34724
1.26144e+08 277.219 9.07332e-23 9.07332e-23
1.26144e+08 328.952 3.26626e-28 3.26626e-28
1.26144e+08 224.115 6.46558e-17 6.46558e-17
1.26144e+08 472.815 1.6908e-44 1.6908e-44
1.26144e+08 237.486 7.42549e-18 7.42549e-18
1.5768e+08 337.353 3.3479e-27 3.3479e-27
1.5768e+08 418.735 1.13734e-35 1.13734e-35
1.5768e+08 496.585 1.56275e-45 1.56275e-45
1.5768e+08 -5 100 100
1.5768e+08 0 82.137 82.137
1.5768e+08 500 6.12805e-46 6.12805e-46
1.5768e+08 505 0 0
1.5768e+08 282.571 3.44864e-21 3.44864e-21
1.5768e+08 12.6764 40.2828 40.2828
1.5768e+08 244.597 4.06126e-17 4.06126e-17
1.5768e+08 10.4705 44.9743 44.9743
1.5768e+08 190.544 1.1031e-11 1.1031e-11
1.5768e+08 198.728 2.20592e-12 2.20592e-12
1.5768e+08 402.805 3.51443e-34 3.51443e-34
1.5768e+08 242.761 7.87253e-17 7.87253e-17
1.5768e+08 383.804 1.72837e-31 1.72837e-31
1.5768e+08 142.594 1.02606e-07 1.02606e-07
1.5768e+08 89.3925 0.00236917 0.00236917
1.5768e+08 290.758 4.19096e-22 4.19096e-22
1.5768e+08 369.018 5.2646e-30 5.2646e-30
1.5768e+08 107.367 8.86013e-05 8.86013e-05
1.5768e+08 408.1 1.01804e-34 1.01804e-34
1.5768e+08 484.285 2.46246e-43 2.46246e-43
1.5768e+08 341.418 9.29375e-28 9.29375e-28
1.5768e+08 46.8881 1.15457 1.15457
1.5768e+08 15.8986 33.6788 33.6788
1.5768e+08 281.694 2.13149e-21 2.13149e-21
1.5768e+08 235.902 3.67355e-16 3.67355e-16
1.5768e+08 24.1612 18.1722 18.1722
1.5768e+08 487.26 6.75309e-44 6.75309e-44
1.5768e+08 427.909 1.28079e-36 1.28079e-36
1.5768e+08 35.9526 5.04547 5.04547
1.5768e+08 314.293 1.06928e-24 1.06928e-24
1.5768e+08 327.49 7.20159e-26 7.20159e-26
1.5768e+08 220.489 1.7061e-14 1.7061e-14
1.5768e+08 175.846 2.08731e-10 2.08731e-10
1.5768e+08 491.347 1.71471e-44 1.71471e-44
1.5768e+08 101.992 0.000310005 0.000310005
1.5768e+08 76.6404 0.0162477 0.0162477
1.5768e+08 154.033 1.07456e-08 1.07456e-08
1.5768e+08 93.42 0.00134541 0.00134541
1.5768e+08 190.396 1.09841e-11 1.09841e-11
1.5768e+08 234.874 4.04894e-16 4.04894e-16
1.5768e+08 84.0301 0.00694573 0.00694573
1.5768e+08 432.554 2.94554e-37 2.94554e-37
1.5768e+08 226.543 2.2583e-15 2.2583e-15
1.5768e+08 199.018 1.96903e-12 1.96903e-12
1.5768e+08 222.711 6.55834e-15 6.55834e-15
1.5768e+08 126.306 2.83072e-06 2.83072e-06
1.5768e+08 214.624 8.15441e-14 8.15441e-14
1.5768e+08 320.836 2.10055e-25 2.10055e-25
1.5768e+08 167.716 7.45248e-10 7.45248e-10
1.5768e+08 49.377 0.849963 0.849963
1.5768e+08 257.153 1.94544e-18 1.94544e-18
1.5768e+08 447.697 6.93707e-39 6.93707e-39
1.5768e+08 493.474 1.38232e-44 1.38232e-44
1.5768e+08 436.109 1.10106e-37 1.10106e-37
1.5768e+08 -5 100 100
1.5768e+08 0 80.7787 80.7787
1.5768e+08 500 1.2598e-45 1.2598e-45
1.5768e+08 505 0 0
1.5768e+08 430.12 3.0487e-37 3.0487e-37
1.5768e+08 127.685 2.04467e-06 2.04467e-06
1.5768e+08 485.627 1.33135e-43 1.33135e-43
1.5768e+08 262.634 4.9092e-19 4.9092e-19
1.5768e+08 429.265 3.66231e-37 3.66231e-37
1.5768e+08 180.822 5.8717e-11 5.8717e-11
1.5768e+08 159.111 3.67026e-09 3.67026e-09
1.5768e+08 205.571 5.22794e-13 5.22794e-13
1.5768e+08 203.094 7.23141e-13 7.23141e-13
1.5768e+08 139.988 1.70039e-07 1.70039e-07
1.5768e+08 493.315 7.46188e-45 7.46188e-45
1.5768e+08 295.151 1.07024e-22 1.07024e-22
1.5768e+08 342.952 9.58761e-28 9.58761e-28
1.5768e+08 48.1896 0.943848 0.943848
1.5768e+08 392.364 9.01656e-33 9.01656e-33
1.5768e+08 121.523 8.28601e-06 8.28601e-06
1.5768e+08 300.378 2.89704e-23 2.89704e-23
1.5768e+08 381.058 1.3071e-31 1.3071e-31
1.5768e+08 399.927 1.49615e-33 1.49615e-33
1.5768e+08 308.308 5.43332e-24 5.43332e-24
1.5768e+08 450.726 1.40502e-39 1.40502e-39
1.5768e+08 54.0546 0.56556 0.56556
1.5768e+08 34.7268 5.34296 5.34296
1.5768e+08 277.219 5.4233e-21 5.4233e-21
1.5768e+08 328.952 3.26531e-26 3.26531e-26
1.5768e+08 224.115 2.03444e-15 2.03444e-15
1.5768e+08 472.815 5.87386e-42 5.87386e-42
1.5768e+08 237.486 2.6019e-16 2.6019e-16
1.89216e+08 337.353 1.85895e-25 1.85895e-25
1.89216e+08 418.735 1.21823e-33 1.21823e-33
1.89216e+08 496.585 3.2559e-43 3.2559e-43
1.89216e+08 -5 100 100
1.89216e+08 0 83.7686 83.7686
1.89216e+08 500 1.30525e-43 1.30525e-43
1.89216e+08 505 0 0
1.89216e+08 282.571 1.13036e-19 1.13036e-19
1.89216e+08 12.6764 45.1377 45.1377
1.89216e+08 244.597 8.66392e-16 8.66392e-16
1.89216e+08 10.4705 49.5649 49.5649
1.89216e+08 190.544 1.22396e-10 1.22396e-10
1.89216e+08 198.728 2.65636e-11 2.65636e-11
1.89216e+08 402.805 3.37045e-32 3.37045e-32
1.89216e+08 242.761 1.59113e-15 1.59113e-15
1.89216e+08 383.804 1.32197e-29 1.32197e-29
1.89216e+08 142.594 6.49133e-07 6.49133e-07
1.89216e+08 89.3925 0.00714398 0.00714398
1.89216e+08 290.758 1.50212e-20 1.50212e-20
1.89216e+08 369.018 3.57195e-28 3.57195e-28
1.89216e+08 107.367 0.000345041 0.000345041
1.89216e+08 408.1 1.02148e-32 1.02148e-32
1.89216e+08 484.285 4.35817e-41 4.35817e-41
1.89216e+08 341.418 5.45335e-26 5.45335e-26
1.89216e+08 46.8881 1.91849 1.91849
1.89216e+08 15.8986 38.5689 38.5689
1.89216e+08 281.694 7.15493e-20 7.15493e-20
1.89216e+08 235.902 6.88245e-15 6.88245e-15
1.89216e+08 24.1612 22.268 22.268
1.89216e+08 487.26 1.25205e-41 1.25205e-41
1.89216e+08 427.909 1.43768e-34 1.43768e-34
1.89216e+08 35.9526 7.11742 7.11742
1.89216e+08 314.293 4.80763e-23 4.80763e-23
1.89216e+08 327.49 3.54253e-24 3.54253e-24
1.89216e+08 220.489 2.62803e-13 2.62803e-13
1.89216e+08 175.846 1.94675e-09 1.94675e-09
1.89216e+08 491.347 3.30574e-42 3.30574e-42
1.89216e+08 101.992 0.00107626 0.00107626
1.89216e+08 76.6404 0.0414486 0.0414486
1.89216e+08 154.033 7.945e-08 7.945e-08
1.89216e+08 93.42 0.00425488 0.00425488
1.89216e+08 190.396 1.22071e-10 1.22071e-10
1.89216e+08 234.874 7.62595e-15 7.62595e-15
1.89216e+08 84.0301 0.0191431 0.0191431
1.89216e+08 432.554 3.50373e-35 3.50373e-35
1.89216e+08 226.543 3.941e-14 3.941e-14
1.89216e+08 199.018 2.37167e-11 2.37167e-11
1.89216e+08 222.711 1.07774e-13 1.07774e-13
1.89216e+08 126.306 1.45811e-05 1.45811e-05
1.89216e+08 214.624 1.15018e-12 1.15018e-12
1.89216e+08 320.836 1.0052e-23 1.0052e-23
1.89216e+08 167.716 6.45797e-09 6.45797e-09
1.89216e+08 49.377 1.47986 1.47986
1.89216e+08 257.153 4.73243e-17 4.73243e-17
1.89216e+08 447.697 9.10897e-37 9.10897e-37
1.89216e+08 493.474 2.66817e-42 2.66817e-42
1.89216e+08 436.109 1.36484e-35 1.36484e-35
1.89216e+08 -5 100 100
1.89216e+08 0 82.5526 82.5526
1.89216e+08 500 2.62771e-43 2.62771e-43
1.89216e+08 505 0 0
1.89216e+08 430.12 3.60389e-35 3.60389e-35
1.89216e+08 127.685 1.06442e-05 1.06442e-05
1.89216e+08 485.627 2.44312e-41 2.44312e-41
1.89216e+08 262.634 1.28446e-17 1.28446e-17
1.89216e+08 429.265 4.38836e-35 4.38836e-35
1.89216e+08 180.822 5.95898e-10 5.95898e-10
1.89216e+08 159.111 2.91154e-08 2.91154e-08
1.89216e+08 205.571 6.83415e-12 6.83415e-12
1.89216e+08 203.094 9.27411e-12 9.27411e-12
1.89216e+08 139.988 1.06495e-06 1.06495e-06
1.89216e+08 493.315 1.48702e-42 1.48702e-42
1.89216e+08 295.151 4.01852e-21 4.01852e-21
1.89216e+08 342.952 5.55871e-26 5.55871e-26
1.89216e+08 48.1896 1.62012 1.62012
1.89216e+08 392.364 7.85315e-31 7.85315e-31
1.89216e+08 121.523 3.96083e-05 3.96083e-05
1.89216e+08 300.378 1.14614e-21 1.14614e-21
1.89216e+08 381.058 1.03825e-29 1.03825e-29
1.89216e+08 399.927 1.37553e-31 1.37553e-31
1.89216e+08 308.308 2.29029e-22 2.29029e-22
1.89216e+08 450.726 1.96525e-37 1.96525e-37
1.89216e+08 54.0546 1.03166 1.03166
1.89216e+08 34.7268 7.49231 7.49231
1.89216e+08 277.219 1.71926e-19 1.71926e-19
1.89216e+08 328.952 1.66479e-24 1.66479e-24
1.89216e+08 224.115 3.59357e-14 3.59357e-14
1.89216e+08 472.815 9.68486e-40 9.68486e-40
1.89216e+08 237.486 5.06501e-15 5.06501e-15
2.20752e+08 337.353 6.11644e-24 6.11644e-24
2.20752e+08 418.735 7.42488e-32 7.42488e-32
2.20752e+08 496.585 3.72745e-41 3.72745e-41
2.20752e+08 -5 100 100
2.20752e+08 0 85.0703 85.0703
2.20752e+08 500 1.52518e-41 1.52518e-41
2.20752e+08 505 0 0
2.20752e+08 282.571 2.27782e-18 2.27782e-18
2.20752e+08 12.6764 49.106 49.106
2.20752e+08 244.597 1.17719e-14 1.17719e-14
2.20752e+08 10.4705 53.2983 53.2983
2.20752e+08 190.544 9.20624e-10 9.20624e-10
2.20752e+08 198.728 2.15096e-10 2.15096e-10
2.20752e+08 402.805 1.85052e-30 1.85052e-30
2.20752e+08 242.761 2.06334e-14 2.06334e-14
2.20752e+08 383.804 5.87517e-28 5.87517e-28
2.20752e+08 142.594 2.96716e-06 2.96716e-06
2.20752e+08 89.3925 0.017165 0.017165
2.20752e+08 290.758 3.28714e-19 3.28714e-19
2.20752e+08 369.018 1.4186e-26 1.4186e-26
2.20752e+08 107.367 0.00103357 0.00103357
2.20752e+08 408.1 5.84878e-31 5.84878e-31
2.20752e+08 484.285 4.27652e-39 4.27652e-39
2.20752e+08 341.418 1.88856e-24 1.88856e-24
2.20752e+08 46.8881 2.8366 2.8366
2.20752e+08 15.8986 42.6371 42.6371
2.20752e+08 281.694 1.47418e-18 1.47418e-18
2.20752e+08 235.902 8.32436e-14 8.32436e-14
2.20752e+08 24.1612 25.9203 25.9203
2.20752e+08 487.26 1.28376e-39 1.28376e-39
2.20752e+08 427.909 9.16053e-33 9.16053e-33
2.20752e+08 35.9526 9.23561 9.23561
2.20752e+08 314.293 1.29833e-21 1.29833e-21
2.20752e+08 327.49 1.04117e-22 1.04117e-22
2.20752e+08 220.489 2.66349e-12 2.66349e-12
2.20752e+08 175.846 1.25185e-08 1.25185e-08
2.20752e+08 491.347 3.51745e-40 3.51745e-40
2.20752e+08 101.992 0.00291818 0.00291818
2.20752e+08 76.6404 0.0865609 0.0865609
2.20752e+08 154.033 4.15729e-07 4.15729e-07
2.20752e+08 93.42 0.0106351 0.0106351
2.20752e+08 190.396 9.19222e-10 9.19222e-10
2.20752e+08 234.874 9.2585e-14 9.2585e-14
2.20752e+08 84.0301 0.042641 0.042641
2.20752e+08 432.554 2.35835e-33 2.35835e-33
2.20752e+08 226.543 4.46175e-13 4.46175e-13
2.20752e+08 199.018 1.92125e-10 1.92125e-10
2.20752e+08 222.711 1.15603e-12 1.15603e-12
2.20752e+08 126.306 5.54585e-05 5.54585e-05
2.20752e+08 214.624 1.07516e-11 1.07516e-11
2.20752e+08 320.836 2.87695e-22 2.87695e-22
2.20752e+08 167.716 3.89345e-08 3.89345e-08
2.20752e+08 49.377 2.26605 2.26605
2.20752e+08 257.153 7.25422e-16 7.25422e-16
2.20752e+08 447.697 6.73542e-35 6.73542e-35
2.20752e+08 493.474 2.8427e-40 2.8427e-40
2.20752e+08 436.109 9.54466e-34 9.54466e-34
2.20752e+08 -5 100 100
2.20752e+08 0 83.9791 83.9791
2.20752e+08 500 3.00985e-41 3.00985e-41
2.20752e+08 505 0 0
2.20752e+08 430.12 2.41157e-33 2.41157e-33
2.20752e+08 127.685 4.09348e-05 4.09348e-05
2.20752e+08 485.627 2.47951e-39 2.47951e-39
2.20752e+08 262.634 2.10505e-16 2.10505e-16
2.20752e+08 429.265 2.97108e-33 2.97108e-33
2.20752e+08 180.822 4.13308e-09 4.13308e-09
2.20752e+08 159.111 1.62243e-07 1.62243e-07
2.20752e+08 205.571 5.95724e-11 5.95724e-11
2.20752e+08 203.094 7.94428e-11 7.94428e-11
2.20752e+08 139.988 4.80282e-06 4.80282e-06
2.20752e+08 493.315 1.6321e-40 1.6321e-40
2.20752e+08 295.151 9.17829e-20 9.17829e-20
2.20752e+08 342.952 1.90448e-24 1.90448e-24
2.20752e+08 48.1896 2.45336 2.45336
2.20752e+08 392.364 3.93412e-29 3.93412e-29
2.20752e+08 121.523 0.000141096 0.000141096
2.20752e+08 300.378 2.74753e-20 2.74753e-20
2.20752e+08 381.058 4.7718e-28 4.7718e-28
2.20752e+08 399.927 7.25077e-30 7.25077e-30
2.20752e+08 308.308 5.82214e-21 5.82214e-21
2.20752e+08 450.726 1.54245e-35 1.54245e-35
2.20752e+08 54.0546 1.637 1.637
2.20752e+08 34.7268 9.67643 9.67643
2.20752e+08 277.219 3.36227e-18 3.36227e-18
2.20752e+08 328.952 5.05544e-23 5.05544e-23
2.20752e+08 224.115 4.11379e-13 4.11379e-13
2.20752e+08 472.815 8.87917e-38 8.87917e-38
2.20752e+08 237.486 6.333e-14 6.333e-14
2.52288e+08 337.353 1.32678e-22 1.32678e-22
2.52288e+08 418.735 2.87394e-30 2.87394e-30
2.52288e+08 496.585 2.62132e-39 2.62132e-39
2.52288e+08 -5 100 100
2.52288e+08 0 86.129 86.129
2.52288e+08 500 1.09315e-39 1.09315e-39
2.52288e+08 505 0 0
2.52288e+08 282.571 3.12788e-17 3.12788e-17
2.52288e+08 12.6764 52.3892 52.3892
2.52288e+08 244.597 1.12444e-13 1.12444e-13
2.52288e+08 10.4705 56.384 56.384
2.52288e+08 190.544 5.1381e-09 5.1381e-09
2.52288e+08 198.728 1.28338e-09 1.28338e-09
2.52288e+08 402.805 6.48994e-29 6.48994e-29
2.52288e+08 242.761 1.89276e-13 1.89276e-13
2.52288e+08 383.804 1.69091e-26 1.69091e-26
2.52288e+08 142.594 1.0619e-05 1.0619e-05
2.52288e+08 89.3925 0.0350065 0.0350065
2.52288e+08 290.758 4.87155e-18 4.87155e-18
2.52288e+08 369.018 3.6736e-25 3.6736e-25
2.52288e+08 107.367 0.00255309 0.00255309
2.52288e+08 408.1 2.13285e-29 2.13285e-29
2.52288e+08 484.285 2.59979e-37 2.59979e-37
2.52288e+08 341.418 4.29635e-23 4.29635e-23
2.52288e+08 46.8881 3.86866 3.86866
2.52288e+08 15.8986 46.0524 46.0524
2.52288e+08 281.694 2.06661e-17 2.06661e-17
2.52288e+08 235.902 7.1612e-13 7.1612e-13
2.52288e+08 24.1612 29.1584 29.1584
2.52288e+08 487.26 8.13466e-38 8.13466e-38
2.52288e+08 427.909 3.69846e-31 3.69846e-31
2.52288e+08 35.9526 11.3279 11.3279
2.52288e+08 314.293 2.34021e-20 2.34021e-20
2.52288e+08 327.49 2.03253e-21 2.03253e-21
2.52288e+08 220.489 1.95156e-11 1.95156e-11
2.52288e+08 175.846 6.06138e-08 6.06138e-08
2.52288e+08 491.347 2.30865e-38 2.30865e-38
2.52288e+08 101.992 0.00660885 0.00660885
2.52288e+08 76.6404 0.156739 0.156739
2.52288e+08 154.033 1.67461e-06 1.67461e-06
2.52288e+08 93.42 0.022419 0.022419
2.52288e+08 190.396 5.1342e-09 5.1342e-09
2.52288e+08 234.874 7.98483e-13 7.98483e-13
2.52288e+08 84.0301 0.0815317 0.0815317
2.52288e+08 432.554 1.00281e-31 1.00281e-31
2.52288e+08 226.543 3.60837e-12 3.60837e-12
2.52288e+08 199.018 1.14704e-09 1.14704e-09
2.52288e+08 222.711 8.90482e-12 8.90482e-12
2.52288e+08 126.306 0.000168271 0.000168271
2.52288e+08 214.624 7.31394e-11 7.31394e-11
2.52288e+08 320.836 5.47473e-21 5.47473e-21
2.52288e+08 167.716 1.78063e-07 1.78063e-07
2.52288e+08 49.377 3.17456 3.17456
2.52288e+08 257.153 7.74482e-15 7.74482e-15
2.52288e+08 447.697 3.13173e-33 3.13173e-33
2.52288e+08 493.474 1.86831e-38 1.86831e-38
2.52288e+08 436.109 4.20493e-32 4.20493e-32
2.52288e+08 -5 100 100
2.52288e+08 0 85.141 85.141
2.52288e+08 500 2.11657e-39 2.11657e-39
2.52288e+08 505 0 0
2.52288e+08 430.12 1.01982e-31 1.01982e-31
2.52288e+08 127.685 0.000125598 0.000125598
2.52288e+08 485.627 1.55524e-37 1.55524e-37
2.52288e+08 262.634 2.38998e-15 2.38998e-15
2.52288e+08 429.265 1.2691e-31 1.2691e-31
2.52288e+08 180.822 2.14224e-08 2.14224e-08
2.52288e+08 159.111 6.91429e-07 6.91429e-07
2.52288e+08 205.571 3.79901e-10 3.79901e-10
2.52288e+08 203.094 4.98641e-10 4.98641e-10
2.52288e+08 139.988 1.69251e-05 1.69251e-05
2.52288e+08 493.315 1.10273e-38 1.10273e-38
2.52288e+08 295.151 1.41508e-18 1.41508e-18
2.52288e+08 342.952 4.29118e-23 4.29118e-23
2.52288e+08 48.1896 3.40637 3.40637
2.52288e+08 392.364 1.26452e-27 1.26452e-27
2.52288e+08 121.523 0.00040407 0.00040407
2.52288e+08 300.378 4.43076e-19 4.43076e-19
2.52288e+08 381.058 1.41483e-26 1.41483e-26
2.52288e+08 399.927 2.44505e-28 2.44505e-28
2.52288e+08 308.308 9.91456e-20 9.91456e-20
2.52288e+08 450.726 7.5863e-34 7.5863e-34
2.52288e+08 54.0546 2.35824 2.35824
2.52288e+08 34.7268 11.8232 11.8232
2.52288e+08 277.219 4.49423e-17 4.49423e-17
2.52288e+08 328.952 1.01692e-21 1.01692e-21
2.52288e+08 224.115 3.36091e-12 3.36091e-12
2.52288e+08 472.815 5.05726e-36 5.05726e-36
2.52288e+08 237.486 5.60732e-13 5.60732e-13
2.83824e+08 337.353 2.04897e-21 2.04897e-21
2.83824e+08 418.735 7.65345e-29 7.65345e-29
2.83824e+08 496.585 1.22925e-37 1.22925e-37
2.83824e+08 -5 100 100
2.83824e+08 0 87.0047 87.0047
2.83824e+08 500 5.21744e-38 5.21744e-38
2.83824e+08 505 0 0
2.83824e+08 282.571 3.15033e-16 3.15033e-16
2.83824e+08 12.6764 55.1401 55.1401
2.83824e+08 244.597 8.09874e-13 8.09874e-13
2.83824e+08 10.4705 58.9707 58.9707
2.83824e+08 190.544 2.26664e-08 2.26664e-08
2.83824e+08 198.728 6.01595e-09 6.01595e-09
2.83824e+08 402.805 1.57442e-27 1.57442e-27
2.83824e+08 242.761 1.3161e-12 1.3161e-12
2.83824e+08 383.804 3.40875e-25 3.40875e-25
2.83824e+08 142.594 3.14443e-05 3.14443e-05
2.83824e+08 89.3925 0.0631852 0.0631852
2.83824e+08 290.758 5.26583e-17 5.26583e-17
2.83824e+08 369.018 6.70569e-24 6.70569e-24
2.83824e+08 107.367 0.00544952 0.00544952
2.83824e+08 408.1 5.36568e-28 5.36568e-28
2.83824e+08 484.285 1.06244e-35 1.06244e-35
2.83824e+08 341.418 6.93576e-22 6.93576e-22
2.83824e+08 46.8881 4.97803 4.97803
2.83824e+08 15.8986 48.9487 48.9487
2.83824e+08 281.694 2.1219e-16 2.1219e-16
2.83824e+08 235.902 4.69253e-12 4.69253e-12
2.83824e+08 24.1612 32.0293 32.0293
2.83824e+08 487.26 3.457e-36 3.457e-36
2.83824e+08 427.909 1.02521e-29 1.02521e-29
2.83824e+08 35.9526 13.3533 13.3533
2.83824e+08 314.293 3.03691e-19 3.03691e-19
2.83824e+08 327.49 2.8439e-20 2.8439e-20
2.83824e+08 220.489 1.1047e-10 1.1047e-10
2.83824e+08 175.846 2.34972e-07 2.34972e-07
2.83824e+08 491.347 1.01441e-36 1.01441e-36
2.83824e+08 101.992 0.0130747 0.0130747
2.83824e+08 76.6404 0.25549 0.25549
2.83824e+08 154.033 5.50378e-06 5.50378e-06
2.83824e+08 93.42 0.0416159 0.0416159
2.83824e+08 190.396 2.26598e-08 2.26598e-08
2.83824e+08 234.874 5.23993e-12 5.23993e-12
2.83824e+08 84.0301 0.139221 0.139221
2.83824e+08 432.554 2.9193e-30 2.9193e-30
2.83824e+08 226.543 2.23148e-11 2.23148e-11
2.83824e+08 199.018 5.38127e-09 5.38127e-09
2.83824e+08 222.711 5.26922e-11 5.26922e-11
2.83824e+08 126.306 0.000429374 0.000429374
2.83824e+08 214.624 3.86689e-10 3.86689e-10
2.83824e+08 320.836 7.47465e-20 7.47465e-20
2.83824e+08 167.716 6.56026e-07 6.56026e-07
2.83824e+08 49.377 4.17149 4.17149
2.83824e+08 257.153 6.18388e-14 6.18388e-14
2.83824e+08 447.697 9.92646e-32 9.92646e-32
2.83824e+08 493.474 8.22087e-37 8.22087e-37
2.83824e+08 436.109 1.26507e-30 1.26507e-30
2.83824e+08 -5 100 100
2.83824e+08 0 86.1004 86.1004
2.83824e+08 500 9.91988e-38 9.91988e-38
2.83824e+08 505 0 0
2.83824e+08 430.12 2.95365e-30 2.95365e-30
2.83824e+08 127.685 0.000324044 0.000324044
2.83824e+08 485.627 6.54273e-36 6.54273e-36
2.83824e+08 262.634 2.01961e-14 2.01961e-14
2.83824e+08 429.265 3.70728e-30 3.70728e-30
2.83824e+08 180.822 8.83168e-08 8.83168e-08
2.83824e+08 159.111 2.39032e-06 2.39032e-06
2.83824e+08 205.571 1.89163e-09 1.89163e-09
2.83824e+08 203.094 2.44739e-09 2.44739e-09
2.83824e+08 139.988 4.92986e-05 4.92986e-05
2.83824e+08 493.315 4.9784e-37 4.9784e-37
2.83824e+08 295.151 1.58676e-17 1.58676e-17
2.83824e+08 342.952 6.86845e-22 6.86845e-22
2.83824e+08 48.1896 4.44348 4.44348
2.83824e+08 392.364 2.82325e-26 2.82325e-26
2.83824e+08 121.523 0.000979531 0.000979531
2.83824e+08 300.378 5.18082e-18 5.18082e-18
2.83824e+08 381.058 2.92824e-25 2.92824e-25
2.83824e+08 399.927 5.71152e-27 5.71152e-27
2.83824e+08 308.308 1.21957e-18 1.21957e-18
2.83824e+08 450.726 2.53526e-32 2.53526e-32
2.83824e+08 54.0546 3.16906 3.16906
2.83824e+08 34.7268 13.8928 13.8928
2.83824e+08 277.219 4.41779e-16 4.41779e-16
2.83824e+08 328.952 1.46267e-20 1.46267e-20
2.83824e+08 224.115 2.09784e-11 2.09784e-11
2.83824e+08 472.815 1.94142e-34 1.94142e-34
2.83824e+08 237.486 3.76741e-12 3.76741e-12
3.1536e+08 337.353 2.38594e-20 2.38594e-20
3.1536e+08 418.735 1.4895e-27 1.4895e-27
3.1536e+08 496.585 4.09211e-36 4.09211e-36
3.1536e+08 -5 100 100
3.1536e+08 0 87.74 87.74
3.1536e+08 500 1.76552e-36 1.76552e-36
3.1536e+08 505 0 0
3.1536e+08 282.571 2.45784e-15 2.45784e-15
3.1536e+08 12.6764 57.4736 57.4736
3.1536e+08 244.597 4.63157e-12 4.63157e-12
3.1536e+08 10.4705 61.1665 61.1665
3.1536e+08 190.544 8.27533e-08 8.27533e-08
3.1536e+08 198.728 2.32152e-08 2.32152e-08
3.1536e+08 402.805 2.80525e-26 2.80525e-26
3.1536e+08 242.761 7.29862e-12 7.29862e-12
3.1536e+08 383.804 5.10511e-24 5.10511e-24
3.1536e+08 142.594 8.01447e-05 8.01447e-05
3.1536e+08 89.3925 0.103887 0.103887
3.1536e+08 290.758 4.38702e-16 4.38702e-16
3.1536e+08 369.018 9.14674e-23 9.14674e-23
3.1536e+08 107.367 0.0103857 0.0103857
3.1536e+08 408.1 9.89042e-27 9.89042e-27
3.1536e+08 484.285 3.10558e-34 3.10558e-34
3.1536e+08 341.418 8.41772e-21 8.41772e-21
3.1536e+08 46.8881 6.13436 6.13436
3.1536e+08 15.8986 51.4304 51.4304
3.1536e+08 281.694 1.68542e-15 1.68542e-15
3.1536e+08 235.902 2.46315e-11 2.46315e-11
3.1536e+08 24.1612 34.582 34.582
3.1536e+08 487.26 1.04852e-34 1.04852e-34
3.1536e+08 427.909 2.07293e-28 2.07293e-28
3.1536e+08 35.9526 15.2909 15.2909
3.1536e+08 314.293 3.00218e-18 3.00218e-18
3.1536e+08 327.49 3.01872e-19 3.01872e-19
3.1536e+08 220.489 5.07147e-10 5.07147e-10
3.1536e+08 175.846 7.62416e-07 7.62416e-07
3.1536e+08 491.347 3.1758e-35 3.1758e-35
3.1536e+08 101.992 0.0233105 0.0233105
3.1536e+08 76.6404 0.38461 0.38461
3.1536e+08 154.033 1.53887e-05 1.53887e-05
3.1536e+08 93.42 0.0700861 0.0700861
3.1536e+08 190.396 8.2749e-08 8.2749e-08
3.1536e+08 234.874 2.75219e-11 2.75219e-11
3.1536e+08 84.0301 0.218145 0.218145
3.1536e+08 432.554 6.18262e-29 6.18262e-29
3.1536e+08 226.543 1.10935e-10 1.10935e-10
3.1536e+08 199.018 2.07869e-08 2.07869e-08
3.1536e+08 222.711 2.51653e-10 2.51653e-10
3.1536e+08 126.306 0.000956564 0.000956564
3.1536e+08 214.624 1.66717e-09 1.66717e-09
3.1536e+08 320.836 7.7496e-19 7.7496e-19
3.1536e+08 167.716 2.03352e-06 2.03352e-06
3.1536e+08 49.377 5.22712 5.22712
3.1536e+08 257.153 3.89208e-13 3.89208e-13
3.1536e+08 447.697 2.2799e-30 2.2799e-30
3.1536e+08 493.474 2.57749e-35 2.57749e-35
3.1536e+08 436.109 2.76255e-29 2.76255e-29
3.1536e+08 -5 100 100
3.1536e+08 0 86.9032 86.9032
3.1536e+08 500 3.29888e-36 3.29888e-36
3.1536e+08 505 0 0
3.1536e+08 430.12 6.2256e-29 6.2256e-29
3.1536e+08 127.685 0.000729714 0.000729714
3.1536e+08 485.627 1.96455e-34 1.96455e-34
3.1536e+08 262.634 1.33945e-13 1.33945e-13
3.1536e+08 429.265 7.87113e-29 7.87113e-29
3.1536e+08 180.822 3.03011e-07 3.03011e-07
3.1536e+08 159.111 6.99425e-06 6.99425e-06
3.1536e+08 205.571 7.71234e-09 7.71234e-09
3.1536e+08 203.094 9.849e-09 9.849e-09
3.1536e+08 139.988 0.000123551 0.000123551
3.1536e+08 493.315 1.59855e-35 1.59855e-35
3.1536e+08 295.151 1.36787e-16 1.36787e-16
3.1536e+08 342.952 8.27293e-21 8.27293e-21
3.1536e+08 48.1896 5.53433 5.53433
3.1536e+08 392.364 4.64773e-25 4.64773e-25
3.1536e+08 121.523 0.0020847 0.0020847
3.1536e+08 300.378 4.64449e-17 4.64449e-17
3.1536e+08 381.058 4.48852e-24 4.48852e-24
3.1536e+08 399.927 9.81282e-26 9.81282e-26
3.1536e+08 308.308 1.14625e-17 1.14625e-17
3.1536e+08 450.726 6.12074e-31 6.12074e-31
3.1536e+08 54.0546 4.04473 4.04473
3.1536e+08 34.7268 15.8653 15.8653
3.1536e+08 277.219 3.37184e-15 3.37184e-15
3.1536e+08 328.952 1.5927e-19 1.5927e-19
3.1536e+08 224.115 1.05182e-10 1.05182e-10
3.1536e+08 472.815 5.34397e-33 5.34397e-33
3.1536e+08 237.486 2.02105e-11 2.02105e-11
3.46896e+08 337.353 2.18959e-19 2.18959e-19
3.46896e+08 418.735 2.21996e-26 2.21996e-26
3.46896e+08 496.585 1.01551e-34 1.01551e-34
3.46896e+08 -5 100 100
3.46896e+08 0 88.3656 88.3656
3.46896e+08 500 4.44858e-35 4.44858e-35
3.46896e+08 505 0 0
3.46896e+08 282.571 1.54875e-14 1.54875e-14
3.46896e+08 12.6764 59.476 59.476
3.46896e+08 244.597 2.18732e-11 2.18732e-11
3.46896e+08 10.4705 63.0519 63.0519
3.46896e+08 190.544 2.58804e-07 2.58804e-07
3.46896e+08 198.728 7.63831e-08 7.63831e-08
3.46896e+08 402.805 3.84556e-25 3.84556e-25
3.46896e+08 242.761 3.35507e-11 3.35507e-11
3.46896e+08 383.804 5.94406e-23 5.94406e-23
3.46896e+08 142.594 0.000181024 0.000181024
3.46896e+08 89.3925 0.158815 0.158815
3.46896e+08 290.758 2.93843e-15 2.93843e-15
3.46896e+08 369.018 9.75228e-22 9.75228e-22
3.46896e+08 107.367 0.0180958 0.0180958
3.46896e+08 408.1 1.39957e-25 1.39957e-25
3.46896e+08 484.285 6.81506e-33 6.81506e-33
3.46896e+08 341.418 8.03002e-20 8.03002e-20
3.46896e+08 46.8881 7.314 7.314
3.46896e+08 15.8986 53.5784 53.5784
3.46896e+08 281.694 1.0799e-14 1.0799e-14
3.46896e+08 235.902 1.07598e-10 1.07598e-10
3.46896e+08 24.1612 36.8622 36.8622
3.46896e+08 487.26 2.38264e-33 2.38264e-33
3.46896e+08 427.909 3.20431e-27 3.20431e-27
3.46896e+08 35.9526 17.1318 17.1318
3.46896e+08 314.293 2.36102e-17 2.36102e-17
3.46896e+08 327.49 2.53938e-18 2.53938e-18
3.46896e+08 220.489 1.95873e-09 1.95873e-09
3.46896e+08 175.846 2.14043e-06 2.14043e-06
3.46896e+08 491.347 7.4373e-34 7.4373e-34
3.46896e+08 101.992 0.038299 0.038299
3.46896e+08 76.6404 0.544421 0.544421
3.46896e+08 154.033 3.77559e-05 3.77559e-05
3.46896e+08 93.42 0.109392 0.109392
3.46896e+08 190.396 2.58805e-07 2.58805e-07
3.46896e+08 234.874 1.20216e-10 1.20216e-10
3.46896e+08 84.0301 0.319729 0.319729
3.46896e+08 432.554 9.98545e-28 9.98545e-28
3.46896e+08 226.543 4.6045e-10 4.6045e-10
3.46896e+08 199.018 6.84733e-08 6.84733e-08
3.46896e+08 222.711 1.00697e-09 1.00697e-09
3.46896e+08 126.306 0.00191226 0.00191226
3.46896e+08 214.624 6.07741e-09 6.07741e-09
3.46896e+08 320.836 6.37347e-18 6.37347e-18
3.46896e+08 167.716 5.47786e-06 5.47786e-06
3.46896e+08 49.377 6.31735 6.31735
3.46896e+08 257.153 2.00979e-12 2.00979e-12
3.46896e+08 447.697 3.97881e-29 3.97881e-29
3.46896e+08 493.474 6.04526e-34 6.04526e-34
3.46896e+08 436.109 4.59107e-28 4.59107e-28
3.46896e+08 -5 100 100
3.46896e+08 0 87.5837 87.5837
3.46896e+08 500 8.17493e-35 8.17493e-35
3.46896e+08 505 0 0
3.46896e+08 430.12 1.00104e-27 1.00104e-27
3.46896e+08 127.685 0.00147398 0.00147398
3.46896e+08 485.627 4.41976e-33 4.41976e-33
3.46896e+08 262.634 7.25981e-13 7.25981e-13
3.46896e+08 429.265 1.27343e-27 1.27343e-27
3.46896e+08 180.822 8.94979e-07 8.94979e-07
3.46896e+08 159.111 1.78776e-05 1.78776e-05
3.46896e+08 205.571 2.66838e-08 2.66838e-08
3.46896e+08 203.094 3.36767e-08 3.36767e-08
3.46896e+08 139.988 0.000274423 0.000274423
3.46896e+08 493.315 3.83329e-34 3.83329e-34
3.46896e+08 295.151 9.45895e-16 9.45895e-16
3.46896e+08 342.952 7.83889e-20 7.83889e-20
3.46896e+08 48.1896 6.65484 6.65484
3.46896e+08 392.364 5.90819e-24 5.90819e-24
3.46896e+08 121.523 0.00400029 0.00400029
3.46896e+08 300.378 3.33177e-16 3.33177e-16
3.46896e+08 381.058 5.33423e-23 5.33423e-23
3.46896e+08 399.927 1.29884e-24 1.29884e-24
3.46896e+08 308.308 8.59446e-17 8.59446e-17
3.46896e+08 450.726 1.11962e-29 1.11962e-29
3.46896e+08 54.0546 4.96413 4.96413
3.46896e+08 34.7268 17.7334 17.7334
3.46896e+08 277.219 2.08285e-14 2.08285e-14
3.46896e+08 328.952 1.37188e-18 1.37188e-18
3.46896e+08 224.115 4.39975e-10 4.39975e-10
3.46896e+08 472.815 1.10686e-31 1.10686e-31
3.46896e+08 237.486 8.99753e-11 8.99753e-11
3.78432e+08 337.353 1.63972e-18 1.63972e-18
3.78432e+08 418.735 2.62961e-25 2.62961e-25
3.78432e+08 496.585 1.95353e-33 1.95353e-33
3.78432e+08 -5 100 100
3.78432e+08 0 88.9041 88.9041
3.78432e+08 500 8.67981e-34 8.67981e-34
3.78432e+08 505 0 0
3.78432e+08 282.571 8.14391e-14 8.14391e-14
3.78432e+08 12.6764 61.213 61.213
3.78432e+08 244.597 8.79464e-11 8.79464e-11
3.78432e+08 10.4705 64.6875 64.6875
3.78432e+08 190.544 7.11897e-07 7.11897e-07
3.78432e+08 198.728 2.20137e-07 2.20137e-07
3.78432e+08 402.805 4.20782e-24 4.20782e-24
3.78432e+08 242.761 1.31728e-10 1.31728e-10
3.78432e+08 383.804 5.57723e-22 5.57723e-22
3.78432e+08 142.594 0.000370417 0.000370417
3.78432e+08 89.3925 0.229151 0.229151
3.78432e+08 290.758 1.63559e-14 1.63559e-14
3.78432e+08 369.018 8.42136e-21 8.42136e-21
3.78432e+08 107.367 0.0293358 0.0293358
3.78432e+08 408.1 1.5777e-24 1.5777e-24
3.78432e+08 484.285 1.1669e-31 1.1669e-31
3.78432e+08 341.418 6.23568e-19 6.23568e-19
3.78432e+08 46.8881 8.49919 8.49919
3.78432e+08 15.8986 55.4551 55.4551
3.78432e+08 281.694 5.76748e-14 5.76748e-14
3.78432e+08 235.902 4.02892e-10 4.02892e-10
3.78432e+08 24.1612 38.9094 38.9094
3.78432e+08 487.26 4.21648e-32 4.21648e-32
3.78432e+08 427.909 3.9304e-26 3.9304e-26
3.78432e+08 35.9526 18.8745 18.8745
3.78432e+08 314.293 1.52832e-16 1.52832e-16
3.78432e+08 327.49 1.75203e-17 1.75203e-17
3.78432e+08 220.489 6.54739e-09 6.54739e-09
3.78432e+08 175.846 5.33272e-06 5.33272e-06
3.78432e+08 491.347 1.35443e-32 1.35443e-32
3.78432e+08 101.992 0.0589478 0.0589478
3.78432e+08 76.6404 0.734131 0.734131
3.78432e+08 154.033 8.32172e-05 8.32172e-05
3.78432e+08 93.42 0.16073 0.16073
3.78432e+08 190.396 7.1184e-07 7.1184e-07
3.78432e+08 234.874 4.49865e-10 4.49865e-10
3.78432e+08 84.0301 0.444503 0.444503
3.78432e+08 432.554 1.27678e-26 1.27678e-26
3.78432e+08 226.543 1.6431e-09 1.6431e-09
3.78432e+08 199.018 1.976e-07 1.976e-07
3.78432e+08 222.711 3.47496e-09 3.47496e-09
3.78432e+08 126.306 0.00350154 0.00350154
3.78432e+08 214.624 1.92615e-08 1.92615e-08
3.78432e+08 320.836 4.3031e-17 4.3031e-17
3.78432e+08 167.716 1.31444e-05 1.31444e-05
3.78432e+08 49.377 7.42354 7.42354
3.78432e+08 257.153 8.78425e-12 8.78425e-12
3.78432e+08 447.697 5.47863e-28 5.47863e-28
3.78432e+08 493.474 1.10262e-32 1.10262e-32
3.78432e+08 436.109 6.02922e-27 6.02922e-27
3.78432e+08 -5 100 100
3.78432e+08 0 88.1675 88.1675
3.78432e+08 500 1.5698e-33 1.5698e-33
3.78432e+08 505 0 0
3.78432e+08 430.12 1.27471e-26 1.27471e-26
3.78432e+08 127.685 0.00272596 0.00272596
3.78432e+08 485.627 7.74423e-32 7.74423e-32
3.78432e+08 262.634 3.31859e-12 3.31859e-12
3.78432e+08 429.265 1.62994e-26 1.62994e-26
3.78432e+08 180.822 2.33542e-06 2.33542e-06
3.78432e+08 159.111 4.08884e-05 4.08884e-05
3.78432e+08 205.571 8.05334e-08 8.05334e-08
3.78432e+08 203.094 1.0056e-07 1.0056e-07
3.78432e+08 139.988 0.000552397 0.000552397
3.78432e+08 493.315 7.13738e-33 7.13738e-33
3.78432e+08 295.151 5.42476e-15 5.42476e-15
3.78432e+08 342.952 6.05105e-19 6.05105e-19
3.78432e+08 48.1896 7.78676 7.78676
3.78432e+08 392.364 6.0154e-23 6.0154e-23
3.78432e+08 121.523 0.00705992 0.00705992
3.78432e+08 300.378 1.97782e-15 1.97782e-15
3.78432e+08 381.058 5.096e-22 5.096e-22
3.78432e+08 399.927 1.374e-23 1.374e-23
3.78432e+08 308.308 5.31769e-16 5.31769e-16
3.78432e+08 450.726 1.61167e-28 1.61167e-28
3.78432e+08 54.0546 5.91023 5.91023
3.78432e+08 34.7268 19.4967 19.4967
3.78432e+08 277.219 1.07565e-13 1.07565e-13
3.78432e+08 328.952 9.67598e-18 9.67598e-18
3.78432e+08 224.115 1.58122e-09 1.58122e-09
3.78432e+08 472.815 1.79263e-30 1.79263e-30
3.78432e+08 237.486 3.42529e-10 3.42529e-10
4.09968e+08 337.353 1.03042e-17 1.03042e-17
4.09968e+08 418.735 2.55093e-24 2.55093e-24
4.09968e+08 496.585 3.00706e-32 3.00706e-32
4.09968e+08 -5 100 100
4.09968e+08 0 89.3728 89.3728
4.09968e+08 500 1.35384e-32 1.35384e-32
4.09968e+08 505 0 0
4.09968e+08 282.571 3.66798e-13 3.66798e-13
4.09968e+08 12.6764 62.7347 62.7347
4.09968e+08 244.597 3.08425e-10 3.08425e-10
4.09968e+08 10.4705 66.12 66.12
4.09968e+08 190.544 1.75836e-06 1.75836e-06
4.09968e+08 198.728 5.67604e-07 5.67604e-07
4.09968e+08 402.805 3.78577e-23 3.78577e-23
4.09968e+08 242.761 4.52338e-10 4.52338e-10
4.09968e+08 383.804 4.34068e-21 4.34068e-21
4.09968e+08 142.594 0.000698423 0.000698423
4.09968e+08 89.3925 0.315579 0.315579
4.09968e+08 290.758 7.76841e-14 7.76841e-14
4.09968e+08 369.018 6.06023e-20 6.06023e-20
4.09968e+08 107.367 0.0448406 0.0448406
4.09968e+08 408.1 1.45973e-23 1.45973e-23
4.09968e+08 484.285 1.60849e-30 1.60849e-30
4.09968e+08 341.418 4.05438e-18 4.05438e-18
4.09968e+08 46.8881 9.67713 9.67713
4.09968e+08 15.8986 57.1096 57.1096
4.09968e+08 281.694 2.63552e-13 2.63552e-13
4.09968e+08 235.902 1.32374e-09 1.32374e-09
4.09968e+08 24.1612 40.7575 40.7575
4.09968e+08 487.26 5.99649e-31 5.99649e-31
4.09968e+08 427.909 3.94249e-25 3.94249e-25
4.09968e+08 35.9526 20.5213 20.5213
4.09968e+08 314.293 8.36817e-16 8.36817e-16
4.09968e+08 327.49 1.01911e-16 1.01911e-16
4.09968e+08 220.489 1.9369e-08 1.9369e-08
4.09968e+08 175.846 1.20256e-05 1.20256e-05
4.09968e+08 491.347 1.97954e-31 1.97954e-31
4.09968e+08 101.992 0.0860495 0.0860495
4.09968e+08 76.6404 0.952188 0.952188
4.09968e+08 154.033 0.000167798 0.000167798
4.09968e+08 93.42 0.224924 0.224924
4.09968e+08 190.396 1.75788e-06 1.75788e-06
4.09968e+08 234.874 1.47654e-09 1.47654e-09
4.09968e+08 84.0301 0.592282 0.592282
4.09968e+08 432.554 1.33217e-25 1.33217e-25
4.09968e+08 226.543 5.15906e-09 5.15906e-09
4.09968e+08 199.018 5.10222e-07 5.10222e-07
4.09968e+08 222.711 1.05804e-08 1.05804e-08
4.09968e+08 126.306 0.00596585 0.00596585
4.09968e+08 214.624 5.42519e-08 5.42519e-08
4.09968e+08 320.836 2.45152e-16 2.45152e-16
4.09968e+08 167.716 2.86407e-05 2.86407e-05
4.09968e+08 49.377 8.53183 8.53183
4.09968e+08 257.153 3.33108e-11 3.33108e-11
4.09968e+08 447.697 6.13646e-27 6.13646e-27
4.09968e+08 493.474 1.61406e-31 1.61406e-31
4.09968e+08 436.109 6.45013e-26 6.45013e-26
4.09968e+08 -5 100 100
4.09968e+08 0 88.6738 88.6738
4.09968e+08 500 2.41136e-32 2.41136e-32
4.09968e+08 505 0 0
4.09968e+08 430.12 1.32495e-25 1.32495e-25
4.09968e+08 127.685 0.00468863 0.00468863
4.09968e+08 485.627 1.09057e-30 1.09057e-30
4.09968e+08 262.634 1.31188e-11 1.31188e-11
4.09968e+08 429.265 1.70143e-25 1.70143e-25
4.09968e+08 180.822 5.4942e-06 5.4942e-06
4.09968e+08 159.111 8.52536e-05 8.52536e-05
4.09968e+08 205.571 2.16652e-07 2.16652e-07
4.09968e+08 203.094 2.67926e-07 2.67926e-07
4.09968e+08 139.988 0.00102518 0.00102518
4.09968e+08 493.315 1.06505e-31 1.06505e-31
4.09968e+08 295.151 2.64989e-14 2.64989e-14
4.09968e+08 342.952 3.91364e-18 3.91364e-18
4.09968e+08 48.1896 8.91676 8.91676
4.09968e+08 392.364 5.05212e-22 5.05212e-22
4.09968e+08 121.523 0.0116346 0.0116346
4.09968e+08 300.378 9.98e-15 9.98e-15
4.09968e+08 381.058 4.02944e-21 4.02944e-21
4.09968e+08 399.927 1.19663e-22 1.19663e-22
4.09968e+08 308.308 2.78971e-15 2.78971e-15
4.09968e+08 450.726 1.88254e-27 1.88254e-27
4.09968e+08 54.0546 6.86982 6.86982
4.09968e+08 34.7268 21.1588 21.1588
4.09968e+08 277.219 4.7658e-13 4.7658e-13
4.09968e+08 328.952 5.74509e-17 5.74509e-17
4.09968e+08 224.115 4.9971e-09 4.9971e-09
4.09968e+08 472.815 2.34202e-29 2.34202e-29
4.09968e+08 237.486 1.14183e-09 1.14183e-09
4.41504e+08 337.353 5.55897e-17 5.55897e-17
4.41504e+08 418.735 2.07706e-23 2.07706e-23
4.41504e+08 496.585 3.80214e-31 3.80214e-31
4.41504e+08 -5 100 100
4.41504e+08 0 89.7846 89.7846
4.41504e+08 500 1.73303e-31 1.73303e-31
4.41504e+08 505 0 0
4.41504e+08 282.571 1.44523e-12 1.44523e-12
4.41504e+08 12.6764 64.08 64.08
4.41504e+08 244.597 9.61969e-10 9.61969e-10
4.41504e+08 10.4705 67.3855 67.3855
4.41504e+08 190.544 3.96445e-06 3.96445e-06
4.41504e+08 198.728 1.33159e-06 1.33159e-06
4.41504e+08 402.805 2.86959e-22 2.86959e-22
4.41504e+08 242.761 1.38466e-09 1.38466e-09
4.41504e+08 383.804 2.86922e-20 2.86922e-20
4.41504e+08 142.594 0.00122972 0.00122972
4.41504e+08 89.3925 0.418362 0.418362
4.41504e+08 290.758 3.21663e-13 3.21663e-13
4.41504e+08 369.018 3.72005e-19 3.72005e-19
4.41504e+08 107.367 0.0652895 0.0652895
4.41504e+08 408.1 1.136e-22 1.136e-22
4.41504e+08 484.285 1.83157e-29 1.83157e-29
4.41504e+08 341.418 2.25848e-17 2.25848e-17
4.41504e+08 46.8881 10.8388 10.8388
4.41504e+08 15.8986 58.5801 58.5801
4.41504e+08 281.694 1.05253e-12 1.05253e-12
4.41504e+08 235.902 3.88868e-09 3.88868e-09
4.41504e+08 24.1612 42.435 42.435
4.41504e+08 487.26 7.03314e-30 7.03314e-30
4.41504e+08 427.909 3.31489e-24 3.31489e-24
4.41504e+08 35.9526 22.0767 22.0767
4.41504e+08 314.293 3.96263e-15 3.96263e-15
4.41504e+08 327.49 5.11096e-16 5.11096e-16
4.41504e+08 220.489 5.16245e-08 5.16245e-08
4.41504e+08 175.846 2.49325e-05 2.49325e-05
4.41504e+08 491.347 2.38302e-30 2.38302e-30
4.41504e+08 101.992 0.120262 0.120262
4.41504e+08 76.6404 1.19658 1.19658
4.41504e+08 154.033 0.000313995 0.000313995
4.41504e+08 93.42 0.302453 0.302453
4.41504e+08 190.396 3.96232e-06 3.96232e-06
4.41504e+08 234.874 4.33159e-09 4.33159e-09
4.41504e+08 84.0301 0.762349 0.762349
4.41504e+08 432.554 1.16276e-24 1.16276e-24
4.41504e+08 226.543 1.45203e-08 1.45203e-08
4.41504e+08 199.018 1.1988e-06 1.1988e-06
4.41504e+08 222.711 2.89477e-08 2.89477e-08
4.41504e+08 126.306 0.00957408 0.00957408
4.41504e+08 214.624 1.38196e-07 1.38196e-07
4.41504e+08 320.836 1.2052e-15 1.2052e-15
4.41504e+08 167.716 5.75362e-05 5.75362e-05
4.41504e+08 49.377 9.63219 9.63219
4.41504e+08 257.153 1.11804e-10 1.11804e-10
4.41504e+08 447.697 5.73294e-26 5.73294e-26
4.41504e+08 493.474 1.94614e-30 1.94614e-30
4.41504e+08 436.109 5.76363e-25 5.76363e-25
4.41504e+08 -5 100 100
4.41504e+08 0 89.1174 89.1174
4.41504e+08 500 3.0418e-31 3.0418e-31
4.41504e+08 505 0 0
4.41504e+08 430.12 1.15239e-24 1.15239e-24
4.41504e+08 127.685 0.00759235 0.00759235
4.41504e+08 485.627 1.26671e-29 1.26671e-29
4.41504e+08 262.634 4.57646e-11 4.57646e-11
4.41504e+08 429.265 1.48504e-24 1.48504e-24
4.41504e+08 180.822 1.18414e-05 1.18414e-05
4.41504e+08 159.111 0.000164454 0.000164454
4.41504e+08 205.571 5.28564e-07 5.28564e-07
4.41504e+08 203.094 6.47961e-07 6.47961e-07
4.41504e+08 139.988 0.00177791 0.00177791
4.41504e+08 493.315 1.30737e-30 1.30737e-30
4.41504e+08 295.151 1.12662e-13 1.12662e-13
4.41504e+08 342.952 2.16996e-17 2.16996e-17
4.41504e+08 48.1896 10.0354 10.0354
4.41504e+08 392.364 3.58565e-21 3.58565e-21
4.41504e+08 121.523 0.0181158 0.0181158
4.41504e+08 300.378 4.37497e-14 4.37497e-14
4.41504e+08 381.058 2.70074e-20 2.70074e-20
4.41504e+08 399.927 8.79071e-22 8.79071e-22
4.41504e+08 308.308 1.26851e-14 1.26851e-14
4.41504e+08 450.726 1.82995e-26 1.82995e-26
4.41504e+08 54.0546 7.83291 7.83291
4.41504e+08 34.7268 22.7253 22.7253
4.41504e+08 277.219 1.8499e-12 1.8499e-12
4.41504e+08 328.952 2.93713e-16 2.93713e-16
4.41504e+08 224.115 1.41482e-08 1.41482e-08
4.41504e+08 472.815 2.53241e-28 2.53241e-28
4.41504e+08 237.486 3.3972e-09 3.3972e-09
4.7304e+08 337.353 2.62354e-16 2.62354e-16
4.7304e+08 418.735 1.44889e-22 1.44889e-22
4.7304e+08 496.585 4.03636e-30 4.03636e-30
4.7304e+08 -5 100 100
4.7304e+08 0 90.1496 90.1496
4.7304e+08 500 1.8611e-30 1.8611e-30
4.7304e+08 505 0 0
4.7304e+08 282.571 5.06872e-12 5.06872e-12
4.7304e+08 12.6764 65.2792 65.2792
4.7304e+08 244.597 2.71115e-09 2.71115e-09
4.7304e+08 10.4705 68.5125 68.5125
4.7304e+08 190.544 8.26806e-06 8.26806e-06
4.7304e+08 198.728 2.88126e-06 2.88126e-06
4.7304e+08 402.805 1.86996e-21 1.86996e-21
4.7304e+08 242.761 3.83769e-09 3.83769e-09
4.7304e+08 383.804 1.64263e-19 1.64263e-19
4.7304e+08 142.594 0.00204344 0.00204344
4.7304e+08 89.3925 0.537415 0.537415
4.7304e+08 290.758 1.1818e-12 1.1818e-12
4.7304e+08 369.018 1.9858e-18 1.9858e-18
4.7304e+08 107.367 0.0912847 0.0912847
4.7304e+08 408.1 7.58898e-22 7.58898e-22
4.7304e+08 484.285 1.76032e-28 1.76032e-28
4.7304e+08 341.418 1.09851e-16 1.09851e-16
4.7304e+08 46.8881 11.9782 11.9782
4.7304e+08 15.8986 59.8973 59.8973
4.7304e+08 281.694 3.73812e-12 3.73812e-12
4.7304e+08 235.902 1.03713e-08 1.03713e-08
4.7304e+08 24.1612 43.9656 43.9656
4.7304e+08 487.26 6.95185e-29 6.95185e-29
4.7304e+08 427.909 2.38486e-23 2.38486e-23
4.7304e+08 35.9526 23.5464 23.5464
4.7304e+08 314.293 1.6528e-14 1.6528e-14
4.7304e+08 327.49 2.25124e-15 2.25124e-15
4.7304e+08 220.489 1.25782e-07 1.25782e-07
4.7304e+08 175.846 4.81249e-05 4.81249e-05
4.7304e+08 491.347 2.41477e-29 2.41477e-29
4.7304e+08 101.992 0.162103 0.162103
4.7304e+08 76.6404 1.46507 1.46507
4.7304e+08 154.033 0.000551543 0.000551543
4.7304e+08 93.42 0.393508 0.393508
4.7304e+08 190.396 8.26094e-06 8.26094e-06
4.7304e+08 234.874 1.15337e-08 1.15337e-08
4.7304e+08 84.0301 0.953625 0.953625
4.7304e+08 432.554 8.66757e-24 8.66757e-24
4.7304e+08 226.543 3.71916e-08 3.71916e-08
4.7304e+08 199.018 2.59806e-06 2.59806e-06
4.7304e+08 222.711 7.22332e-08 7.22332e-08
4.7304e+08 126.306 0.0146123 0.0146123
4.7304e+08 214.624 3.22913e-07 3.22913e-07
4.7304e+08 320.836 5.20794e-15 5.20794e-15
4.7304e+08 167.716 0.000107872 0.000107872
4.7304e+08 49.377 10.7176 10.7176
4.7304e+08 257.153 3.376e-10 3.376e-10
4.7304e+08 447.697 4.56159e-25 4.56159e-25
4.7304e+08 493.474 1.97525e-29 1.97525e-29
4.7304e+08 436.109 4.39226e-24 4.39226e-24
4.7304e+08 -5 100 100
4.7304e+08 0 89.5097 89.5097
4.7304e+08 500 3.22092e-30 3.22092e-30
4.7304e+08 505 0 0
4.7304e+08 430.12 8.56222e-24 8.56222e-24
4.7304e+08 127.685 0.0116869 0.0116869
4.7304e+08 485.627 1.24008e-28 1.24008e-28
4.7304e+08 262.634 1.43237e-10 1.43237e-10
4.7304e+08 429.265 1.10651e-23 1.10651e-23
4.7304e+08 180.822 2.36846e-05 2.36846e-05
4.7304e+08 159.111 0.00029697 0.00029697
4.7304e+08 205.571 1.18588e-06 1.18588e-06
4.7304e+08 203.094 1.44227e-06 1.44227e-06
4.7304e+08 139.988 0.00291212 0.00291212
4.7304e+08 493.315 1.34927e-29 1.34927e-29
4.7304e+08 295.151 4.24383e-13 4.24383e-13
4.7304e+08 342.952 1.05115e-16 1.05115e-16
4.7304e+08 48.1896 11.1362 11.1362
4.7304e+08 392.364 2.19407e-20 2.19407e-20
4.7304e+08 121.523 0.0268989 0.0268989
4.7304e+08 300.378 1.69635e-13 1.69635e-13
4.7304e+08 381.058 1.56511e-19 1.56511e-19
4.7304e+08 399.927 5.55827e-21 5.55827e-21
4.7304e+08 308.308 5.09107e-14 5.09107e-14
4.7304e+08 450.726 1.51179e-25 1.51179e-25
4.7304e+08 54.0546 8.79216 8.79216
4.7304e+08 34.7268 24.2027 24.2027
4.7304e+08 277.219 6.39991e-12 6.39991e-12
4.7304e+08 328.952 1.31723e-15 1.31723e-15
4.7304e+08 224.115 3.64354e-08 3.64354e-08
4.7304e+08 472.815 2.3154e-27 2.3154e-27
4.7304e+08 237.486 9.16233e-09 9.16233e-09
5.04576e+08 337.353 1.10035e-15 1.10035e-15
5.04576e+08 418.735 8.80899e-22 8.80899e-22
5.04576e+08 496.585 3.66496e-29 3.66496e-29
5.04576e+08 -5 100 100
5.04576e+08 0 90.4757 90.4757
5.04576e+08 500 1.70817e-29 1.70817e-29
5.04576e+08 505 0 0
5.04576e+08 282.571 1.60534e-11 1.60534e-11
5.04576e+08 12.6764 66.3564 66.3564
5.04576e+08 244.597 6.99557e-09 6.99557e-09
5.04576e+08 10.4705 69.5236 69.5236
5.04576e+08 190.544 1.61237e-05 1.61237e-05
5.04576e+08 198.728 5.81441e-06 5.81441e-06
5.04576e+08 402.805 1.06553e-20 1.06553e-20
5.04576e+08 242.761 9.75484e-09 9.75484e-09
5.04576e+08 383.804 8.27971e-19 8.27971e-19
5.04576e+08 142.594 0.00323215 0.00323215
5.04576e+08 89.3925 0.672394 0.672394
5.04576e+08 290.758 3.90964e-12 3.90964e-12
5.04576e+08 369.018 9.36835e-18 9.36835e-18
5.04576e+08 107.367 0.123339 0.123339
5.04576e+08 408.1 4.42705e-21 4.42705e-21
5.04576e+08 484.285 1.45416e-27 1.45416e-27
5.04576e+08 341.418 4.74017e-16 4.74017e-16
5.04576e+08 46.8881 13.0913 13.0913
5.04576e+08 15.8986 61.0853 61.0853
5.04576e+08 281.694 1.19788e-11 1.19788e-11
5.04576e+08 235.902 2.54312e-08 2.54312e-08
5.04576e+08 24.1612 45.3691 45.3691
5.04576e+08 487.26 5.8977e-28 5.8977e-28
5.04576e+08 427.909 1.4937e-22 1.4937e-22
5.04576e+08 35.9526 24.9362 24.9362
5.04576e+08 314.293 6.16545e-14 6.16545e-14
5.04576e+08 327.49 8.84479e-15 8.84479e-15
5.04576e+08 220.489 2.83511e-07 2.83511e-07
5.04576e+08 175.846 8.73657e-05 8.73657e-05
5.04576e+08 491.347 2.09785e-28 2.09785e-28
5.04576e+08 101.992 0.211958 0.211958
5.04576e+08 76.6404 1.75533 1.75533
5.04576e+08 154.033 0.000917841 0.000917841
5.04576e+08 93.42 0.49804 0.49804
5.04576e+08 190.396 1.6104e-05 1.6104e-05
5.04576e+08 234.874 2.82302e-08 2.82302e-08
5.04576e+08 84.0301 1.16481 1.16481
5.04576e+08 432.554 5.61489e-23 5.61489e-23
5.04576e+08 226.543 8.77768e-08 8.77768e-08
5.04576e+08 199.018 5.25155e-06 5.25155e-06
5.04576e+08 222.711 1.66408e-07 1.66408e-07
5.04576e+08 126.306 0.0213741 0.0213741
5.04576e+08 214.624 7.00213e-07 7.00213e-07
5.04576e+08 320.836 2.00887e-14 2.00887e-14
5.04576e+08 167.716 0.000190625 0.000190625
5.04576e+08 49.377 11.7832 11.7832
5.04576e+08 257.153 9.29562e-10 9.29562e-10
5.04576e+08 447.697 3.14608e-24 3.14608e-24
5.04576e+08 493.474 1.71878e-28 1.71878e-28
5.04576e+08 436.109 2.90508e-23 2.90508e-23
5.04576e+08 -5 100 100
5.04576e+08 0 89.8595 89.8595
5.04576e+08 500 2.91653e-29 2.91653e-29
5.04576e+08 505 0 0
5.04576e+08 430.12 5.52993e-23 5.52993e-23
5.04576e+08 127.685 0.0172331 0.0172331
5.04576e+08 485.627 1.0421e-27 1.0421e-27
5.04576e+08 262.634 4.07783e-10 4.07783e-10
5.04576e+08 429.265 7.16246e-23 7.16246e-23
5.04576e+08 180.822 4.44286e-05 4.44286e-05
5.04576e+08 159.111 0.000506832 0.000506832
5.04576e+08 205.571 2.47487e-06 2.47487e-06
5.04576e+08 203.094 2.9883e-06 2.9883e-06
5.04576e+08 139.988 0.00454381 0.00454381
5.04576e+08 493.315 1.19255e-28 1.19255e-28
5.04576e+08 295.151 1.43748e-12 1.43748e-12
5.04576e+08 342.952 4.51948e-16 4.51948e-16
5.04576e+08 48.1896 12.2148 12.2148
5.04576e+08 392.364 1.17715e-19 1.17715e-19
5.04576e+08 121.523 0.0383692 0.0383692
5.04576e+08 300.378 5.90528e-13 5.90528e-13
5.04576e+08 381.058 7.97344e-19 7.97344e-19
5.04576e+08 399.927 3.07655e-20 3.07655e-20
5.04576e+08 308.308 1.83093e-13 1.83093e-13
5.04576e+08 450.726 1.08044e-24 1.08044e-24
5.04576e+08 54.0546 9.74225 9.74225
5.04576e+08 34.7268 25.5977 25.5977
5.04576e+08 277.219 2.00175e-11 2.00175e-11
5.04576e+08 328.952 5.26341e-15 5.26341e-15
5.04576e+08 224.115 8.64194e-08 8.64194e-08
5.04576e+08 472.815 1.8227e-26 1.8227e-26
5.04576e+08 237.486 2.26894e-08 2.26894e-08
5.36112e+08 337.353 4.15613e-15 4.15613e-15
5.36112e+08 418.735 4.73666e-21 4.73666e-21
5.36112e+08 496.585 2.89153e-28 2.89153e-28
5.36112e+08 -5 100 100
5.36112e+08 0 90.7692 90.7692
5.36112e+08 500 1.36136e-28 1.36136e-28
5.36112e+08 505 0 0
5.36112e+08 282.571 4.64725e-11 4.64725e-11
5.36112e+08 12.6764 67.3306 67.3306
5.36112e+08 244.597 1.67078e-08 1.67078e-08
5.36112e+08 10.4705 70.4367 70.4367
5.36112e+08 190.544 2.96648e-05 2.96648e-05
5.36112e+08 198.728 1.10441e-05 1.10441e-05
5.36112e+08 402.805 5.38618e-20 5.38618e-20
5.36112e+08 242.761 2.29848e-08 2.29848e-08
5.36112e+08 383.804 3.72584e-18 3.72584e-18
5.36112e+08 142.594 0.00490024 0.00490024
5.36112e+08 89.3925 0.822764 0.822764
5.36112e+08 290.758 1.17904e-11 1.17904e-11
5.36112e+08 369.018 3.95963e-17 3.95963e-17
5.36112e+08 107.367 0.16187 0.16187
5.36112e+08 408.1 2.28813e-20 2.28813e-20
5.36112e+08 484.285 1.0486e-26 1.0486e-26
5.36112e+08 341.418 1.83911e-15 1.83911e-15
5.36112e+08 46.8881 14.1759 14.1759
5.36112e+08 15.8986 62.1639 62.1639
5.36112e+08 281.694 3.50584e-11 3.50584e-11
5.36112e+08 235.902 5.79378e-08 5.79378e-08
5.36112e+08 24.1612 46.6622 46.6622
5.36112e+08 487.26 4.36176e-27 4.36176e-27
5.36112e+08 427.909 8.26523e-22 8.26523e-22
5.36112e+08 35.9526 26.2521 26.2521
5.36112e+08 314.293 2.08351e-13 2.08351e-13
5.36112e+08 327.49 3.14016e-14 3.14016e-14
5.36112e+08 220.489 5.97052e-07 5.97052e-07
5.36112e+08 175.846 0.000150421 0.000150421
5.36112e+08 491.347 1.58716e-27 1.58716e-27
5.36112e+08 101.992 0.270089 0.270089
5.36112e+08 76.6404 2.0651 2.0651
5.36112e+08 154.033 0.001458 0.001458
5.36112e+08 93.42 0.615818 0.615818
5.36112e+08 190.396 2.96169e-05 2.96169e-05
5.36112e+08 234.874 6.41888e-08 6.41888e-08
5.36112e+08 84.0301 1.39447 1.39447
5.36112e+08 432.554 3.20813e-22 3.20813e-22
5.36112e+08 226.543 1.92873e-07 1.92873e-07
5.36112e+08 199.018 9.99171e-06 9.99171e-06
5.36112e+08 222.711 3.57546e-07 3.57546e-07
5.36112e+08 126.306 0.0301511 0.0301511
5.36112e+08 214.624 1.42267e-06 1.42267e-06
5.36112e+08 320.836 7.00736e-14 7.00736e-14
5.36112e+08 167.716 0.000320093 0.000320093
5.36112e+08 49.377 12.8261 12.8261
5.36112e+08 257.153 2.36033e-09 2.36033e-09
5.36112e+08 447.697 1.90912e-23 1.90912e-23
5.36112e+08 493.474 1.30246e-27 1.30246e-27
5.36112e+08 436.109 1.6927e-22 1.6927e-22
5.36112e+08 -5 100 100
5.36112e+08 0 90.1739 90.1739
5.36112e+08 500 2.29439e-28 2.29439e-28
5.36112e+08 505 0 0
5.36112e+08 430.12 3.1508e-22 3.1508e-22
5.36112e+08 127.685 0.0244953 0.0244953
5.36112e+08 485.627 7.63534e-27 7.63534e-27
5.36112e+08 262.634 1.06814e-09 1.06814e-09
5.36112e+08 429.265 4.08797e-22 4.08797e-22
5.36112e+08 180.822 7.88392e-05 7.88392e-05
5.36112e+08 159.111 0.000823934 0.000823934
5.36112e+08 205.571 4.84985e-06 4.84985e-06
5.36112e+08 203.094 5.81769e-06 5.81769e-06
5.36112e+08 139.988 0.00680086 0.00680086
5.36112e+08 493.315 9.16988e-28 9.16988e-28
5.36112e+08 295.151 4.43315e-12 4.43315e-12
5.36112e+08 342.952 1.74796e-15 1.74796e-15
5.36112e+08 48.1896 13.2686 13.2686
5.36112e+08 392.364 5.61701e-19 5.61701e-19
5.36112e+08 121.523 0.0528914 0.0528914
5.36112e+08 300.378 1.869e-12 1.869e-12
5.36112e+08 381.058 3.62156e-18 3.62156e-18
5.36112e+08 399.927 1.51231e-19 1.51231e-19
5.36112e+08 308.308 5.97592e-13 5.97592e-13
5.36112e+08 450.726 6.78136e-24 6.78136e-24
5.36112e+08 54.0546 10.6794 10.6794
5.36112e+08 34.7268 26.9168 26.9168
5.36112e+08 277.219 5.72868e-11 5.72868e-11
5.36112e+08 328.952 1.89861e-14 1.89861e-14
5.36112e+08 224.115 1.90753e-07 1.90753e-07
5.36112e+08 472.815 1.25455e-25 1.25455e-25
5.36112e+08 237.486 5.21445e-08 5.21445e-08
5.67648e+08 337.353 1.4298e-14 1.4298e-14
5.67648e+08 418.735 2.28093e-20 2.28093e-20
5.67648e+08 496.585 2.00943e-27 2.00943e-27
5.67648e+08 -5 100 100
5.67648e+08 0 91.0351 91.0351
5.67648e+08 500 9.55055e-28 9.55055e-28
5.67648e+08 505 0 0
5.67648e+08 282.571 1.2423e-10 1.2423e-10
5.67648e+08 12.6764 68.2173 68.2173
5.67648e+08 244.597 3.72766e-08 3.72766e-08
5.67648e+08 10.4705 71.2666 71.2666
5.67648e+08 190.544 5.1874e-05 5.1874e-05
5.67648e+08 198.728 1.98962e-05 1.98962e-05
5.67648e+08 402.805 2.4453e-19 2.4453e-19
5.67648e+08 242.761 5.06568e-08 5.06568e-08
5.67648e+08 383.804 1.51468e-17 1.51468e-17
5.67648e+08 142.594 0.00716186 0.00716186
5.67648e+08 89.3925 0.987856 0.987856
5.67648e+08 290.758 3.2754e-11 3.2754e-11
5.67648e+08 369.018 1.51692e-16 1.51692e-16
5.67648e+08 107.367 0.207205 0.207205
5.67648e+08 408.1 1.06091e-19 1.06091e-19
5.67648e+08 484.285 6.68904e-26 6.68904e-26
5.67648e+08 341.418 6.48946e-15 6.48946e-15
5.67648e+08 46.8881 15.2307 15.2307
5.67648e+08 15.8986 63.1487 63.1487
5.67648e+08 281.694 9.46799e-11 9.46799e-11
5.67648e+08 235.902 1.23722e-07 1.23722e-07
5.67648e+08 24.1612 47.8589 47.8589
5.67648e+08 487.26 2.85008e-26 2.85008e-26
5.67648e+08 427.909 4.09169e-21 4.09169e-21
5.67648e+08 35.9526 27.4999 27.4999
5.67648e+08 314.293 6.44838e-13 6.44838e-13
5.67648e+08 327.49 1.01865e-13 1.01865e-13
5.67648e+08 220.489 1.18452e-06 1.18452e-06
5.67648e+08 175.846 0.00024733 0.00024733
5.67648e+08 491.347 1.05988e-26 1.05988e-26
5.67648e+08 101.992 0.33665 0.33665
5.67648e+08 76.6404 2.39218 2.39218
5.67648e+08 154.033 0.00222458 0.00222458
5.67648e+08 93.42 0.746475 0.746475
5.67648e+08 190.396 5.17691e-05 5.17691e-05
5.67648e+08 234.874 1.36789e-07 1.36789e-07
5.67648e+08 84.0301 1.64115 1.64115
5.67648e+08 432.554 1.63735e-21 1.63735e-21
5.67648e+08 226.543 3.98003e-07 3.98003e-07
5.67648e+08 199.018 1.8031e-05 1.8031e-05
5.67648e+08 222.711 7.22598e-07 7.22598e-07
5.67648e+08 126.306 0.0412261 0.0412261
5.67648e+08 214.624 2.73021e-06 2.73021e-06
5.67648e+08 320.836 2.23493e-13 2.23493e-13
5.67648e+08 167.716 0.000514173 0.000514173
5.67648e+08 49.377 13.8442 13.8442
5.67648e+08 257.153 5.57964e-09 5.57964e-09
5.67648e+08 447.697 1.03247e-22 1.03247e-22
5.67648e+08 493.474 8.71162e-27 8.71162e-27
5.67648e+08 436.109 8.80056e-22 8.80056e-22
5.67648e+08 -5 100 100
5.67648e+08 0 90.4584 90.4584
5.67648e+08 500 1.58966e-27 1.58966e-27
5.67648e+08 505 0 0
5.67648e+08 430.12 1.60396e-21 1.60396e-21
5.67648e+08 127.685 0.0337341 0.0337341
5.67648e+08 485.627 4.94342e-26 4.94342e-26
5.67648e+08 262.634 2.5993e-09 2.5993e-09
5.67648e+08 429.265 2.08366e-21 2.08366e-21
5.67648e+08 180.822 0.000133297 0.000133297
5.67648e+08 159.111 0.0012841 0.0012841
5.67648e+08 205.571 8.99476e-06 8.99476e-06
5.67648e+08 203.094 1.07254e-05 1.07254e-05
5.67648e+08 139.988 0.00982012 0.00982012
5.67648e+08 493.315 6.21778e-27 6.21778e-27
5.67648e+08 295.151 1.25798e-11 1.25798e-11
5.67648e+08 342.952 6.15087e-15 6.15087e-15
5.67648e+08 48.1896 14.2961 14.2961
5.67648e+08 392.364 2.41305e-18 2.41305e-18
5.67648e+08 121.523 0.0708014 0.0708014
5.67648e+08 300.378 5.43564e-12 5.43564e-12
5.67648e+08 381.058 1.48428e-17 1.48428e-17
5.67648e+08 399.927 6.68353e-19 6.68353e-19
5.67648e+08 308.308 1.78938e-12 1.78938e-12
5.67648e+08 450.726 3.78676e-23 3.78676e-23
5.67648e+08 54.0546 11.6011 11.6011
5.67648e+08 34.7268 28.1663 28.1663
5.67648e+08 277.219 1.51532e-10 1.51532e-10
5.67648e+08 328.952 6.25189e-14 6.25189e-14
5.67648e+08 224.115 3.95264e-07 3.95264e-07
5.67648e+08 472.815 7.65062e-25 7.65062e-25
5.67648e+08 237.486 1.12216e-07 1.12216e-07
5.99184e+08 337.353 4.52383e-14 4.52383e-14
5.99184e+08 418.735 9.94347e-20 9.94347e-20
5.99184e+08 496.585 1.24461e-26 1.24461e-26
5.99184e+08 -5 100 100
5.99184e+08 0 91.2775 91.2775
5.99184e+08 500 5.96822e-27 5.96822e-27
5.99184e+08 505 0 0
5.99184e+08 282.571 3.09348e-10 3.09348e-10
5.99184e+08 12.6764 69.0288 69.0288
5.99184e+08 244.597 7.82996e-08 7.82996e-08
5.99184e+08 10.4705 72.0251 72.0251
5.99184e+08 190.544 8.67539e-05 8.67539e-05
5.99184e+08 198.728 3.42152e-05 3.42152e-05
5.99184e+08 402.805 1.00771e-18 1.00771e-18
5.99184e+08 242.761 1.05227e-07 1.05227e-07
5.99184e+08 383.804 5.62005e-17 5.62005e-17
5.99184e+08 142.594 0.0101385 0.0101385
5.99184e+08 89.3925 1.16692 1.16692
5.99184e+08 290.758 8.45691e-11 8.45691e-11
5.99184e+08 369.018 5.32022e-16 5.32022e-16
5.99184e+08 107.367 0.259584 0.259584
5.99184e+08 408.1 4.46036e-19 4.46036e-19
5.99184e+08 484.285 3.81843e-25 3.81843e-25
5.99184e+08 341.418 2.1031e-14 2.1031e-14
5.99184e+08 46.8881 16.2553 16.2553
5.99184e+08 15.8986 64.053 64.053
5.99184e+08 281.694 2.38026e-10 2.38026e-10
5.99184e+08 235.902 2.49492e-07 2.49492e-07
5.99184e+08 24.1612 48.9708 48.9708
5.99184e+08 487.26 1.66461e-25 1.66461e-25
5.99184e+08 427.909 1.83202e-20 1.83202e-20
5.99184e+08 35.9526 28.6848 28.6848
5.99184e+08 314.293 1.84495e-12 1.84495e-12
5.99184e+08 327.49 3.04805e-13 3.04805e-13
5.99184e+08 220.489 2.22947e-06 2.22947e-06
5.99184e+08 175.846 0.000390616 0.000390616
5.99184e+08 491.347 6.32052e-26 6.32052e-26
5.99184e+08 101.992 0.411703 0.411703
5.99184e+08 76.6404 2.73454 2.73454
5.99184e+08 154.033 0.00327702 0.00327702
5.99184e+08 93.42 0.889546 0.889546
5.99184e+08 190.396 8.65429e-05 8.65429e-05
5.99184e+08 234.874 2.75261e-07 2.75261e-07
5.99184e+08 84.0301 1.90338 1.90338
5.99184e+08 432.554 7.54691e-21 7.54691e-21
5.99184e+08 226.543 7.76973e-07 7.76973e-07
5.99184e+08 199.018 3.10606e-05 3.10606e-05
5.99184e+08 222.711 1.38352e-06 1.38352e-06
5.99184e+08 126.306 0.0548671 0.0548671
5.99184e+08 214.624 4.98242e-06 4.98242e-06
5.99184e+08 320.836 6.5794e-13 6.5794e-13
5.99184e+08 167.716 0.000794528 0.000794528
5.99184e+08 49.377 14.8367 14.8367
5.99184e+08 257.153 1.23787e-08 1.23787e-08
5.99184e+08 447.697 5.03173e-22 5.03173e-22
5.99184e+08 493.474 5.2034e-26 5.2034e-26
5.99184e+08 436.109 4.12804e-21 4.12804e-21
5.99184e+08 -5 100 100
5.99184e+08 0 90.7174 90.7174
5.99184e+08 500 9.81544e-27 9.81544e-27
5.99184e+08 505 0 0
5.99184e+08 430.12 7.37553e-21 7.37553e-21
5.99184e+08 127.685 0.0452013 0.0452013
5.99184e+08 485.627 2.86125e-25 2.86125e-25
5.99184e+08 262.634 5.92494e-09 5.92494e-09
5.99184e+08 429.265 9.58949e-21 9.58949e-21
5.99184e+08 180.822 0.000216022 0.000216022
5.99184e+08 159.111 0.00192894 0.00192894
5.99184e+08 205.571 1.58932e-05 1.58932e-05
5.99184e+08 203.094 1.88476e-05 1.88476e-05
5.99184e+08 139.988 0.0137444 0.0137444
5.99184e+08 493.315 3.76176e-26 3.76176e-26
5.99184e+08 295.151 3.31438e-11 3.31438e-11
5.99184e+08 342.952 1.98858e-14 1.98858e-14
5.99184e+08 48.1896 15.2965 15.2965
5.99184e+08 392.364 9.43142e-18 9.43142e-18
5.99184e+08 121.523 0.0924014 0.0924014
5.99184e+08 300.378 1.46596e-11 1.46596e-11
5.99184e+08 381.058 5.54633e-17 5.54633e-17
5.99184e+08 399.927 2.68388e-18 2.68388e-18
5.99184e+08 308.308 4.96106e-12 4.96106e-12
5.99184e+08 450.726 1.90246e-22 1.90246e-22
5.99184e+08 54.0546 12.5055 12.5055
5.99184e+08 34.7268 29.3517 29.3517
5.99184e+08 277.219 3.73686e-10 3.73686e-10
5.99184e+08 328.952 1.89734e-13 1.89734e-13
5.99184e+08 224.115 7.74562e-07 7.74562e-07
5.99184e+08 472.815 4.18138e-24 4.18138e-24
5.99184e+08 237.486 2.27855e-07 2.27855e-07
6.3072e+08 337.353 1.32745e-13 1.32745e-13
6.3072e+08 418.735 3.96125e-19 3.96125e-19
6.3072e+08 496.585 6.94187e-26 6.94187e-26
6.3072e+08 -5 100 100
6.3072e+08 0 91.4997 91.4997
6.3072e+08 500 3.35672e-26 3.35672e-26
6.3072e+08 505 0 0
6.3072e+08 282.571 7.22956e-10 7.22956e-10
6.3072e+08 12.6764 69.7755 69.7755
6.3072e+08 244.597 1.55876e-07 1.55876e-07
6.3072e+08 10.4705 72.7219 72.7219
6.3072e+08 190.544 0.000139489 0.000139489
6.3072e+08 198.728 5.64718e-05 5.64718e-05
6.3072e+08 402.805 3.80458e-18 3.80458e-18
6.3072e+08 242.761 2.07363e-07 2.07363e-07
6.3072e+08 383.804 1.92011e-16 1.92011e-16
6.3072e+08 142.594 0.0139569 0.0139569
6.3072e+08 89.3925 1.35915 1.35915
6.3072e+08 290.758 2.04505e-10 2.04505e-10
6.3072e+08 369.018 1.7231e-15 1.7231e-15
6.3072e+08 107.367 0.319167 0.319167
6.3072e+08 408.1 1.71631e-18 1.71631e-18
6.3072e+08 484.285 1.97033e-24 1.97033e-24
6.3072e+08 341.418 6.31308e-14 6.31308e-14
6.3072e+08 46.8881 17.2499 17.2499
6.3072e+08 15.8986 64.8873 64.8873
6.3072e+08 281.694 5.61266e-10 5.61266e-10
6.3072e+08 235.902 4.78139e-07 4.78139e-07
6.3072e+08 24.1612 50.0079 50.0079
6.3072e+08 487.26 8.7786e-25 8.7786e-25
6.3072e+08 427.909 7.4893e-20 7.4893e-20
6.3072e+08 35.9526 29.8118 29.8118
6.3072e+08 314.293 4.9192e-12 4.9192e-12
6.3072e+08 327.49 8.48206e-13 8.48206e-13
6.3072e+08 220.489 4.00472e-06 4.00472e-06
6.3072e+08 175.846 0.00059544 0.00059544
6.3072e+08 491.347 3.4004e-25 3.4004e-25
6.3072e+08 101.992 0.495231 0.495231
6.3072e+08 76.6404 3.09028 3.09028
6.3072e+08 154.033 0.0046809 0.0046809
6.3072e+08 93.42 1.0445 1.0445
6.3072e+08 190.396 0.000139092 0.000139092
6.3072e+08 234.874 5.26394e-07 5.26394e-07
6.3072e+08 84.0301 2.17975 2.17975
6.3072e+08 432.554 3.17161e-20 3.17161e-20
6.3072e+08 226.543 1.44391e-06 1.44391e-06
6.3072e+08 199.018 5.13526e-05 5.13526e-05
6.3072e+08 222.711 2.52492e-06 2.52492e-06
6.3072e+08 126.306 0.0713228 0.0713228
6.3072e+08 214.624 8.69618e-06 8.69618e-06
6.3072e+08 320.836 1.80244e-12 1.80244e-12
6.3072e+08 167.716 0.00118663 0.00118663
6.3072e+08 49.377 15.8031 15.8031
6.3072e+08 257.153 2.59521e-08 2.59521e-08
6.3072e+08 447.697 2.23124e-21 2.23124e-21
6.3072e+08 493.474 2.80383e-25 2.80383e-25
6.3072e+08 436.109 1.76383e-20 1.76383e-20
6.3072e+08 -5 100 100
6.3072e+08 0 90.9547 90.9547
6.3072e+08 500 5.45722e-26 5.45722e-26
6.3072e+08 505 0 0
6.3072e+08 430.12 3.09283e-20 3.09283e-20
6.3072e+08 127.685 0.0591347 0.0591347
6.3072e+08 485.627 1.4956e-24 1.4956e-24
6.3072e+08 262.634 1.27401e-08 1.27401e-08
6.3072e+08 429.265 4.02322e-20 4.02322e-20
6.3072e+08 180.822 0.000337265 0.000337265
6.3072e+08 159.111 0.00280548 0.00280548
6.3072e+08 205.571 2.69045e-05 2.69045e-05
6.3072e+08 203.094 3.17464e-05 3.17464e-05
6.3072e+08 139.988 0.0187198 0.0187198
6.3072e+08 493.315 2.05154e-25 2.05154e-25
6.3072e+08 295.151 8.17076e-11 8.17076e-11
6.3072e+08 342.952 5.95689e-14 5.95689e-14
6.3072e+08 48.1896 16.2697 16.2697
6.3072e+08 392.364 3.38452e-17 3.38452e-17
6.3072e+08 121.523 0.117957 0.117957
6.3072e+08 300.378 3.69507e-11 3.69507e-11
6.3072e+08 381.058 1.9066e-16 1.9066e-16
6.3072e+08 399.927 9.88337e-18 9.88337e-18
6.3072e+08 308.308 1.28373e-11 1.28373e-11
6.3072e+08 450.726 8.68355e-22 8.68355e-22
6.3072e+08 54.0546 13.3918 13.3918
6.3072e+08 34.7268 30.4785 30.4785
6.3072e+08 277.219 8.65526e-10 8.65526e-10
6.3072e+08 328.952 5.35083e-13 5.35083e-13
6.3072e+08 224.115 1.44444e-06 1.44444e-06
6.3072e+08 472.815 2.06869e-23 2.06869e-23
6.3072e+08 237.486 4.39369e-07 4.39369e-07
