  0.000   0.261799   1.570796  -0.523599  -1.570796   1.570796  -0.523599   1.570796   0.000000  -0.261799  -1.570796   0.523599   1.570796  -1.570796   0.523599  -1.570796   0.000000   0.261799   1.570796  -0.523599  -1.570796   1.570796  -0.523599   1.570796   0.000000  -0.261799  -1.570796   0.523599   1.570796  -1.570796   0.523599  -1.570796   0.000000
  0.001   0.261799   1.570796  -0.523599  -1.570796   1.570796  -0.523599   1.570796  -0.000002  -0.261799  -1.570796   0.523599   1.570796  -1.570796   0.523599  -1.570796  -0.000002   0.261799   1.570796  -0.523599  -1.570796   1.570796  -0.523599   1.570796   0.000002  -0.261799  -1.570796   0.523599   1.570796  -1.570796   0.523599  -1.570796   0.000002
  0.002   0.261799   1.570796  -0.523599  -1.570796   1.570796  -0.523599   1.570796  -0.000006  -0.261799  -1.570796   0.523599   1.570796  -1.570796   0.523599  -1.570796  -0.000006   0.261799   1.570796  -0.523599  -1.570796   1.570796  -0.523599   1.570796   0.000006  -0.261799  -1.570796   0.523599   1.570796  -1.570796   0.523599  -1.570796   0.000006
  0.003   0.261799   1.570796  -0.523599  -1.570796   1.570796  -0.523599   1.570796  -0.000013  -0.261799  -1.570796   0.523599   1.570796  -1.570796   0.523599  -1.570796  -0.000013   0.261799   1.570796  -0.523599  -1.570796   1.570796  -0.523599   1.570796   0.000013  -0.261799  -1.570796   0.523599   1.570796  -1.570796   0.523599  -1.570796   0.000013
  0.004   0.261799   1.570796  -0.523599  -1.570796   1.570796  -0.523599   1.570796  -0.000021  -0.261799  -1.570796   0.523599   1.570796  -1.570796   0.523599  -1.570796  -0.000021   0.261799   1.570796  -0.523599  -1.570796   1.570796  -0.523599   1.570796   0.000021  -0.261799  -1.570796   0.523599   1.570796  -1.570796   0.523599  -1.570796   0.000021
  0.005   0.261799   1.570796  -0.523599  -1.570796   1.570796  -0.523599   1.570796  -0.000032  -0.261799  -1.570796   0.523599   1.570796  -1.570796   0.523599  -1.570796  -0.000032   0.261799   1.570796  -0.523599  -1.570796   1.570796  -0.523599   1.570796   0.000032  -0.261799  -1.570796   0.523599   1.570796  -1.570796   0.523599  -1.570796   0.000032
  0.006   0.261799   1.570796  -0.523599  -1.570796   1.570796  -0.523599   1.570796  -0.000050  -0.261799  -1.570796   0.523599   1.570796  -1.570796   0.523599  -1.570796  -0.000050   0.261799   1.570796  -0.523599  -1.570796   1.570796  -0.523599   1.570796   0.000050  -0.261799  -1.570796   0.523599   1.570796  -1.570796   0.523599  -1.570796   0.000050
  0.007   0.261799   1.570796  -0.523599  -1.570796   1.570796  -0.523599   1.570796  -0.000083  -0.261799  -1.570796   0.523599   1.570796  -1.570796   0.523599  -1.570796  -0.000083   0.261799   1.570796  -0.523599  -1.570796   1.570796  -0.523599   1.570796   0.000083  -0.261799  -1.570796   0.523599   1.570796  -1.570796   0.523599  -1.570796   0.000083
  0.008   0.261799   1.570796  -0.523599  -1.570796   1.570796  -0.523599   1.570796  -0.000128  -0.261799  -1.570796   0.523599   1.570796  -1.570796   0.523599  -1.570796  -0.000128   0.261799   1.570796  -0.523599  -1.570796   1.570796  -0.523599   1.570796   0.000128  -0.261799  -1.570796   0.523599   1.570796  -1.570796   0.523599  -1.570796   0.000128
  0.009   0.261799   1.570796  -0.523599  -1.570796   1.570796  -0.523599   1.570796  -0.000182  -0.261799  -1.570796   0.523599   1.570796  -1.570796   0.523599  -1.570796  -0.000182   0.261799   1.570796  -0.523599  -1.570796   1.570796  -0.523599   1.570796   0.000182  -0.261799  -1.570796   0.523599   1.570796  -1.570796   0.523599  -1.570796   0.000182
  0.010   0.261799   1.570796  -0.523599  -1.570796   1.570796  -0.523599   1.570796  -0.000243  -0.261799  -1.570796   0.523599   1.570796  -1.570796   0.523599  -1.570796  -0.000243   0.261799   1.570796  -0.523599  -1.570796   1.570796  -0.523599   1.570796   0.000243  -0.261799  -1.570796   0.523599   1.570796  -1.570796   0.523599  -1.570796   0.000243
  0.011   0.261799   1.570796  -0.523599  -1.570796   1.570796  -0.523599   1.570796  -0.000314  -0.261799  -1.570796   0.523599   1.570796  -1.570796   0.523599  -1.570796  -0.000314   0.261799   1.570796  -0.523599  -1.570796   1.570796  -0.523599   1.570796   0.000314  -0.261799  -1.570796   0.523599   1.570796  -1.570796   0.523599  -1.570796   0.000314
  0.012   0.261799   1.570796  -0.523599  -1.570796   1.570796  -0.523599   1.570796  -0.000408  -0.261799  -1.570796   0.523599   1.570796  -1.570796   0.523599  -1.570796  -0.000408   0.261799   1.570796  -0.523599  -1.570796   1.570796  -0.523599   1.570796   0.000408  -0.261799  -1.570796   0.523599   1.570796  -1.570796   0.523599  -1.570796   0.000408
  0.013   0.261799   1.570796  -0.523599  -1.570796   1.570796  -0.523599   1.570796  -0.000521  -0.261799  -1.570796   0.523599   1.570796  -1.570796   0.523599  -1.570796  -0.000521   0.261799   1.570796  -0.523599  -1.570796   1.570796  -0.523599   1.570796   0.000521  -0.261799  -1.570796   0.523599   1.570796  -1.570796   0.523599  -1.570796   0.000521
  0.014   0.261799   1.570796  -0.523599  -1.570796   1.570796  -0.523599   1.570796  -0.000650  -0.261799  -1.570796   0.523599   1.570796  -1.570796   0.523599  -1.570796  -0.000650   0.261799   1.570796  -0.523599  -1.570796   1.570796  -0.523599   1.570796   0.000650  -0.261799  -1.570796   0.523599   1.570796  -1.570796   0.523599  -1.570796   0.000650
  0.015   0.261799   1.570796  -0.523599  -1.570796   1.570796  -0.523599   1.570796  -0.000791  -0.261799  -1.570796   0.523599   1.570796  -1.570796   0.523599  -1.570796  -0.000791   0.261799   1.570796  -0.523599  -1.570796   1.570796  -0.523599   1.570796   0.000791  -0.261799  -1.570796   0.523599   1.570796  -1.570796   0.523599  -1.570796   0.000791
  0.016   0.261799   1.570796  -0.523599  -1.570796   1.570796  -0.523599   1.570796  -0.000946  -0.261799  -1.570796   0.523599   1.570796  -1.570796   0.523599  -1.570796  -0.000946   0.261799   1.570796  -0.523599  -1.570796   1.570796  -0.523599   1.570796   0.000946  -0.261799  -1.570796   0.523599   1.570796  -1.570796   0.523599  -1.570796   0.000946
  0.017   0.261799   1.570796  -0.523599  -1.570796   1.570796  -0.523599   1.570796  -0.001129  -0.261799  -1.570796   0.523599   1.570796  -1.570796   0.523599  -1.570796  -0.001129   0.261799   1.570796  -0.523599  -1.570796   1.570796  -0.523599   1.570796   0.001129  -0.261799  -1.570796   0.523599   1.570796  -1.570796   0.523599  -1.570796   0.001129
  0.018   0.261799   1.570796  -0.523599  -1.570796   1.570796  -0.523599   1.570796  -0.001337  -0.261799  -1.570796   0.523599   1.570796  -1.570796   0.523599  -1.570796  -0.001337   0.261799   1.570796  -0.523599  -1.570796   1.570796  -0.523599   1.570796   0.001337  -0.261799  -1.570796   0.523599   1.570796  -1.570796   0.523599  -1.570796   0.001337
  0.019   0.261799   1.570796  -0.523599  -1.570796   1.570796  -0.523599   1.570796  -0.001566  -0.261799  -1.570796   0.523599   1.570796  -1.570796   0.523599  -1.570796  -0.001566   0.261799   1.570796  -0.523599  -1.570796   1.570796  -0.523599   1.570796   0.001566  -0.261799  -1.570796   0.523599   1.570796  -1.570796   0.523599  -1.570796   0.001566
  0.020   0.261799   1.570796  -0.523599  -1.570796   1.570796  -0.523599   1.570796  -0.001813  -0.261799  -1.570796   0.523599   1.570796  -1.570796   0.523599  -1.570796  -0.001813   0.261799   1.570796  -0.523599  -1.570796   1.570796  -0.523599   1.570796   0.001813  -0.261799  -1.570796   0.523599   1.570796  -1.570796   0.523599  -1.570796   0.001813
  0.021   0.261799   1.570796  -0.523599  -1.570796   1.570796  -0.523599   1.570796  -0.002078  -0.261799  -1.570796   0.523599   1.570796  -1.570796   0.523599  -1.570796  -0.002078   0.261799   1.570796  -0.523599  -1.570796   1.570796  -0.523599   1.570796   0.002078  -0.261799  -1.570796   0.523599   1.570796  -1.570796   0.523599  -1.570796   0.002078
  0.022   0.261799   1.570796  -0.523599  -1.570796   1.570796  -0.523599   1.570796  -0.002374  -0.261799  -1.570796   0.523599   1.570796  -1.570796   0.523599  -1.570796  -0.002374   0.261799   1.570796  -0.523599  -1.570796   1.570796  -0.523599   1.570796   0.002374  -0.261799  -1.570796   0.523599   1.570796  -1.570796   0.523599  -1.570796   0.002374
  0.023   0.261799   1.570796  -0.523599  -1.570796   1.570796  -0.523599   1.570796  -0.002701  -0.261799  -1.570796   0.523599   1.570796  -1.570796   0.523599  -1.570796  -0.002701   0.261799   1.570796  -0.523599  -1.570796   1.570796  -0.523599   1.570796   0.002701  -0.261799  -1.570796   0.523599   1.570796  -1.570796   0.523599  -1.570796   0.002701
  0.024   0.261799   1.570796  -0.523599  -1.570796   1.570796  -0.523599   1.570796  -0.003053  -0.261799  -1.570796   0.523599   1.570796  -1.570796   0.523599  -1.570796  -0.003053   0.261799   1.570796  -0.523599  -1.570796   1.570796  -0.523599   1.570796   0.003053  -0.261799  -1.570796   0.523599   1.570796  -1.570796   0.523599  -1.570796   0.003053
  0.025   0.261799   1.570796  -0.523599  -1.570796   1.570796  -0.523599   1.570796  -0.003427  -0.261799  -1.570796   0.523599   1.570796  -1.570796   0.523599  -1.570796  -0.003427   0.261799   1.570796  -0.523599  -1.570796   1.570796  -0.523599   1.570796   0.003427  -0.261799  -1.570796   0.523599   1.570796  -1.570796   0.523599  -1.570796   0.003427
  0.026   0.261799   1.570796  -0.523599  -1.570796   1.570796  -0.523599   1.570796  -0.003823  -0.261799  -1.570796   0.523599   1.570796  -1.570796   0.523599  -1.570796  -0.003823   0.261799   1.570796  -0.523599  -1.570796   1.570796  -0.523599   1.570796   0.003823  -0.261799  -1.570796   0.523599   1.570796  -1.570796   0.523599  -1.570796   0.003823
  0.027   0.261799   1.570796  -0.523599  -1.570796   1.570796  -0.523599   1.570796  -0.004254  -0.261799  -1.570796   0.523599   1.570796  -1.570796   0.523599  -1.570796  -0.004254   0.261799   1.570796  -0.523599  -1.570796   1.570796  -0.523599   1.570796   0.004254  -0.261799  -1.570796   0.523599   1.570796  -1.570796   0.523599  -1.570796   0.004254
  0.028   0.261799   1.570796  -0.523599  -1.570796   1.570796  -0.523599   1.570796  -0.004717  -0.261799  -1.570796   0.523599   1.570796  -1.570796   0.523599  -1.570796  -0.004717   0.261799   1.570796  -0.523599  -1.570796   1.570796  -0.523599   1.570796   0.004717  -0.261799  -1.570796   0.523599   1.570796  -1.570796   0.523599  -1.570796   0.004717
  0.029   0.261799   1.570796  -0.523599  -1.570796   1.570796  -0.523599   1.570796  -0.005211  -0.261799  -1.570796   0.523599   1.570796  -1.570796   0.523599  -1.570796  -0.005211   0.261799   1.570796  -0.523599  -1.570796   1.570796  -0.523599   1.570796   0.005211  -0.261799  -1.570796   0.523599   1.570796  -1.570796   0.523599  -1.570796   0.005211
  0.030   0.261799   1.570796  -0.523599  -1.570796   1.570796  -0.523599   1.570796  -0.005731  -0.261799  -1.570796   0.523599   1.570796  -1.570796   0.523599  -1.570796  -0.005731   0.261799   1.570796  -0.523599  -1.570796   1.570796  -0.523599   1.570796   0.005731  -0.261799  -1.570796   0.523599   1.570796  -1.570796   0.523599  -1.570796   0.005731
  0.031   0.261799   1.570796  -0.523599  -1.570796   1.570796  -0.523599   1.570796  -0.006276  -0.261799  -1.570796   0.523599   1.570796  -1.570796   0.523599  -1.570796  -0.006276   0.261799   1.570796  -0.523599  -1.570796   1.570796  -0.523599   1.570796   0.006276  -0.261799  -1.570796   0.523599   1.570796  -1.570796   0.523599  -1.570796   0.006276
  0.032   0.261799   1.570796  -0.523599  -1.570796   1.570796  -0.523599   1.570796  -0.006856  -0.261799  -1.570796   0.523599   1.570796  -1.570796   0.523599  -1.570796  -0.006856   0.261799   1.570796  -0.523599  -1.570796   1.570796  -0.523599   1.570796   0.006856  -0.261799  -1.570796   0.523599   1.570796  -1.570796   0.523599  -1.570796   0.006856
  0.033   0.261799   1.570796  -0.523599  -1.570796   1.570796  -0.523599   1.570796  -0.007473  -0.261799  -1.570796   0.523599   1.570796  -1.570796   0.523599  -1.570796  -0.007473   0.261799   1.570796  -0.523599  -1.570796   1.570796  -0.523599   1.570796   0.007473  -0.261799  -1.570796   0.523599   1.570796  -1.570796   0.523599  -1.570796   0.007473
  0.034   0.261799   1.570796  -0.523599  -1.570796   1.570796  -0.523599   1.570796  -0.008124  -0.261799  -1.570796   0.523599   1.570796  -1.570796   0.523599  -1.570796  -0.008124   0.261799   1.570796  -0.523599  -1.570796   1.570796  -0.523599   1.570796   0.008124  -0.261799  -1.570796   0.523599   1.570796  -1.570796   0.523599  -1.570796   0.008124
  0.035   0.261799   1.570796  -0.523599  -1.570796   1.570796  -0.523599   1.570796  -0.008804  -0.261799  -1.570796   0.523599   1.570796  -1.570796   0.523599  -1.570796  -0.008804   0.261799   1.570796  -0.523599  -1.570796   1.570796  -0.523599   1.570796   0.008804  -0.261799  -1.570796   0.523599   1.570796  -1.570796   0.523599  -1.570796   0.008804
  0.036   0.261799   1.570796  -0.523599  -1.570796   1.570796  -0.523599   1.570796  -0.009511  -0.261799  -1.570796   0.523599   1.570796  -1.570796   0.523599  -1.570796  -0.009511   0.261799   1.570796  -0.523599  -1.570796   1.570796  -0.523599   1.570796   0.009511  -0.261799  -1.570796   0.523599   1.570796  -1.570796   0.523599  -1.570796   0.009511
  0.037   0.261799   1.570796  -0.523599  -1.570796   1.570796  -0.523599   1.570796  -0.010255  -0.261799  -1.570796   0.523599   1.570796  -1.570796   0.523599  -1.570796  -0.010255   0.261799   1.570796  -0.523599  -1.570796   1.570796  -0.523599   1.570796   0.010255  -0.261799  -1.570796   0.523599   1.570796  -1.570796   0.523599  -1.570796   0.010255
  0.038   0.261799   1.570796  -0.523599  -1.570796   1.570796  -0.523599   1.570796  -0.011038  -0.261799  -1.570796   0.523599   1.570796  -1.570796   0.523599  -1.570796  -0.011038   0.261799   1.570796  -0.523599  -1.570796   1.570796  -0.523599   1.570796   0.011038  -0.261799  -1.570796   0.523599   1.570796  -1.570796   0.523599  -1.570796   0.011038
  0.039   0.261799   1.570796  -0.523599  -1.570796   1.570796  -0.523599   1.570796  -0.011856  -0.261799  -1.570796   0.523599   1.570796  -1.570796   0.523599  -1.570796  -0.011856   0.261799   1.570796  -0.523599  -1.570796   1.570796  -0.523599   1.570796   0.011856  -0.261799  -1.570796   0.523599   1.570796  -1.570796   0.523599  -1.570796   0.011856
  0.040   0.261799   1.570796  -0.523599  -1.570796   1.570796  -0.523599   1.570796  -0.012707  -0.261799  -1.570796   0.523599   1.570796  -1.570796   0.523599  -1.570796  -0.012707   0.261799   1.570796  -0.523599  -1.570796   1.570796  -0.523599   1.570796   0.012707  -0.261799  -1.570796   0.523599   1.570796  -1.570796   0.523599  -1.570796   0.012707
  0.041   0.261799   1.570796  -0.523599  -1.570796   1.570796  -0.523599   1.570796  -0.013587  -0.261799  -1.570796   0.523599   1.570796  -1.570796   0.523599  -1.570796  -0.013587   0.261799   1.570796  -0.523599  -1.570796   1.570796  -0.523599   1.570796   0.013587  -0.261799  -1.570796   0.523599   1.570796  -1.570796   0.523599  -1.570796   0.013587
  0.042   0.261799   1.570796  -0.523599  -1.570796   1.570796  -0.523599   1.570796  -0.014504  -0.261799  -1.570796   0.523599   1.570796  -1.570796   0.523599  -1.570796  -0.014504   0.261799   1.570796  -0.523599  -1.570796   1.570796  -0.523599   1.570796   0.014504  -0.261799  -1.570796   0.523599   1.570796  -1.570796   0.523599  -1.570796   0.014504
  0.043   0.261799   1.570796  -0.523599  -1.570796   1.570796  -0.523599   1.570796  -0.015462  -0.261799  -1.570796   0.523599   1.570796  -1.570796   0.523599  -1.570796  -0.015462   0.261799   1.570796  -0.523599  -1.570796   1.570796  -0.523599   1.570796   0.015462  -0.261799  -1.570796   0.523599   1.570796  -1.570796   0.523599  -1.570796   0.015462
  0.044   0.261799   1.570796  -0.523599  -1.570796   1.570796  -0.523599   1.570796  -0.016457  -0.261799  -1.570796   0.523599   1.570796  -1.570796   0.523599  -1.570796  -0.016457   0.261799   1.570796  -0.523599  -1.570796   1.570796  -0.523599   1.570796   0.016457  -0.261799  -1.570796   0.523599   1.570796  -1.570796   0.523599  -1.570796   0.016457
  0.045   0.261799   1.570796  -0.523599  -1.570796   1.570796  -0.523599   1.570796  -0.017486  -0.261799  -1.570796   0.523599   1.570796  -1.570796   0.523599  -1.570796  -0.017486   0.261799   1.570796  -0.523599  -1.570796   1.570796  -0.523599   1.570796   0.017486  -0.261799  -1.570796   0.523599   1.570796  -1.570796   0.523599  -1.570796   0.017486
  0.046   0.261799   1.570796  -0.523599  -1.570796   1.570796  -0.523599   1.570796  -0.018546  -0.261799  -1.570796   0.523599   1.570796  -1.570796   0.523599  -1.570796  -0.018546   0.261799   1.570796  -0.523599  -1.570796   1.570796  -0.523599   1.570796   0.018546  -0.261799  -1.570796   0.523599   1.570796  -1.570796   0.523599  -1.570796   0.018546
  0.047   0.261799   1.570796  -0.523599  -1.570796   1.570796  -0.523599   1.570796  -0.019643  -0.261799  -1.570796   0.523599   1.570796  -1.570796   0.523599  -1.570796  -0.019643   0.261799   1.570796  -0.523599  -1.570796   1.570796  -0.523599   1.570796   0.019643  -0.261799  -1.570796   0.523599   1.570796  -1.570796   0.523599  -1.570796   0.019643
  0.048   0.261799   1.570796  -0.523599  -1.570796   1.570796  -0.523599   1.570796  -0.020782  -0.261799  -1.570796   0.523599   1.570796  -1.570796   0.523599  -1.570796  -0.020782   0.261799   1.570796  -0.523599  -1.570796   1.570796  -0.523599   1.570796   0.020782  -0.261799  -1.570796   0.523599   1.570796  -1.570796   0.523599  -1.570796   0.020782
  0.049   0.261799   1.570796  -0.523599  -1.570796   1.570796  -0.523599   1.570796  -0.021959  -0.261799  -1.570796   0.523599   1.570796  -1.570796   0.523599  -1.570796  -0.021959   0.261799   1.570796  -0.523599  -1.570796   1.570796  -0.523599   1.570796   0.021959  -0.261799  -1.570796   0.523599   1.570796  -1.570796   0.523599  -1.570796   0.021959
  0.050   0.261799   1.570796  -0.523599  -1.570796   1.570796  -0.523599   1.570796  -0.023171  -0.261799  -1.570796   0.523599   1.570796  -1.570796   0.523599  -1.570796  -0.023171   0.261799   1.570796  -0.523599  -1.570796   1.570796  -0.523599   1.570796   0.023171  -0.261799  -1.570796   0.523599   1.570796  -1.570796   0.523599  -1.570796   0.023171
  0.051   0.261799   1.570796  -0.523599  -1.570796   1.570796  -0.523599   1.570796  -0.024415  -0.261799  -1.570796   0.523599   1.570796  -1.570796   0.523599  -1.570796  -0.024415   0.261799   1.570796  -0.523599  -1.570796   1.570796  -0.523599   1.570796   0.024415  -0.261799  -1.570796   0.523599   1.570796  -1.570796   0.523599  -1.570796   0.024415
  0.052   0.261799   1.570796  -0.523599  -1.570796   1.570796  -0.523599   1.570796  -0.025696  -0.261799  -1.570796   0.523599   1.570796  -1.570796   0.523599  -1.570796  -0.025696   0.261799   1.570796  -0.523599  -1.570796   1.570796  -0.523599   1.570796   0.025696  -0.261799  -1.570796   0.523599   1.570796  -1.570796   0.523599  -1.570796   0.025696
  0.053   0.261799   1.570796  -0.523599  -1.570796   1.570796  -0.523599   1.570796  -0.027018  -0.261799  -1.570796   0.523599   1.570796  -1.570796   0.523599  -1.570796  -0.027018   0.261799   1.570796  -0.523599  -1.570796   1.570796  -0.523599   1.570796   0.027018  -0.261799  -1.570796   0.523599   1.570796  -1.570796   0.523599  -1.570796   0.027018
  0.054   0.261799   1.570796  -0.523599  -1.570796   1.570796  -0.523599   1.570796  -0.028380  -0.261799  -1.570796   0.523599   1.570796  -1.570796   0.523599  -1.570796  -0.028380   0.261799   1.570796  -0.523599  -1.570796   1.570796  -0.523599   1.570796   0.028380  -0.261799  -1.570796   0.523599   1.570796  -1.570796   0.523599  -1.570796   0.028380
  0.055   0.261799   1.570796  -0.523599  -1.570796   1.570796  -0.523599   1.570796  -0.029777  -0.261799  -1.570796   0.523599   1.570796  -1.570796   0.523599  -1.570796  -0.029777   0.261799   1.570796  -0.523599  -1.570796   1.570796  -0.523599   1.570796   0.029777  -0.261799  -1.570796   0.523599   1.570796  -1.570796   0.523599  -1.570796   0.029777
  0.056   0.261799   1.570796  -0.523599  -1.570796   1.570796  -0.523599   1.570796  -0.031206  -0.261799  -1.570796   0.523599   1.570796  -1.570796   0.523599  -1.570796  -0.031206   0.261799   1.570796  -0.523599  -1.570796   1.570796  -0.523599   1.570796   0.031206  -0.261799  -1.570796   0.523599   1.570796  -1.570796   0.523599  -1.570796   0.031206
  0.057   0.261799   1.570796  -0.523599  -1.570796   1.570796  -0.523599   1.570796  -0.032671  -0.261799  -1.570796   0.523599   1.570796  -1.570796   0.523599  -1.570796  -0.032671   0.261799   1.570796  -0.523599  -1.570796   1.570796  -0.523599   1.570796   0.032671  -0.261799  -1.570796   0.523599   1.570796  -1.570796   0.523599  -1.570796   0.032671
  0.058   0.261799   1.570796  -0.523599  -1.570796   1.570796  -0.523599   1.570796  -0.034177  -0.261799  -1.570796   0.523599   1.570796  -1.570796   0.523599  -1.570796  -0.034177   0.261799   1.570796  -0.523599  -1.570796   1.570796  -0.523599   1.570796   0.034177  -0.261799  -1.570796   0.523599   1.570796  -1.570796   0.523599  -1.570796   0.034177
  0.059   0.261799   1.570796  -0.523599  -1.570796   1.570796  -0.523599   1.570796  -0.035723  -0.261799  -1.570796   0.523599   1.570796  -1.570796   0.523599  -1.570796  -0.035723   0.261799   1.570796  -0.523599  -1.570796   1.570796  -0.523599   1.570796   0.035723  -0.261799  -1.570796   0.523599   1.570796  -1.570796   0.523599  -1.570796   0.035723
  0.060   0.261799   1.570796  -0.523599  -1.570796   1.570796  -0.523599   1.570796  -0.037303  -0.261799  -1.570796   0.523599   1.570796  -1.570796   0.523599  -1.570796  -0.037303   0.261799   1.570796  -0.523599  -1.570796   1.570796  -0.523599   1.570796   0.037303  -0.261799  -1.570796   0.523599   1.570796  -1.570796   0.523599  -1.570796   0.037303
  0.061   0.261799   1.570796  -0.523599  -1.570796   1.570796  -0.523599   1.570796  -0.038917  -0.261799  -1.570796   0.523599   1.570796  -1.570796   0.523599  -1.570796  -0.038917   0.261799   1.570796  -0.523599  -1.570796   1.570796  -0.523599   1.570796   0.038917  -0.261799  -1.570796   0.523599   1.570796  -1.570796   0.523599  -1.570796   0.038917
  0.062   0.261799   1.570796  -0.523599  -1.570796   1.570796  -0.523599   1.570796  -0.040564  -0.261799  -1.570796   0.523599   1.570796  -1.570796   0.523599  -1.570796  -0.040564   0.261799   1.570796  -0.523599  -1.570796   1.570796  -0.523599   1.570796   0.040564  -0.261799  -1.570796   0.523599   1.570796  -1.570796   0.523599  -1.570796   0.040564
  0.063   0.261799   1.570796  -0.523599  -1.570796   1.570796  -0.523599   1.570796  -0.042252  -0.261799  -1.570796   0.523599   1.570796  -1.570796   0.523599  -1.570796  -0.042252   0.261799   1.570796  -0.523599  -1.570796   1.570796  -0.523599   1.570796   0.042252  -0.261799  -1.570796   0.523599   1.570796  -1.570796   0.523599  -1.570796   0.042252
  0.064   0.261799   1.570796  -0.523599  -1.570796   1.570796  -0.523599   1.570796  -0.043978  -0.261799  -1.570796   0.523599   1.570796  -1.570796   0.523599  -1.570796  -0.043978   0.261799   1.570796  -0.523599  -1.570796   1.570796  -0.523599   1.570796   0.043978  -0.261799  -1.570796   0.523599   1.570796  -1.570796   0.523599  -1.570796   0.043978
  0.065   0.261799   1.570796  -0.523599  -1.570796   1.570796  -0.523599   1.570796  -0.045739  -0.261799  -1.570796   0.523599   1.570796  -1.570796   0.523599  -1.570796  -0.045739   0.261799   1.570796  -0.523599  -1.570796   1.570796  -0.523599   1.570796   0.045739  -0.261799  -1.570796   0.523599   1.570796  -1.570796   0.523599  -1.570796   0.045739
  0.066   0.261799   1.570796  -0.523599  -1.570796   1.570796  -0.523599   1.570796  -0.047533  -0.261799  -1.570796   0.523599   1.570796  -1.570796   0.523599  -1.570796  -0.047533   0.261799   1.570796  -0.523599  -1.570796   1.570796  -0.523599   1.570796   0.047533  -0.261799  -1.570796   0.523599   1.570796  -1.570796   0.523599  -1.570796   0.047533
  0.067   0.261799   1.570796  -0.523599  -1.570796   1.570796  -0.523599   1.570796  -0.049359  -0.261799  -1.570796   0.523599   1.570796  -1.570796   0.523599  -1.570796  -0.049359   0.261799   1.570796  -0.523599  -1.570796   1.570796  -0.523599   1.570796   0.049359  -0.261799  -1.570796   0.523599   1.570796  -1.570796   0.523599  -1.570796   0.049359
  0.068   0.261799   1.570796  -0.523599  -1.570796   1.570796  -0.523599   1.570796  -0.051224  -0.261799  -1.570796   0.523599   1.570796  -1.570796   0.523599  -1.570796  -0.051224   0.261799   1.570796  -0.523599  -1.570796   1.570796  -0.523599   1.570796   0.051224  -0.261799  -1.570796   0.523599   1.570796  -1.570796   0.523599  -1.570796   0.051224
  0.069   0.261799   1.570796  -0.523599  -1.570796   1.570796  -0.523599   1.570796  -0.053125  -0.261799  -1.570796   0.523599   1.570796  -1.570796   0.523599  -1.570796  -0.053125   0.261799   1.570796  -0.523599  -1.570796   1.570796  -0.523599   1.570796   0.053125  -0.261799  -1.570796   0.523599   1.570796  -1.570796   0.523599  -1.570796   0.053125
  0.070   0.261799   1.570796  -0.523599  -1.570796   1.570796  -0.523599   1.570796  -0.055061  -0.261799  -1.570796   0.523599   1.570796  -1.570796   0.523599  -1.570796  -0.055061   0.261799   1.570796  -0.523599  -1.570796   1.570796  -0.523599   1.570796   0.055061  -0.261799  -1.570796   0.523599   1.570796  -1.570796   0.523599  -1.570796   0.055061
  0.071   0.261799   1.570796  -0.523599  -1.570796   1.570796  -0.523599   1.570796  -0.057029  -0.261799  -1.570796   0.523599   1.570796  -1.570796   0.523599  -1.570796  -0.057029   0.261799   1.570796  -0.523599  -1.570796   1.570796  -0.523599   1.570796   0.057029  -0.261799  -1.570796   0.523599   1.570796  -1.570796   0.523599  -1.570796   0.057029
  0.072   0.261799   1.570796  -0.523599  -1.570796   1.570796  -0.523599   1.570796  -0.059026  -0.261799  -1.570796   0.523599   1.570796  -1.570796   0.523599  -1.570796  -0.059026   0.261799   1.570796  -0.523599  -1.570796   1.570796  -0.523599   1.570796   0.059026  -0.261799  -1.570796   0.523599   1.570796  -1.570796   0.523599  -1.570796   0.059026
  0.073   0.261799   1.570796  -0.523599  -1.570796   1.570796  -0.523599   1.570796  -0.061061  -0.261799  -1.570796   0.523599   1.570796  -1.570796   0.523599  -1.570796  -0.061061   0.261799   1.570796  -0.523599  -1.570796   1.570796  -0.523599   1.570796   0.061061  -0.261799  -1.570796   0.523599   1.570796  -1.570796   0.523599  -1.570796   0.061061
  0.074   0.261799   1.570796  -0.523599  -1.570796   1.570796  -0.523599   1.570796  -0.063131  -0.261799  -1.570796   0.523599   1.570796  -1.570796   0.523599  -1.570796  -0.063131   0.261799   1.570796  -0.523599  -1.570796   1.570796  -0.523599   1.570796   0.063131  -0.261799  -1.570796   0.523599   1.570796  -1.570796   0.523599  -1.570796   0.063131
  0.075   0.261799   1.570796  -0.523599  -1.570796   1.570796  -0.523599   1.570796  -0.065234  -0.261799  -1.570796   0.523599   1.570796  -1.570796   0.523599  -1.570796  -0.065234   0.261799   1.570796  -0.523599  -1.570796   1.570796  -0.523599   1.570796   0.065234  -0.261799  -1.570796   0.523599   1.570796  -1.570796   0.523599  -1.570796   0.065234
  0.076   0.261799   1.570796  -0.523599  -1.570796   1.570796  -0.523599   1.570796  -0.067367  -0.261799  -1.570796   0.523599   1.570796  -1.570796   0.523599  -1.570796  -0.067367   0.261799   1.570796  -0.523599  -1.570796   1.570796  -0.523599   1.570796   0.067367  -0.261799  -1.570796   0.523599   1.570796  -1.570796   0.523599  -1.570796   0.067367
  0.077   0.261799   1.570796  -0.523599  -1.570796   1.570796  -0.523599   1.570796  -0.069528  -0.261799  -1.570796   0.523599   1.570796  -1.570796   0.523599  -1.570796  -0.069528   0.261799   1.570796  -0.523599  -1.570796   1.570796  -0.523599   1.570796   0.069528  -0.261799  -1.570796   0.523599   1.570796  -1.570796   0.523599  -1.570796   0.069528
  0.078   0.261799   1.570796  -0.523599  -1.570796   1.570796  -0.523599   1.570796  -0.071723  -0.261799  -1.570796   0.523599   1.570796  -1.570796   0.523599  -1.570796  -0.071723   0.261799   1.570796  -0.523599  -1.570796   1.570796  -0.523599   1.570796   0.071723  -0.261799  -1.570796   0.523599   1.570796  -1.570796   0.523599  -1.570796   0.071723
  0.079   0.261799   1.570796  -0.523599  -1.570796   1.570796  -0.523599   1.570796  -0.073952  -0.261799  -1.570796   0.523599   1.570796  -1.570796   0.523599  -1.570796  -0.073952   0.261799   1.570796  -0.523599  -1.570796   1.570796  -0.523599   1.570796   0.073952  -0.261799  -1.570796   0.523599   1.570796  -1.570796   0.523599  -1.570796   0.073952
  0.080   0.261799   1.570796  -0.523599  -1.570796   1.570796  -0.523599   1.570796  -0.076212  -0.261799  -1.570796   0.523599   1.570796  -1.570796   0.523599  -1.570796  -0.076212   0.261799   1.570796  -0.523599  -1.570796   1.570796  -0.523599   1.570796   0.076212  -0.261799  -1.570796   0.523599   1.570796  -1.570796   0.523599  -1.570796   0.076212
  0.081   0.261799   1.570796  -0.523599  -1.570796   1.570796  -0.523599   1.570796  -0.078500  -0.261799  -1.570796   0.523599   1.570796  -1.570796   0.523599  -1.570796  -0.078500   0.261799   1.570796  -0.523599  -1.570796   1.570796  -0.523599   1.570796   0.078500  -0.261799  -1.570796   0.523599   1.570796  -1.570796   0.523599  -1.570796   0.078500
  0.082   0.261799   1.570796  -0.523599  -1.570796   1.570796  -0.523599   1.570796  -0.080814  -0.261799  -1.570796   0.523599   1.570796  -1.570796   0.523599  -1.570796  -0.080814   0.261799   1.570796  -0.523599  -1.570796   1.570796  -0.523599   1.570796   0.080814  -0.261799  -1.570796   0.523599   1.570796  -1.570796   0.523599  -1.570796   0.080814
  0.083   0.261799   1.570796  -0.523599  -1.570796   1.570796  -0.523599   1.570796  -0.083160  -0.261799  -1.570796   0.523599   1.570796  -1.570796   0.523599  -1.570796  -0.083160   0.261799   1.570796  -0.523599  -1.570796   1.570796  -0.523599   1.570796   0.083160  -0.261799  -1.570796   0.523599   1.570796  -1.570796   0.523599  -1.570796   0.083160
  0.084   0.261799   1.570796  -0.523599  -1.570796   1.570796  -0.523599   1.570796  -0.085537  -0.261799  -1.570796   0.523599   1.570796  -1.570796   0.523599  -1.570796  -0.085537   0.261799   1.570796  -0.523599  -1.570796   1.570796  -0.523599   1.570796   0.085537  -0.261799  -1.570796   0.523599   1.570796  -1.570796   0.523599  -1.570796   0.085537
  0.085   0.261799   1.570796  -0.523599  -1.570796   1.570796  -0.523599   1.570796  -0.087942  -0.261799  -1.570796   0.523599   1.570796  -1.570796   0.523599  -1.570796  -0.087942   0.261799   1.570796  -0.523599  -1.570796   1.570796  -0.523599   1.570796   0.087942  -0.261799  -1.570796   0.523599   1.570796  -1.570796   0.523599  -1.570796   0.087942
  0.086   0.261799   1.570796  -0.523599  -1.570796   1.570796  -0.523599   1.570796  -0.090373  -0.261799  -1.570796   0.523599   1.570796  -1.570796   0.523599  -1.570796  -0.090373   0.261799   1.570796  -0.523599  -1.570796   1.570796  -0.523599   1.570796   0.090373  -0.261799  -1.570796   0.523599   1.570796  -1.570796   0.523599  -1.570796   0.090373
  0.087   0.261799   1.570796  -0.523599  -1.570796   1.570796  -0.523599   1.570796  -0.092828  -0.261799  -1.570796   0.523599   1.570796  -1.570796   0.523599  -1.570796  -0.092828   0.261799   1.570796  -0.523599  -1.570796   1.570796  -0.523599   1.570796   0.092828  -0.261799  -1.570796   0.523599   1.570796  -1.570796   0.523599  -1.570796   0.092828
  0.088   0.261799   1.570796  -0.523599  -1.570796   1.570796  -0.523599   1.570796  -0.095311  -0.261799  -1.570796   0.523599   1.570796  -1.570796   0.523599  -1.570796  -0.095311   0.261799   1.570796  -0.523599  -1.570796   1.570796  -0.523599   1.570796   0.095311  -0.261799  -1.570796   0.523599   1.570796  -1.570796   0.523599  -1.570796   0.095311
  0.089   0.261799   1.570796  -0.523599  -1.570796   1.570796  -0.523599   1.570796  -0.097823  -0.261799  -1.570796   0.523599   1.570796  -1.570796   0.523599  -1.570796  -0.097823   0.261799   1.570796  -0.523599  -1.570796   1.570796  -0.523599   1.570796   0.097823  -0.261799  -1.570796   0.523599   1.570796  -1.570796   0.523599  -1.570796   0.097823
  0.090   0.261799   1.570796  -0.523599  -1.570796   1.570796  -0.523599   1.570796  -0.100360  -0.261799  -1.570796   0.523599   1.570796  -1.570796   0.523599  -1.570796  -0.100360   0.261799   1.570796  -0.523599  -1.570796   1.570796  -0.523599   1.570796   0.100360  -0.261799  -1.570796   0.523599   1.570796  -1.570796   0.523599  -1.570796   0.100360
  0.091   0.261799   1.570796  -0.523599  -1.570796   1.570796  -0.523599   1.570796  -0.102921  -0.261799  -1.570796   0.523599   1.570796  -1.570796   0.523599  -1.570796  -0.102921   0.261799   1.570796  -0.523599  -1.570796   1.570796  -0.523599   1.570796   0.102921  -0.261799  -1.570796   0.523599   1.570796  -1.570796   0.523599  -1.570796   0.102921
  0.092   0.261799   1.570796  -0.523599  -1.570796   1.570796  -0.523599   1.570796  -0.105503  -0.261799  -1.570796   0.523599   1.570796  -1.570796   0.523599  -1.570796  -0.105503   0.261799   1.570796  -0.523599  -1.570796   1.570796  -0.523599   1.570796   0.105503  -0.261799  -1.570796   0.523599   1.570796  -1.570796   0.523599  -1.570796   0.105503
  0.093   0.261799   1.570796  -0.523599  -1.570796   1.570796  -0.523599   1.570796  -0.108110  -0.261799  -1.570796   0.523599   1.570796  -1.570796   0.523599  -1.570796  -0.108110   0.261799   1.570796  -0.523599  -1.570796   1.570796  -0.523599   1.570796   0.108110  -0.261799  -1.570796   0.523599   1.570796  -1.570796   0.523599  -1.570796   0.108110
  0.094   0.261799   1.570796  -0.523599  -1.570796   1.570796  -0.523599   1.570796  -0.110742  -0.261799  -1.570796   0.523599   1.570796  -1.570796   0.523599  -1.570796  -0.110742   0.261799   1.570796  -0.523599  -1.570796   1.570796  -0.523599   1.570796   0.110742  -0.261799  -1.570796   0.523599   1.570796  -1.570796   0.523599  -1.570796   0.110742
  0.095   0.261799   1.570796  -0.523599  -1.570796   1.570796  -0.523599   1.570796  -0.113397  -0.261799  -1.570796   0.523599   1.570796  -1.570796   0.523599  -1.570796  -0.113397   0.261799   1.570796  -0.523599  -1.570796   1.570796  -0.523599   1.570796   0.113397  -0.261799  -1.570796   0.523599   1.570796  -1.570796   0.523599  -1.570796   0.113397
  0.096   0.261799   1.570796  -0.523599  -1.570796   1.570796  -0.523599   1.570796  -0.116073  -0.261799  -1.570796   0.523599   1.570796  -1.570796   0.523599  -1.570796  -0.116073   0.261799   1.570796  -0.523599  -1.570796   1.570796  -0.523599   1.570796   0.116073  -0.261799  -1.570796   0.523599   1.570796  -1.570796   0.523599  -1.570796   0.116073
  0.097   0.261799   1.570796  -0.523599  -1.570796   1.570796  -0.523599   1.570796  -0.118767  -0.261799  -1.570796   0.523599   1.570796  -1.570796   0.523599  -1.570796  -0.118767   0.261799   1.570796  -0.523599  -1.570796   1.570796  -0.523599   1.570796   0.118767  -0.261799  -1.570796   0.523599   1.570796  -1.570796   0.523599  -1.570796   0.118767
  0.098   0.261799   1.570796  -0.523599  -1.570796   1.570796  -0.523599   1.570796  -0.121482  -0.261799  -1.570796   0.523599   1.570796  -1.570796   0.523599  -1.570796  -0.121482   0.261799   1.570796  -0.523599  -1.570796   1.570796  -0.523599   1.570796   0.121482  -0.261799  -1.570796   0.523599   1.570796  -1.570796   0.523599  -1.570796   0.121482
  0.099   0.261799   1.570796  -0.523599  -1.570796   1.570796  -0.523599   1.570796  -0.124220  -0.261799  -1.570796   0.523599   1.570796  -1.570796   0.523599  -1.570796  -0.124220   0.261799   1.570796  -0.523599  -1.570796   1.570796  -0.523599   1.570796   0.124220  -0.261799  -1.570796   0.523599   1.570796  -1.570796   0.523599  -1.570796   0.124220
  0.100   0.261799   1.570796  -0.523599  -1.570796   1.570796  -0.523599   1.570796  -0.126977  -0.261799  -1.570796   0.523599   1.570796  -1.570796   0.523599  -1.570796  -0.126977   0.261799   1.570796  -0.523599  -1.570796   1.570796  -0.523599   1.570796   0.126977  -0.261799  -1.570796   0.523599   1.570796  -1.570796   0.523599  -1.570796   0.126977
  0.101   0.261799   1.570796  -0.523599  -1.570796   1.570796  -0.523599   1.570796  -0.129752  -0.261799  -1.570796   0.523599   1.570796  -1.570796   0.523599  -1.570796  -0.129752   0.261799   1.570796  -0.523599  -1.570796   1.570796  -0.523599   1.570796   0.129752  -0.261799  -1.570796   0.523599   1.570796  -1.570796   0.523599  -1.570796   0.129752
  0.102   0.261799   1.570796  -0.523599  -1.570796   1.570796  -0.523599   1.570796  -0.132542  -0.261799  -1.570796   0.523599   1.570796  -1.570796   0.523599  -1.570796  -0.132542   0.261799   1.570796  -0.523599  -1.570796   1.570796  -0.523599   1.570796   0.132542  -0.261799  -1.570796   0.523599   1.570796  -1.570796   0.523599  -1.570796   0.132542
  0.103   0.261799   1.570796  -0.523599  -1.570796   1.570796  -0.523599   1.570796  -0.135348  -0.261799  -1.570796   0.523599   1.570796  -1.570796   0.523599  -1.570796  -0.135348   0.261799   1.570796  -0.523599  -1.570796   1.570796  -0.523599   1.570796   0.135348  -0.261799  -1.570796   0.523599   1.570796  -1.570796   0.523599  -1.570796   0.135348
  0.104   0.261799   1.570796  -0.523599  -1.570796   1.570796  -0.523599   1.570796  -0.138174  -0.261799  -1.570796   0.523599   1.570796  -1.570796   0.523599  -1.570796  -0.138174   0.261799   1.570796  -0.523599  -1.570796   1.570796  -0.523599   1.570796   0.138174  -0.261799  -1.570796   0.523599   1.570796  -1.570796   0.523599  -1.570796   0.138174
  0.105   0.261799   1.570796  -0.523599  -1.570796   1.570796  -0.523599   1.570796  -0.141017  -0.261799  -1.570796   0.523599   1.570796  -1.570796   0.523599  -1.570796  -0.141017   0.261799   1.570796  -0.523599  -1.570796   1.570796  -0.523599   1.570796   0.141017  -0.261799  -1.570796   0.523599   1.570796  -1.570796   0.523599  -1.570796   0.141017
  0.106   0.261799   1.570796  -0.523599  -1.570796   1.570796  -0.523599   1.570796  -0.143874  -0.261799  -1.570796   0.523599   1.570796  -1.570796   0.523599  -1.570796  -0.143874   0.261799   1.570796  -0.523599  -1.570796   1.570796  -0.523599   1.570796   0.143874  -0.261799  -1.570796   0.523599   1.570796  -1.570796   0.523599  -1.570796   0.143874
  0.107   0.261799   1.570796  -0.523599  -1.570796   1.570796  -0.523599   1.570796  -0.146742  -0.261799  -1.570796   0.523599   1.570796  -1.570796   0.523599  -1.570796  -0.146742   0.261799   1.570796  -0.523599  -1.570796   1.570796  -0.523599   1.570796   0.146742  -0.261799  -1.570796   0.523599   1.570796  -1.570796   0.523599  -1.570796   0.146742
  0.108   0.261799   1.570796  -0.523599  -1.570796   1.570796  -0.523599   1.570796  -0.149624  -0.261799  -1.570796   0.523599   1.570796  -1.570796   0.523599  -1.570796  -0.149624   0.261799   1.570796  -0.523599  -1.570796   1.570796  -0.523599   1.570796   0.149624  -0.261799  -1.570796   0.523599   1.570796  -1.570796   0.523599  -1.570796   0.149624
  0.109   0.261799   1.570796  -0.523599  -1.570796   1.570796  -0.523599   1.570796  -0.152521  -0.261799  -1.570796   0.523599   1.570796  -1.570796   0.523599  -1.570796  -0.152521   0.261799   1.570796  -0.523599  -1.570796   1.570796  -0.523599   1.570796   0.152521  -0.261799  -1.570796   0.523599   1.570796  -1.570796   0.523599  -1.570796   0.152521
  0.110   0.261799   1.570796  -0.523599  -1.570796   1.570796  -0.523599   1.570796  -0.155431  -0.261799  -1.570796   0.523599   1.570796  -1.570796   0.523599  -1.570796  -0.155431   0.261799   1.570796  -0.523599  -1.570796   1.570796  -0.523599   1.570796   0.155431  -0.261799  -1.570796   0.523599   1.570796  -1.570796   0.523599  -1.570796   0.155431
  0.111   0.261799   1.570796  -0.523599  -1.570796   1.570796  -0.523599   1.570796  -0.158352  -0.261799  -1.570796   0.523599   1.570796  -1.570796   0.523599  -1.570796  -0.158352   0.261799   1.570796  -0.523599  -1.570796   1.570796  -0.523599   1.570796   0.158352  -0.261799  -1.570796   0.523599   1.570796  -1.570796   0.523599  -1.570796   0.158352
  0.112   0.261799   1.570796  -0.523599  -1.570796   1.570796  -0.523599   1.570796  -0.161281  -0.261799  -1.570796   0.523599   1.570796  -1.570796   0.523599  -1.570796  -0.161281   0.261799   1.570796  -0.523599  -1.570796   1.570796  -0.523599   1.570796   0.161281  -0.261799  -1.570796   0.523599   1.570796  -1.570796   0.523599  -1.570796   0.161281
  0.113   0.261799   1.570796  -0.523599  -1.570796   1.570796  -0.523599   1.570796  -0.164219  -0.261799  -1.570796   0.523599   1.570796  -1.570796   0.523599  -1.570796  -0.164219   0.261799   1.570796  -0.523599  -1.570796   1.570796  -0.523599   1.570796   0.164219  -0.261799  -1.570796   0.523599   1.570796  -1.570796   0.523599  -1.570796   0.164219
  0.114   0.261799   1.570796  -0.523599  -1.570796   1.570796  -0.523599   1.570796  -0.167169  -0.261799  -1.570796   0.523599   1.570796  -1.570796   0.523599  -1.570796  -0.167169   0.261799   1.570796  -0.523599  -1.570796   1.570796  -0.523599   1.570796   0.167169  -0.261799  -1.570796   0.523599   1.570796  -1.570796   0.523599  -1.570796   0.167169
  0.115   0.261799   1.570796  -0.523599  -1.570796   1.570796  -0.523599   1.570796  -0.170128  -0.261799  -1.570796   0.523599   1.570796  -1.570796   0.523599  -1.570796  -0.170128   0.261799   1.570796  -0.523599  -1.570796   1.570796  -0.523599   1.570796   0.170128  -0.261799  -1.570796   0.523599   1.570796  -1.570796   0.523599  -1.570796   0.170128
  0.116   0.261799   1.570796  -0.523599  -1.570796   1.570796  -0.523599   1.570796  -0.173095  -0.261799  -1.570796   0.523599   1.570796  -1.570796   0.523599  -1.570796  -0.173095   0.261799   1.570796  -0.523599  -1.570796   1.570796  -0.523599   1.570796   0.173095  -0.261799  -1.570796   0.523599   1.570796  -1.570796   0.523599  -1.570796   0.173095
  0.117   0.261799   1.570796  -0.523599  -1.570796   1.570796  -0.523599   1.570796  -0.176066  -0.261799  -1.570796   0.523599   1.570796  -1.570796   0.523599  -1.570796  -0.176066   0.261799   1.570796  -0.523599  -1.570796   1.570796  -0.523599   1.570796   0.176066  -0.261799  -1.570796   0.523599   1.570796  -1.570796   0.523599  -1.570796   0.176066
  0.118   0.261799   1.570796  -0.523599  -1.570796   1.570796  -0.523599   1.570796  -0.179042  -0.261799  -1.570796   0.523599   1.570796  -1.570796   0.523599  -1.570796  -0.179042   0.261799   1.570796  -0.523599  -1.570796   1.570796  -0.523599   1.570796   0.179042  -0.261799  -1.570796   0.523599   1.570796  -1.570796   0.523599  -1.570796   0.179042
  0.119   0.261799   1.570796  -0.523599  -1.570796   1.570796  -0.523599   1.570796  -0.182026  -0.261799  -1.570796   0.523599   1.570796  -1.570796   0.523599  -1.570796  -0.182026   0.261799   1.570796  -0.523599  -1.570796   1.570796  -0.523599   1.570796   0.182026  -0.261799  -1.570796   0.523599   1.570796  -1.570796   0.523599  -1.570796   0.182026
  0.120   0.261799   1.570796  -0.523599  -1.570796   1.570796  -0.523599   1.570796  -0.185016  -0.261799  -1.570796   0.523599   1.570796  -1.570796   0.523599  -1.570796  -0.185016   0.261799   1.570796  -0.523599  -1.570796   1.570796  -0.523599   1.570796   0.185016  -0.261799  -1.570796   0.523599   1.570796  -1.570796   0.523599  -1.570796   0.185016
  0.121   0.261799   1.570796  -0.523599  -1.570796   1.570796  -0.523599   1.570796  -0.188010  -0.261799  -1.570796   0.523599   1.570796  -1.570796   0.523599  -1.570796  -0.188010   0.261799   1.570796  -0.523599  -1.570796   1.570796  -0.523599   1.570796   0.188010  -0.261799  -1.570796   0.523599   1.570796  -1.570796   0.523599  -1.570796   0.188010
  0.122   0.261799   1.570796  -0.523599  -1.570796   1.570796  -0.523599   1.570796  -0.191005  -0.261799  -1.570796   0.523599   1.570796  -1.570796   0.523599  -1.570796  -0.191005   0.261799   1.570796  -0.523599  -1.570796   1.570796  -0.523599   1.570796   0.191005  -0.261799  -1.570796   0.523599   1.570796  -1.570796   0.523599  -1.570796   0.191005
  0.123   0.261799   1.570796  -0.523599  -1.570796   1.570796  -0.523599   1.570796  -0.194000  -0.261799  -1.570796   0.523599   1.570796  -1.570796   0.523599  -1.570796  -0.194000   0.261799   1.570796  -0.523599  -1.570796   1.570796  -0.523599   1.570796   0.194000  -0.261799  -1.570796   0.523599   1.570796  -1.570796   0.523599  -1.570796   0.194000
  0.124   0.261799   1.570796  -0.523599  -1.570796   1.570796  -0.523599   1.570796  -0.196999  -0.261799  -1.570796   0.523599   1.570796  -1.570796   0.523599  -1.570796  -0.196999   0.261799   1.570796  -0.523599  -1.570796   1.570796  -0.523599   1.570796   0.196999  -0.261799  -1.570796   0.523599   1.570796  -1.570796   0.523599  -1.570796   0.196999
  0.125   0.261799   1.570796  -0.523599  -1.570796   1.570796  -0.523599   1.570796  -0.200000  -0.261799  -1.570796   0.523599   1.570796  -1.570796   0.523599  -1.570796  -0.200000   0.261799   1.570796  -0.523599  -1.570796   1.570796  -0.523599   1.570796   0.200000  -0.261799  -1.570796   0.523599   1.570796  -1.570796   0.523599  -1.570796   0.200000
  0.126   0.261799   1.570796  -0.523599  -1.570796   1.570796  -0.523599   1.570796  -0.203001  -0.261799  -1.570796   0.523599   1.570796  -1.570796   0.523599  -1.570796  -0.203001   0.261799   1.570796  -0.523599  -1.570796   1.570796  -0.523599   1.570796   0.203001  -0.261799  -1.570796   0.523599   1.570796  -1.570796   0.523599  -1.570796   0.203001
  0.127   0.261799   1.570796  -0.523599  -1.570796   1.570796  -0.523599   1.570796  -0.206000  -0.261799  -1.570796   0.523599   1.570796  -1.570796   0.523599  -1.570796  -0.206000   0.261799   1.570796  -0.523599  -1.570796   1.570796  -0.523599   1.570796   0.206000  -0.261799  -1.570796   0.523599   1.570796  -1.570796   0.523599  -1.570796   0.206000
  0.128   0.261799   1.570796  -0.523599  -1.570796   1.570796  -0.523599   1.570796  -0.208995  -0.261799  -1.570796   0.523599   1.570796  -1.570796   0.523599  -1.570796  -0.208995   0.261799   1.570796  -0.523599  -1.570796   1.570796  -0.523599   1.570796   0.208995  -0.261799  -1.570796   0.523599   1.570796  -1.570796   0.523599  -1.570796   0.208995
  0.129   0.261799   1.570796  -0.523599  -1.570796   1.570796  -0.523599   1.570796  -0.211990  -0.261799  -1.570796   0.523599   1.570796  -1.570796   0.523599  -1.570796  -0.211990   0.261799   1.570796  -0.523599  -1.570796   1.570796  -0.523599   1.570796   0.211990  -0.261799  -1.570796   0.523599   1.570796  -1.570796   0.523599  -1.570796   0.211990
  0.130   0.261799   1.570796  -0.523599  -1.570796   1.570796  -0.523599   1.570796  -0.214984  -0.261799  -1.570796   0.523599   1.570796  -1.570796   0.523599  -1.570796  -0.214984   0.261799   1.570796  -0.523599  -1.570796   1.570796  -0.523599   1.570796   0.214984  -0.261799  -1.570796   0.523599   1.570796  -1.570796   0.523599  -1.570796   0.214984
  0.131   0.261799   1.570796  -0.523599  -1.570796   1.570796  -0.523599   1.570796  -0.217974  -0.261799  -1.570796   0.523599   1.570796  -1.570796   0.523599  -1.570796  -0.217974   0.261799   1.570796  -0.523599  -1.570796   1.570796  -0.523599   1.570796   0.217974  -0.261799  -1.570796   0.523599   1.570796  -1.570796   0.523599  -1.570796   0.217974
  0.132   0.261799   1.570796  -0.523599  -1.570796   1.570796  -0.523599   1.570796  -0.220958  -0.261799  -1.570796   0.523599   1.570796  -1.570796   0.523599  -1.570796  -0.220958   0.261799   1.570796  -0.523599  -1.570796   1.570796  -0.523599   1.570796   0.220958  -0.261799  -1.570796   0.523599   1.570796  -1.570796   0.523599  -1.570796   0.220958
  0.133   0.261799   1.570796  -0.523599  -1.570796   1.570796  -0.523599   1.570796  -0.223934  -0.261799  -1.570796   0.523599   1.570796  -1.570796   0.523599  -1.570796  -0.223934   0.261799   1.570796  -0.523599  -1.570796   1.570796  -0.523599   1.570796   0.223934  -0.261799  -1.570796   0.523599   1.570796  -1.570796   0.523599  -1.570796   0.223934
  0.134   0.261799   1.570796  -0.523599  -1.570796   1.570796  -0.523599   1.570796  -0.226905  -0.261799  -1.570796   0.523599   1.570796  -1.570796   0.523599  -1.570796  -0.226905   0.261799   1.570796  -0.523599  -1.570796   1.570796  -0.523599   1.570796   0.226905  -0.261799  -1.570796   0.523599   1.570796  -1.570796   0.523599  -1.570796   0.226905
  0.135   0.261799   1.570796  -0.523599  -1.570796   1.570796  -0.523599   1.570796  -0.229872  -0.261799  -1.570796   0.523599   1.570796  -1.570796   0.523599  -1.570796  -0.229872   0.261799   1.570796  -0.523599  -1.570796   1.570796  -0.523599   1.570796   0.229872  -0.261799  -1.570796   0.523599   1.570796  -1.570796   0.523599  -1.570796   0.229872
  0.136   0.261799   1.570796  -0.523599  -1.570796   1.570796  -0.523599   1.570796  -0.232831  -0.261799  -1.570796   0.523599   1.570796  -1.570796   0.523599  -1.570796  -0.232831   0.261799   1.570796  -0.523599  -1.570796   1.570796  -0.523599   1.570796   0.232831  -0.261799  -1.570796   0.523599   1.570796  -1.570796   0.523599  -1.570796   0.232831
  0.137   0.261799   1.570796  -0.523599  -1.570796   1.570796  -0.523599   1.570796  -0.235781  -0.261799  -1.570796   0.523599   1.570796  -1.570796   0.523599  -1.570796  -0.235781   0.261799   1.570796  -0.523599  -1.570796   1.570796  -0.523599   1.570796   0.235781  -0.261799  -1.570796   0.523599   1.570796  -1.570796   0.523599  -1.570796   0.235781
  0.138   0.261799   1.570796  -0.523599  -1.570796   1.570796  -0.523599   1.570796  -0.238719  -0.261799  -1.570796   0.523599   1.570796  -1.570796   0.523599  -1.570796  -0.238719   0.261799   1.570796  -0.523599  -1.570796   1.570796  -0.523599   1.570796   0.238719  -0.261799  -1.570796   0.523599   1.570796  -1.570796   0.523599  -1.570796   0.238719
  0.139   0.261799   1.570796  -0.523599  -1.570796   1.570796  -0.523599   1.570796  -0.241648  -0.261799  -1.570796   0.523599   1.570796  -1.570796   0.523599  -1.570796  -0.241648   0.261799   1.570796  -0.523599  -1.570796   1.570796  -0.523599   1.570796   0.241648  -0.261799  -1.570796   0.523599   1.570796  -1.570796   0.523599  -1.570796   0.241648
  0.140   0.261799   1.570796  -0.523599  -1.570796   1.570796  -0.523599   1.570796  -0.244569  -0.261799  -1.570796   0.523599   1.570796  -1.570796   0.523599  -1.570796  -0.244569   0.261799   1.570796  -0.523599  -1.570796   1.570796  -0.523599   1.570796   0.244569  -0.261799  -1.570796   0.523599   1.570796  -1.570796   0.523599  -1.570796   0.244569
  0.141   0.261799   1.570796  -0.523599  -1.570796   1.570796  -0.523599   1.570796  -0.247479  -0.261799  -1.570796   0.523599   1.570796  -1.570796   0.523599  -1.570796  -0.247479   0.261799   1.570796  -0.523599  -1.570796   1.570796  -0.523599   1.570796   0.247479  -0.261799  -1.570796   0.523599   1.570796  -1.570796   0.523599  -1.570796   0.247479
  0.142   0.261799   1.570796  -0.523599  -1.570796   1.570796  -0.523599   1.570796  -0.250376  -0.261799  -1.570796   0.523599   1.570796  -1.570796   0.523599  -1.570796  -0.250376   0.261799   1.570796  -0.523599  -1.570796   1.570796  -0.523599   1.570796   0.250376  -0.261799  -1.570796   0.523599   1.570796  -1.570796   0.523599  -1.570796   0.250376
  0.143   0.261799   1.570796  -0.523599  -1.570796   1.570796  -0.523599   1.570796  -0.253258  -0.261799  -1.570796   0.523599   1.570796  -1.570796   0.523599  -1.570796  -0.253258   0.261799   1.570796  -0.523599  -1.570796   1.570796  -0.523599   1.570796   0.253258  -0.261799  -1.570796   0.523599   1.570796  -1.570796   0.523599  -1.570796   0.253258
  0.144   0.261799   1.570796  -0.523599  -1.570796   1.570796  -0.523599   1.570796  -0.256126  -0.261799  -1.570796   0.523599   1.570796  -1.570796   0.523599  -1.570796  -0.256126   0.261799   1.570796  -0.523599  -1.570796   1.570796  -0.523599   1.570796   0.256126  -0.261799  -1.570796   0.523599   1.570796  -1.570796   0.523599  -1.570796   0.256126
  0.145   0.261799   1.570796  -0.523599  -1.570796   1.570796  -0.523599   1.570796  -0.258983  -0.261799  -1.570796   0.523599   1.570796  -1.570796   0.523599  -1.570796  -0.258983   0.261799   1.570796  -0.523599  -1.570796   1.570796  -0.523599   1.570796   0.258983  -0.261799  -1.570796   0.523599   1.570796  -1.570796   0.523599  -1.570796   0.258983
  0.146   0.261799   1.570796  -0.523599  -1.570796   1.570796  -0.523599   1.570796  -0.261826  -0.261799  -1.570796   0.523599   1.570796  -1.570796   0.523599  -1.570796  -0.261826   0.261799   1.570796  -0.523599  -1.570796   1.570796  -0.523599   1.570796   0.261826  -0.261799  -1.570796   0.523599   1.570796  -1.570796   0.523599  -1.570796   0.261826
  0.147   0.261799   1.570796  -0.523599  -1.570796   1.570796  -0.523599   1.570796  -0.264652  -0.261799  -1.570796   0.523599   1.570796  -1.570796   0.523599  -1.570796  -0.264652   0.261799   1.570796  -0.523599  -1.570796   1.570796  -0.523599   1.570796   0.264652  -0.261799  -1.570796   0.523599   1.570796  -1.570796   0.523599  -1.570796   0.264652
  0.148   0.261799   1.570796  -0.523599  -1.570796   1.570796  -0.523599   1.570796  -0.267458  -0.261799  -1.570796   0.523599   1.570796  -1.570796   0.523599  -1.570796  -0.267458   0.261799   1.570796  -0.523599  -1.570796   1.570796  -0.523599   1.570796   0.267458  -0.261799  -1.570796   0.523599   1.570796  -1.570796   0.523599  -1.570796   0.267458
  0.149   0.261799   1.570796  -0.523599  -1.570796   1.570796  -0.523599   1.570796  -0.270248  -0.261799  -1.570796   0.523599   1.570796  -1.570796   0.523599  -1.570796  -0.270248   0.261799   1.570796  -0.523599  -1.570796   1.570796  -0.523599   1.570796   0.270248  -0.261799  -1.570796   0.523599   1.570796  -1.570796   0.523599  -1.570796   0.270248
  0.150   0.261799   1.570796  -0.523599  -1.570796   1.570796  -0.523599   1.570796  -0.273023  -0.261799  -1.570796   0.523599   1.570796  -1.570796   0.523599  -1.570796  -0.273023   0.261799   1.570796  -0.523599  -1.570796   1.570796  -0.523599   1.570796   0.273023  -0.261799  -1.570796   0.523599   1.570796  -1.570796   0.523599  -1.570796   0.273023
  0.151   0.261799   1.570796  -0.523599  -1.570796   1.570796  -0.523599   1.570796  -0.275780  -0.261799  -1.570796   0.523599   1.570796  -1.570796   0.523599  -1.570796  -0.275780   0.261799   1.570796  -0.523599  -1.570796   1.570796  -0.523599   1.570796   0.275780  -0.261799  -1.570796   0.523599   1.570796  -1.570796   0.523599  -1.570796   0.275780
  0.152   0.261799   1.570796  -0.523599  -1.570796   1.570796  -0.523599   1.570796  -0.278518  -0.261799  -1.570796   0.523599   1.570796  -1.570796   0.523599  -1.570796  -0.278518   0.261799   1.570796  -0.523599  -1.570796   1.570796  -0.523599   1.570796   0.278518  -0.261799  -1.570796   0.523599   1.570796  -1.570796   0.523599  -1.570796   0.278518
  0.153   0.261799   1.570796  -0.523599  -1.570796   1.570796  -0.523599   1.570796  -0.281233  -0.261799  -1.570796   0.523599   1.570796  -1.570796   0.523599  -1.570796  -0.281233   0.261799   1.570796  -0.523599  -1.570796   1.570796  -0.523599   1.570796   0.281233  -0.261799  -1.570796   0.523599   1.570796  -1.570796   0.523599  -1.570796   0.281233
  0.154   0.261799   1.570796  -0.523599  -1.570796   1.570796  -0.523599   1.570796  -0.283927  -0.261799  -1.570796   0.523599   1.570796  -1.570796   0.523599  -1.570796  -0.283927   0.261799   1.570796  -0.523599  -1.570796   1.570796  -0.523599   1.570796   0.283927  -0.261799  -1.570796   0.523599   1.570796  -1.570796   0.523599  -1.570796   0.283927
  0.155   0.261799   1.570796  -0.523599  -1.570796   1.570796  -0.523599   1.570796  -0.286603  -0.261799  -1.570796   0.523599   1.570796  -1.570796   0.523599  -1.570796  -0.286603   0.261799   1.570796  -0.523599  -1.570796   1.570796  -0.523599   1.570796   0.286603  -0.261799  -1.570796   0.523599   1.570796  -1.570796   0.523599  -1.570796   0.286603
  0.156   0.261799   1.570796  -0.523599  -1.570796   1.570796  -0.523599   1.570796  -0.289258  -0.261799  -1.570796   0.523599   1.570796  -1.570796   0.523599  -1.570796  -0.289258   0.261799   1.570796  -0.523599  -1.570796   1.570796  -0.523599   1.570796   0.289258  -0.261799  -1.570796   0.523599   1.570796  -1.570796   0.523599  -1.570796   0.289258
  0.157   0.261799   1.570796  -0.523599  -1.570796   1.570796  -0.523599   1.570796  -0.291890  -0.261799  -1.570796   0.523599   1.570796  -1.570796   0.523599  -1.570796  -0.291890   0.261799   1.570796  -0.523599  -1.570796   1.570796  -0.523599   1.570796   0.291890  -0.261799  -1.570796   0.523599   1.570796  -1.570796   0.523599  -1.570796   0.291890
  0.158   0.261799   1.570796  -0.523599  -1.570796   1.570796  -0.523599   1.570796  -0.294497  -0.261799  -1.570796   0.523599   1.570796  -1.570796   0.523599  -1.570796  -0.294497   0.261799   1.570796  -0.523599  -1.570796   1.570796  -0.523599   1.570796   0.294497  -0.261799  -1.570796   0.523599   1.570796  -1.570796   0.523599  -1.570796   0.294497
  0.159   0.261799   1.570796  -0.523599  -1.570796   1.570796  -0.523599   1.570796  -0.297079  -0.261799  -1.570796   0.523599   1.570796  -1.570796   0.523599  -1.570796  -0.297079   0.261799   1.570796  -0.523599  -1.570796   1.570796  -0.523599   1.570796   0.297079  -0.261799  -1.570796   0.523599   1.570796  -1.570796   0.523599  -1.570796   0.297079
  0.160   0.261799   1.570796  -0.523599  -1.570796   1.570796  -0.523599   1.570796  -0.299640  -0.261799  -1.570796   0.523599   1.570796  -1.570796   0.523599  -1.570796  -0.299640   0.261799   1.570796  -0.523599  -1.570796   1.570796  -0.523599   1.570796   0.299640  -0.261799  -1.570796   0.523599   1.570796  -1.570796   0.523599  -1.570796   0.299640
  0.161   0.261799   1.570796  -0.523599  -1.570796   1.570796  -0.523599   1.570796  -0.302177  -0.261799  -1.570796   0.523599   1.570796  -1.570796   0.523599  -1.570796  -0.302177   0.261799   1.570796  -0.523599  -1.570796   1.570796  -0.523599   1.570796   0.302177  -0.261799  -1.570796   0.523599   1.570796  -1.570796   0.523599  -1.570796   0.302177
  0.162   0.261799   1.570796  -0.523599  -1.570796   1.570796  -0.523599   1.570796  -0.304689  -0.261799  -1.570796   0.523599   1.570796  -1.570796   0.523599  -1.570796  -0.304689   0.261799   1.570796  -0.523599  -1.570796   1.570796  -0.523599   1.570796   0.304689  -0.261799  -1.570796   0.523599   1.570796  -1.570796   0.523599  -1.570796   0.304689
  0.163   0.261799   1.570796  -0.523599  -1.570796   1.570796  -0.523599   1.570796  -0.307172  -0.261799  -1.570796   0.523599   1.570796  -1.570796   0.523599  -1.570796  -0.307172   0.261799   1.570796  -0.523599  -1.570796   1.570796  -0.523599   1.570796   0.307172  -0.261799  -1.570796   0.523599   1.570796  -1.570796   0.523599  -1.570796   0.307172
  0.164   0.261799   1.570796  -0.523599  -1.570796   1.570796  -0.523599   1.570796  -0.309627  -0.261799  -1.570796   0.523599   1.570796  -1.570796   0.523599  -1.570796  -0.309627   0.261799   1.570796  -0.523599  -1.570796   1.570796  -0.523599   1.570796   0.309627  -0.261799  -1.570796   0.523599   1.570796  -1.570796   0.523599  -1.570796   0.309627
  0.165   0.261799   1.570796  -0.523599  -1.570796   1.570796  -0.523599   1.570796  -0.312058  -0.261799  -1.570796   0.523599   1.570796  -1.570796   0.523599  -1.570796  -0.312058   0.261799   1.570796  -0.523599  -1.570796   1.570796  -0.523599   1.570796   0.312058  -0.261799  -1.570796   0.523599   1.570796  -1.570796   0.523599  -1.570796   0.312058
  0.166   0.261799   1.570796  -0.523599  -1.570796   1.570796  -0.523599   1.570796  -0.314463  -0.261799  -1.570796   0.523599   1.570796  -1.570796   0.523599  -1.570796  -0.314463   0.261799   1.570796  -0.523599  -1.570796   1.570796  -0.523599   1.570796   0.314463  -0.261799  -1.570796   0.523599   1.570796  -1.570796   0.523599  -1.570796   0.314463
  0.167   0.261799   1.570796  -0.523599  -1.570796   1.570796  -0.523599   1.570796  -0.316840  -0.261799  -1.570796   0.523599   1.570796  -1.570796   0.523599  -1.570796  -0.316840   0.261799   1.570796  -0.523599  -1.570796   1.570796  -0.523599   1.570796   0.316840  -0.261799  -1.570796   0.523599   1.570796  -1.570796   0.523599  -1.570796   0.316840
  0.168   0.261799   1.570796  -0.523599  -1.570796   1.570796  -0.523599   1.570796  -0.319186  -0.261799  -1.570796   0.523599   1.570796  -1.570796   0.523599  -1.570796  -0.319186   0.261799   1.570796  -0.523599  -1.570796   1.570796  -0.523599   1.570796   0.319186  -0.261799  -1.570796   0.523599   1.570796  -1.570796   0.523599  -1.570796   0.319186
  0.169   0.261799   1.570796  -0.523599  -1.570796   1.570796  -0.523599   1.570796  -0.321500  -0.261799  -1.570796   0.523599   1.570796  -1.570796   0.523599  -1.570796  -0.321500   0.261799   1.570796  -0.523599  -1.570796   1.570796  -0.523599   1.570796   0.321500  -0.261799  -1.570796   0.523599   1.570796  -1.570796   0.523599  -1.570796   0.321500
  0.170   0.261799   1.570796  -0.523599  -1.570796   1.570796  -0.523599   1.570796  -0.323788  -0.261799  -1.570796   0.523599   1.570796  -1.570796   0.523599  -1.570796  -0.323788   0.261799   1.570796  -0.523599  -1.570796   1.570796  -0.523599   1.570796   0.323788  -0.261799  -1.570796   0.523599   1.570796  -1.570796   0.523599  -1.570796   0.323788
  0.171   0.261799   1.570796  -0.523599  -1.570796   1.570796  -0.523599   1.570796  -0.326048  -0.261799  -1.570796   0.523599   1.570796  -1.570796   0.523599  -1.570796  -0.326048   0.261799   1.570796  -0.523599  -1.570796   1.570796  -0.523599   1.570796   0.326048  -0.261799  -1.570796   0.523599   1.570796  -1.570796   0.523599  -1.570796   0.326048
  0.172   0.261799   1.570796  -0.523599  -1.570796   1.570796  -0.523599   1.570796  -0.328277  -0.261799  -1.570796   0.523599   1.570796  -1.570796   0.523599  -1.570796  -0.328277   0.261799   1.570796  -0.523599  -1.570796   1.570796  -0.523599   1.570796   0.328277  -0.261799  -1.570796   0.523599   1.570796  -1.570796   0.523599  -1.570796   0.328277
  0.173   0.261799   1.570796  -0.523599  -1.570796   1.570796  -0.523599   1.570796  -0.330472  -0.261799  -1.570796   0.523599   1.570796  -1.570796   0.523599  -1.570796  -0.330472   0.261799   1.570796  -0.523599  -1.570796   1.570796  -0.523599   1.570796   0.330472  -0.261799  -1.570796   0.523599   1.570796  -1.570796   0.523599  -1.570796   0.330472
  0.174   0.261799   1.570796  -0.523599  -1.570796   1.570796  -0.523599   1.570796  -0.332633  -0.261799  -1.570796   0.523599   1.570796  -1.570796   0.523599  -1.570796  -0.332633   0.261799   1.570796  -0.523599  -1.570796   1.570796  -0.523599   1.570796   0.332633  -0.261799  -1.570796   0.523599   1.570796  -1.570796   0.523599  -1.570796   0.332633
  0.175   0.261799   1.570796  -0.523599  -1.570796   1.570796  -0.523599   1.570796  -0.334766  -0.261799  -1.570796   0.523599   1.570796  -1.570796   0.523599  -1.570796  -0.334766   0.261799   1.570796  -0.523599  -1.570796   1.570796  -0.523599   1.570796   0.334766  -0.261799  -1.570796   0.523599   1.570796  -1.570796   0.523599  -1.570796   0.334766
  0.176   0.261799   1.570796  -0.523599  -1.570796   1.570796  -0.523599   1.570796  -0.336869  -0.261799  -1.570796   0.523599   1.570796  -1.570796   0.523599  -1.570796  -0.336869   0.261799   1.570796  -0.523599  -1.570796   1.570796  -0.523599   1.570796   0.336869  -0.261799  -1.570796   0.523599   1.570796  -1.570796   0.523599  -1.570796   0.336869
  0.177   0.261799   1.570796  -0.523599  -1.570796   1.570796  -0.523599   1.570796  -0.338939  -0.261799  -1.570796   0.523599   1.570796  -1.570796   0.523599  -1.570796  -0.338939   0.261799   1.570796  -0.523599  -1.570796   1.570796  -0.523599   1.570796   0.338939  -0.261799  -1.570796   0.523599   1.570796  -1.570796   0.523599  -1.570796   0.338939
  0.178   0.261799   1.570796  -0.523599  -1.570796   1.570796  -0.523599   1.570796  -0.340974  -0.261799  -1.570796   0.523599   1.570796  -1.570796   0.523599  -1.570796  -0.340974   0.261799   1.570796  -0.523599  -1.570796   1.570796  -0.523599   1.570796   0.340974  -0.261799  -1.570796   0.523599   1.570796  -1.570796   0.523599  -1.570796   0.340974
  0.179   0.261799   1.570796  -0.523599  -1.570796   1.570796  -0.523599   1.570796  -0.342971  -0.261799  -1.570796   0.523599   1.570796  -1.570796   0.523599  -1.570796  -0.342971   0.261799   1.570796  -0.523599  -1.570796   1.570796  -0.523599   1.570796   0.342971  -0.261799  -1.570796   0.523599   1.570796  -1.570796   0.523599  -1.570796   0.342971
  0.180   0.261799   1.570796  -0.523599  -1.570796   1.570796  -0.523599   1.570796  -0.344939  -0.261799  -1.570796   0.523599   1.570796  -1.570796   0.523599  -1.570796  -0.344939   0.261799   1.570796  -0.523599  -1.570796   1.570796  -0.523599   1.570796   0.344939  -0.261799  -1.570796   0.523599   1.570796  -1.570796   0.523599  -1.570796   0.344939
  0.181   0.261799   1.570796  -0.523599  -1.570796   1.570796  -0.523599   1.570796  -0.346875  -0.261799  -1.570796   0.523599   1.570796  -1.570796   0.523599  -1.570796  -0.346875   0.261799   1.570796  -0.523599  -1.570796   1.570796  -0.523599   1.570796   0.346875  -0.261799  -1.570796   0.523599   1.570796  -1.570796   0.523599  -1.570796   0.346875
  0.182   0.261799   1.570796  -0.523599  -1.570796   1.570796  -0.523599   1.570796  -0.348776  -0.261799  -1.570796   0.523599   1.570796  -1.570796   0.523599  -1.570796  -0.348776   0.261799   1.570796  -0.523599  -1.570796   1.570796  -0.523599   1.570796   0.348776  -0.261799  -1.570796   0.523599   1.570796  -1.570796   0.523599  -1.570796   0.348776
  0.183   0.261799   1.570796  -0.523599  -1.570796   1.570796  -0.523599   1.570796  -0.350641  -0.261799  -1.570796   0.523599   1.570796  -1.570796   0.523599  -1.570796  -0.350641   0.261799   1.570796  -0.523599  -1.570796   1.570796  -0.523599   1.570796   0.350641  -0.261799  -1.570796   0.523599   1.570796  -1.570796   0.523599  -1.570796   0.350641
  0.184   0.261799   1.570796  -0.523599  -1.570796   1.570796  -0.523599   1.570796  -0.352467  -0.261799  -1.570796   0.523599   1.570796  -1.570796   0.523599  -1.570796  -0.352467   0.261799   1.570796  -0.523599  -1.570796   1.570796  -0.523599   1.570796   0.352467  -0.261799  -1.570796   0.523599   1.570796  -1.570796   0.523599  -1.570796   0.352467
  0.185   0.261799   1.570796  -0.523599  -1.570796   1.570796  -0.523599   1.570796  -0.354261  -0.261799  -1.570796   0.523599   1.570796  -1.570796   0.523599  -1.570796  -0.354261   0.261799   1.570796  -0.523599  -1.570796   1.570796  -0.523599   1.570796   0.354261  -0.261799  -1.570796   0.523599   1.570796  -1.570796   0.523599  -1.570796   0.354261
  0.186   0.261799   1.570796  -0.523599  -1.570796   1.570796  -0.523599   1.570796  -0.356022  -0.261799  -1.570796   0.523599   1.570796  -1.570796   0.523599  -1.570796  -0.356022   0.261799   1.570796  -0.523599  -1.570796   1.570796  -0.523599   1.570796   0.356022  -0.261799  -1.570796   0.523599   1.570796  -1.570796   0.523599  -1.570796   0.356022
  0.187   0.261799   1.570796  -0.523599  -1.570796   1.570796  -0.523599   1.570796  -0.357748  -0.261799  -1.570796   0.523599   1.570796  -1.570796   0.523599  -1.570796  -0.357748   0.261799   1.570796  -0.523599  -1.570796   1.570796  -0.523599   1.570796   0.357748  -0.261799  -1.570796   0.523599   1.570796  -1.570796   0.523599  -1.570796   0.357748
  0.188   0.261799   1.570796  -0.523599  -1.570796   1.570796  -0.523599   1.570796  -0.359436  -0.261799  -1.570796   0.523599   1.570796  -1.570796   0.523599  -1.570796  -0.359436   0.261799   1.570796  -0.523599  -1.570796   1.570796  -0.523599   1.570796   0.359436  -0.261799  -1.570796   0.523599   1.570796  -1.570796   0.523599  -1.570796   0.359436
  0.189   0.261799   1.570796  -0.523599  -1.570796   1.570796  -0.523599   1.570796  -0.361083  -0.261799  -1.570796   0.523599   1.570796  -1.570796   0.523599  -1.570796  -0.361083   0.261799   1.570796  -0.523599  -1.570796   1.570796  -0.523599   1.570796   0.361083  -0.261799  -1.570796   0.523599   1.570796  -1.570796   0.523599  -1.570796   0.361083
  0.190   0.261799   1.570796  -0.523599  -1.570796   1.570796  -0.523599   1.570796  -0.362697  -0.261799  -1.570796   0.523599   1.570796  -1.570796   0.523599  -1.570796  -0.362697   0.261799   1.570796  -0.523599  -1.570796   1.570796  -0.523599   1.570796   0.362697  -0.261799  -1.570796   0.523599   1.570796  -1.570796   0.523599  -1.570796   0.362697
  0.191   0.261799   1.570796  -0.523599  -1.570796   1.570796  -0.523599   1.570796  -0.364277  -0.261799  -1.570796   0.523599   1.570796  -1.570796   0.523599  -1.570796  -0.364277   0.261799   1.570796  -0.523599  -1.570796   1.570796  -0.523599   1.570796   0.364277  -0.261799  -1.570796   0.523599   1.570796  -1.570796   0.523599  -1.570796   0.364277
  0.192   0.261799   1.570796  -0.523599  -1.570796   1.570796  -0.523599   1.570796  -0.365823  -0.261799  -1.570796   0.523599   1.570796  -1.570796   0.523599  -1.570796  -0.365823   0.261799   1.570796  -0.523599  -1.570796   1.570796  -0.523599   1.570796   0.365823  -0.261799  -1.570796   0.523599   1.570796  -1.570796   0.523599  -1.570796   0.365823
  0.193   0.261799   1.570796  -0.523599  -1.570796   1.570796  -0.523599   1.570796  -0.367329  -0.261799  -1.570796   0.523599   1.570796  -1.570796   0.523599  -1.570796  -0.367329   0.261799   1.570796  -0.523599  -1.570796   1.570796  -0.523599   1.570796   0.367329  -0.261799  -1.570796   0.523599   1.570796  -1.570796   0.523599  -1.570796   0.367329
  0.194   0.261799   1.570796  -0.523599  -1.570796   1.570796  -0.523599   1.570796  -0.368794  -0.261799  -1.570796   0.523599   1.570796  -1.570796   0.523599  -1.570796  -0.368794   0.261799   1.570796  -0.523599  -1.570796   1.570796  -0.523599   1.570796   0.368794  -0.261799  -1.570796   0.523599   1.570796  -1.570796   0.523599  -1.570796   0.368794
  0.195   0.261799   1.570796  -0.523599  -1.570796   1.570796  -0.523599   1.570796  -0.370223  -0.261799  -1.570796   0.523599   1.570796  -1.570796   0.523599  -1.570796  -0.370223   0.261799   1.570796  -0.523599  -1.570796   1.570796  -0.523599   1.570796   0.370223  -0.261799  -1.570796   0.523599   1.570796  -1.570796   0.523599  -1.570796   0.370223
  0.196   0.261799   1.570796  -0.523599  -1.570796   1.570796  -0.523599   1.570796  -0.371620  -0.261799  -1.570796   0.523599   1.570796  -1.570796   0.523599  -1.570796  -0.371620   0.261799   1.570796  -0.523599  -1.570796   1.570796  -0.523599   1.570796   0.371620  -0.261799  -1.570796   0.523599   1.570796  -1.570796   0.523599  -1.570796   0.371620
  0.197   0.261799   1.570796  -0.523599  -1.570796   1.570796  -0.523599   1.570796  -0.372982  -0.261799  -1.570796   0.523599   1.570796  -1.570796   0.523599  -1.570796  -0.372982   0.261799   1.570796  -0.523599  -1.570796   1.570796  -0.523599   1.570796   0.372982  -0.261799  -1.570796   0.523599   1.570796  -1.570796   0.523599  -1.570796   0.372982
  0.198   0.261799   1.570796  -0.523599  -1.570796   1.570796  -0.523599   1.570796  -0.374304  -0.261799  -1.570796   0.523599   1.570796  -1.570796   0.523599  -1.570796  -0.374304   0.261799   1.570796  -0.523599  -1.570796   1.570796  -0.523599   1.570796   0.374304  -0.261799  -1.570796   0.523599   1.570796  -1.570796   0.523599  -1.570796   0.374304
  0.199   0.261799   1.570796  -0.523599  -1.570796   1.570796  -0.523599   1.570796  -0.375585  -0.261799  -1.570796   0.523599   1.570796  -1.570796   0.523599  -1.570796  -0.375585   0.261799   1.570796  -0.523599  -1.570796   1.570796  -0.523599   1.570796   0.375585  -0.261799  -1.570796   0.523599   1.570796  -1.570796   0.523599  -1.570796   0.375585
  0.200   0.261799   1.570796  -0.523599  -1.570796   1.570796  -0.523599   1.570796  -0.376829  -0.261799  -1.570796   0.523599   1.570796  -1.570796   0.523599  -1.570796  -0.376829   0.261799   1.570796  -0.523599  -1.570796   1.570796  -0.523599   1.570796   0.376829  -0.261799  -1.570796   0.523599   1.570796  -1.570796   0.523599  -1.570796   0.376829
  0.201   0.261799   1.570796  -0.523599  -1.570796   1.570796  -0.523599   1.570796  -0.378041  -0.261799  -1.570796   0.523599   1.570796  -1.570796   0.523599  -1.570796  -0.378041   0.261799   1.570796  -0.523599  -1.570796   1.570796  -0.523599   1.570796   0.378041  -0.261799  -1.570796   0.523599   1.570796  -1.570796   0.523599  -1.570796   0.378041
  0.202   0.261799   1.570796  -0.523599  -1.570796   1.570796  -0.523599   1.570796  -0.379218  -0.261799  -1.570796   0.523599   1.570796  -1.570796   0.523599  -1.570796  -0.379218   0.261799   1.570796  -0.523599  -1.570796   1.570796  -0.523599   1.570796   0.379218  -0.261799  -1.570796   0.523599   1.570796  -1.570796   0.523599  -1.570796   0.379218
  0.203   0.261799   1.570796  -0.523599  -1.570796   1.570796  -0.523599   1.570796  -0.380357  -0.261799  -1.570796   0.523599   1.570796  -1.570796   0.523599  -1.570796  -0.380357   0.261799   1.570796  -0.523599  -1.570796   1.570796  -0.523599   1.570796   0.380357  -0.261799  -1.570796   0.523599   1.570796  -1.570796   0.523599  -1.570796   0.380357
  0.204   0.261799   1.570796  -0.523599  -1.570796   1.570796  -0.523599   1.570796  -0.381454  -0.261799  -1.570796   0.523599   1.570796  -1.570796   0.523599  -1.570796  -0.381454   0.261799   1.570796  -0.523599  -1.570796   1.570796  -0.523599   1.570796   0.381454  -0.261799  -1.570796   0.523599   1.570796  -1.570796   0.523599  -1.570796   0.381454
  0.205   0.261799   1.570796  -0.523599  -1.570796   1.570796  -0.523599   1.570796  -0.382514  -0.261799  -1.570796   0.523599   1.570796  -1.570796   0.523599  -1.570796  -0.382514   0.261799   1.570796  -0.523599  -1.570796   1.570796  -0.523599   1.570796   0.382514  -0.261799  -1.570796   0.523599   1.570796  -1.570796   0.523599  -1.570796   0.382514
  0.206   0.261799   1.570796  -0.523599  -1.570796   1.570796  -0.523599   1.570796  -0.383543  -0.261799  -1.570796   0.523599   1.570796  -1.570796   0.523599  -1.570796  -0.383543   0.261799   1.570796  -0.523599  -1.570796   1.570796  -0.523599   1.570796   0.383543  -0.261799  -1.570796   0.523599   1.570796  -1.570796   0.523599  -1.570796   0.383543
  0.207   0.261799   1.570796  -0.523599  -1.570796   1.570796  -0.523599   1.570796  -0.384538  -0.261799  -1.570796   0.523599   1.570796  -1.570796   0.523599  -1.570796  -0.384538   0.261799   1.570796  -0.523599  -1.570796   1.570796  -0.523599   1.570796   0.384538  -0.261799  -1.570796   0.523599   1.570796  -1.570796   0.523599  -1.570796   0.384538
  0.208   0.261799   1.570796  -0.523599  -1.570796   1.570796  -0.523599   1.570796  -0.385496  -0.261799  -1.570796   0.523599   1.570796  -1.570796   0.523599  -1.570796  -0.385496   0.261799   1.570796  -0.523599  -1.570796   1.570796  -0.523599   1.570796   0.385496  -0.261799  -1.570796   0.523599   1.570796  -1.570796   0.523599  -1.570796   0.385496
  0.209   0.261799   1.570796  -0.523599  -1.570796   1.570796  -0.523599   1.570796  -0.386413  -0.261799  -1.570796   0.523599   1.570796  -1.570796   0.523599  -1.570796  -0.386413   0.261799   1.570796  -0.523599  -1.570796   1.570796  -0.523599   1.570796   0.386413  -0.261799  -1.570796   0.523599   1.570796  -1.570796   0.523599  -1.570796   0.386413
  0.210   0.261799   1.570796  -0.523599  -1.570796   1.570796  -0.523599   1.570796  -0.387293  -0.261799  -1.570796   0.523599   1.570796  -1.570796   0.523599  -1.570796  -0.387293   0.261799   1.570796  -0.523599  -1.570796   1.570796  -0.523599   1.570796   0.387293  -0.261799  -1.570796   0.523599   1.570796  -1.570796   0.523599  -1.570796   0.387293
  0.211   0.261799   1.570796  -0.523599  -1.570796   1.570796  -0.523599   1.570796  -0.388144  -0.261799  -1.570796   0.523599   1.570796  -1.570796   0.523599  -1.570796  -0.388144   0.261799   1.570796  -0.523599  -1.570796   1.570796  -0.523599   1.570796   0.388144  -0.261799  -1.570796   0.523599   1.570796  -1.570796   0.523599  -1.570796   0.388144
  0.212   0.261799   1.570796  -0.523599  -1.570796   1.570796  -0.523599   1.570796  -0.388962  -0.261799  -1.570796   0.523599   1.570796  -1.570796   0.523599  -1.570796  -0.388962   0.261799   1.570796  -0.523599  -1.570796   1.570796  -0.523599   1.570796   0.388962  -0.261799  -1.570796   0.523599   1.570796  -1.570796   0.523599  -1.570796   0.388962
  0.213   0.261799   1.570796  -0.523599  -1.570796   1.570796  -0.523599   1.570796  -0.389745  -0.261799  -1.570796   0.523599   1.570796  -1.570796   0.523599  -1.570796  -0.389745   0.261799   1.570796  -0.523599  -1.570796   1.570796  -0.523599   1.570796   0.389745  -0.261799  -1.570796   0.523599   1.570796  -1.570796   0.523599  -1.570796   0.389745
  0.214   0.261799   1.570796  -0.523599  -1.570796   1.570796  -0.523599   1.570796  -0.390489  -0.261799  -1.570796   0.523599   1.570796  -1.570796   0.523599  -1.570796  -0.390489   0.261799   1.570796  -0.523599  -1.570796   1.570796  -0.523599   1.570796   0.390489  -0.261799  -1.570796   0.523599   1.570796  -1.570796   0.523599  -1.570796   0.390489
  0.215   0.261799   1.570796  -0.523599  -1.570796   1.570796  -0.523599   1.570796  -0.391196  -0.261799  -1.570796   0.523599   1.570796  -1.570796   0.523599  -1.570796  -0.391196   0.261799   1.570796  -0.523599  -1.570796   1.570796  -0.523599   1.570796   0.391196  -0.261799  -1.570796   0.523599   1.570796  -1.570796   0.523599  -1.570796   0.391196
  0.216   0.261799   1.570796  -0.523599  -1.570796   1.570796  -0.523599   1.570796  -0.391876  -0.261799  -1.570796   0.523599   1.570796  -1.570796   0.523599  -1.570796  -0.391876   0.261799   1.570796  -0.523599  -1.570796   1.570796  -0.523599   1.570796   0.391876  -0.261799  -1.570796   0.523599   1.570796  -1.570796   0.523599  -1.570796   0.391876
  0.217   0.261799   1.570796  -0.523599  -1.570796   1.570796  -0.523599   1.570796  -0.392527  -0.261799  -1.570796   0.523599   1.570796  -1.570796   0.523599  -1.570796  -0.392527   0.261799   1.570796  -0.523599  -1.570796   1.570796  -0.523599   1.570796   0.392527  -0.261799  -1.570796   0.523599   1.570796  -1.570796   0.523599  -1.570796   0.392527
  0.218   0.261799   1.570796  -0.523599  -1.570796   1.570796  -0.523599   1.570796  -0.393144  -0.261799  -1.570796   0.523599   1.570796  -1.570796   0.523599  -1.570796  -0.393144   0.261799   1.570796  -0.523599  -1.570796   1.570796  -0.523599   1.570796   0.393144  -0.261799  -1.570796   0.523599   1.570796  -1.570796   0.523599  -1.570796   0.393144
  0.219   0.261799   1.570796  -0.523599  -1.570796   1.570796  -0.523599   1.570796  -0.393724  -0.261799  -1.570796   0.523599   1.570796  -1.570796   0.523599  -1.570796  -0.393724   0.261799   1.570796  -0.523599  -1.570796   1.570796  -0.523599   1.570796   0.393724  -0.261799  -1.570796   0.523599   1.570796  -1.570796   0.523599  -1.570796   0.393724
  0.220   0.261799   1.570796  -0.523599  -1.570796   1.570796  -0.523599   1.570796  -0.394269  -0.261799  -1.570796   0.523599   1.570796  -1.570796   0.523599  -1.570796  -0.394269   0.261799   1.570796  -0.523599  -1.570796   1.570796  -0.523599   1.570796   0.394269  -0.261799  -1.570796   0.523599   1.570796  -1.570796   0.523599  -1.570796   0.394269
  0.221   0.261799   1.570796  -0.523599  -1.570796   1.570796  -0.523599   1.570796  -0.394789  -0.261799  -1.570796   0.523599   1.570796  -1.570796   0.523599  -1.570796  -0.394789   0.261799   1.570796  -0.523599  -1.570796   1.570796  -0.523599   1.570796   0.394789  -0.261799  -1.570796   0.523599   1.570796  -1.570796   0.523599  -1.570796   0.394789
  0.222   0.261799   1.570796  -0.523599  -1.570796   1.570796  -0.523599   1.570796  -0.395283  -0.261799  -1.570796   0.523599   1.570796  -1.570796   0.523599  -1.570796  -0.395283   0.261799   1.570796  -0.523599  -1.570796   1.570796  -0.523599   1.570796   0.395283  -0.261799  -1.570796   0.523599   1.570796  -1.570796   0.523599  -1.570796   0.395283
  0.223   0.261799   1.570796  -0.523599  -1.570796   1.570796  -0.523599   1.570796  -0.395746  -0.261799  -1.570796   0.523599   1.570796  -1.570796   0.523599  -1.570796  -0.395746   0.261799   1.570796  -0.523599  -1.570796   1.570796  -0.523599   1.570796   0.395746  -0.261799  -1.570796   0.523599   1.570796  -1.570796   0.523599  -1.570796   0.395746
  0.224   0.261799   1.570796  -0.523599  -1.570796   1.570796  -0.523599   1.570796  -0.396177  -0.261799  -1.570796   0.523599   1.570796  -1.570796   0.523599  -1.570796  -0.396177   0.261799   1.570796  -0.523599  -1.570796   1.570796  -0.523599   1.570796   0.396177  -0.261799  -1.570796   0.523599   1.570796  -1.570796   0.523599  -1.570796   0.396177
  0.225   0.261799   1.570796  -0.523599  -1.570796   1.570796  -0.523599   1.570796  -0.396573  -0.261799  -1.570796   0.523599   1.570796  -1.570796   0.523599  -1.570796  -0.396573   0.261799   1.570796  -0.523599  -1.570796   1.570796  -0.523599   1.570796   0.396573  -0.261799  -1.570796   0.523599   1.570796  -1.570796   0.523599  -1.570796   0.396573
  0.226   0.261799   1.570796  -0.523599  -1.570796   1.570796  -0.523599   1.570796  -0.396947  -0.261799  -1.570796   0.523599   1.570796  -1.570796   0.523599  -1.570796  -0.396947   0.261799   1.570796  -0.523599  -1.570796   1.570796  -0.523599   1.570796   0.396947  -0.261799  -1.570796   0.523599   1.570796  -1.570796   0.523599  -1.570796   0.396947
  0.227   0.261799   1.570796  -0.523599  -1.570796   1.570796  -0.523599   1.570796  -0.397299  -0.261799  -1.570796   0.523599   1.570796  -1.570796   0.523599  -1.570796  -0.397299   0.261799   1.570796  -0.523599  -1.570796   1.570796  -0.523599   1.570796   0.397299  -0.261799  -1.570796   0.523599   1.570796  -1.570796   0.523599  -1.570796   0.397299
  0.228   0.261799   1.570796  -0.523599  -1.570796   1.570796  -0.523599   1.570796  -0.397626  -0.261799  -1.570796   0.523599   1.570796  -1.570796   0.523599  -1.570796  -0.397626   0.261799   1.570796  -0.523599  -1.570796   1.570796  -0.523599   1.570796   0.397626  -0.261799  -1.570796   0.523599   1.570796  -1.570796   0.523599  -1.570796   0.397626
  0.229   0.261799   1.570796  -0.523599  -1.570796   1.570796  -0.523599   1.570796  -0.397922  -0.261799  -1.570796   0.523599   1.570796  -1.570796   0.523599  -1.570796  -0.397922   0.261799   1.570796  -0.523599  -1.570796   1.570796  -0.523599   1.570796   0.397922  -0.261799  -1.570796   0.523599   1.570796  -1.570796   0.523599  -1.570796   0.397922
  0.230   0.261799   1.570796  -0.523599  -1.570796   1.570796  -0.523599   1.570796  -0.398187  -0.261799  -1.570796   0.523599   1.570796  -1.570796   0.523599  -1.570796  -0.398187   0.261799   1.570796  -0.523599  -1.570796   1.570796  -0.523599   1.570796   0.398187  -0.261799  -1.570796   0.523599   1.570796  -1.570796   0.523599  -1.570796   0.398187
  0.231   0.261799   1.570796  -0.523599  -1.570796   1.570796  -0.523599   1.570796  -0.398434  -0.261799  -1.570796   0.523599   1.570796  -1.570796   0.523599  -1.570796  -0.398434   0.261799   1.570796  -0.523599  -1.570796   1.570796  -0.523599   1.570796   0.398434  -0.261799  -1.570796   0.523599   1.570796  -1.570796   0.523599  -1.570796   0.398434
  0.232   0.261799   1.570796  -0.523599  -1.570796   1.570796  -0.523599   1.570796  -0.398663  -0.261799  -1.570796   0.523599   1.570796  -1.570796   0.523599  -1.570796  -0.398663   0.261799   1.570796  -0.523599  -1.570796   1.570796  -0.523599   1.570796   0.398663  -0.261799  -1.570796   0.523599   1.570796  -1.570796   0.523599  -1.570796   0.398663
  0.233   0.261799   1.570796  -0.523599  -1.570796   1.570796  -0.523599   1.570796  -0.398871  -0.261799  -1.570796   0.523599   1.570796  -1.570796   0.523599  -1.570796  -0.398871   0.261799   1.570796  -0.523599  -1.570796   1.570796  -0.523599   1.570796   0.398871  -0.261799  -1.570796   0.523599   1.570796  -1.570796   0.523599  -1.570796   0.398871
  0.234   0.261799   1.570796  -0.523599  -1.570796   1.570796  -0.523599   1.570796  -0.399054  -0.261799  -1.570796   0.523599   1.570796  -1.570796   0.523599  -1.570796  -0.399054   0.261799   1.570796  -0.523599  -1.570796   1.570796  -0.523599   1.570796   0.399054  -0.261799  -1.570796   0.523599   1.570796  -1.570796   0.523599  -1.570796   0.399054
  0.235   0.261799   1.570796  -0.523599  -1.570796   1.570796  -0.523599   1.570796  -0.399209  -0.261799  -1.570796   0.523599   1.570796  -1.570796   0.523599  -1.570796  -0.399209   0.261799   1.570796  -0.523599  -1.570796   1.570796  -0.523599   1.570796   0.399209  -0.261799  -1.570796   0.523599   1.570796  -1.570796   0.523599  -1.570796   0.399209
  0.236   0.261799   1.570796  -0.523599  -1.570796   1.570796  -0.523599   1.570796  -0.399350  -0.261799  -1.570796   0.523599   1.570796  -1.570796   0.523599  -1.570796  -0.399350   0.261799   1.570796  -0.523599  -1.570796   1.570796  -0.523599   1.570796   0.399350  -0.261799  -1.570796   0.523599   1.570796  -1.570796   0.523599  -1.570796   0.399350
  0.237   0.261799   1.570796  -0.523599  -1.570796   1.570796  -0.523599   1.570796  -0.399479  -0.261799  -1.570796   0.523599   1.570796  -1.570796   0.523599  -1.570796  -0.399479   0.261799   1.570796  -0.523599  -1.570796   1.570796  -0.523599   1.570796   0.399479  -0.261799  -1.570796   0.523599   1.570796  -1.570796   0.523599  -1.570796   0.399479
  0.238   0.261799   1.570796  -0.523599  -1.570796   1.570796  -0.523599   1.570796  -0.399592  -0.261799  -1.570796   0.523599   1.570796  -1.570796   0.523599  -1.570796  -0.399592   0.261799   1.570796  -0.523599  -1.570796   1.570796  -0.523599   1.570796   0.399592  -0.261799  -1.570796   0.523599   1.570796  -1.570796   0.523599  -1.570796   0.399592
  0.239   0.261799   1.570796  -0.523599  -1.570796   1.570796  -0.523599   1.570796  -0.399686  -0.261799  -1.570796   0.523599   1.570796  -1.570796   0.523599  -1.570796  -0.399686   0.261799   1.570796  -0.523599  -1.570796   1.570796  -0.523599   1.570796   0.399686  -0.261799  -1.570796   0.523599   1.570796  -1.570796   0.523599  -1.570796   0.399686
  0.240   0.261799   1.570796  -0.523599  -1.570796   1.570796  -0.523599   1.570796  -0.399757  -0.261799  -1.570796   0.523599   1.570796  -1.570796   0.523599  -1.570796  -0.399757   0.261799   1.570796  -0.523599  -1.570796   1.570796  -0.523599   1.570796   0.399757  -0.261799  -1.570796   0.523599   1.570796  -1.570796   0.523599  -1.570796   0.399757
  0.241   0.261799   1.570796  -0.523599  -1.570796   1.570796  -0.523599   1.570796  -0.399818  -0.261799  -1.570796   0.523599   1.570796  -1.570796   0.523599  -1.570796  -0.399818   0.261799   1.570796  -0.523599  -1.570796   1.570796  -0.523599   1.570796   0.399818  -0.261799  -1.570796   0.523599   1.570796  -1.570796   0.523599  -1.570796   0.399818
  0.242   0.261799   1.570796  -0.523599  -1.570796   1.570796  -0.523599   1.570796  -0.399872  -0.261799  -1.570796   0.523599   1.570796  -1.570796   0.523599  -1.570796  -0.399872   0.261799   1.570796  -0.523599  -1.570796   1.570796  -0.523599   1.570796   0.399872  -0.261799  -1.570796   0.523599   1.570796  -1.570796   0.523599  -1.570796   0.399872
  0.243   0.261799   1.570796  -0.523599  -1.570796   1.570796  -0.523599   1.570796  -0.399917  -0.261799  -1.570796   0.523599   1.570796  -1.570796   0.523599  -1.570796  -0.399917   0.261799   1.570796  -0.523599  -1.570796   1.570796  -0.523599   1.570796   0.399917  -0.261799  -1.570796   0.523599   1.570796  -1.570796   0.523599  -1.570796   0.399917
  0.244   0.261799   1.570796  -0.523599  -1.570796   1.570796  -0.523599   1.570796  -0.399950  -0.261799  -1.570796   0.523599   1.570796  -1.570796   0.523599  -1.570796  -0.399950   0.261799   1.570796  -0.523599  -1.570796   1.570796  -0.523599   1.570796   0.399950  -0.261799  -1.570796   0.523599   1.570796  -1.570796   0.523599  -1.570796   0.399950
  0.245   0.261799   1.570796  -0.523599  -1.570796   1.570796  -0.523599   1.570796  -0.399968  -0.261799  -1.570796   0.523599   1.570796  -1.570796   0.523599  -1.570796  -0.399968   0.261799   1.570796  -0.523599  -1.570796   1.570796  -0.523599   1.570796   0.399968  -0.261799  -1.570796   0.523599   1.570796  -1.570796   0.523599  -1.570796   0.399968
  0.246   0.261799   1.570796  -0.523599  -1.570796   1.570796  -0.523599   1.570796  -0.399979  -0.261799  -1.570796   0.523599   1.570796  -1.570796   0.523599  -1.570796  -0.399979   0.261799   1.570796  -0.523599  -1.570796   1.570796  -0.523599   1.570796   0.399979  -0.261799  -1.570796   0.523599   1.570796  -1.570796   0.523599  -1.570796   0.399979
  0.247   0.261799   1.570796  -0.523599  -1.570796   1.570796  -0.523599   1.570796  -0.399987  -0.261799  -1.570796   0.523599   1.570796  -1.570796   0.523599  -1.570796  -0.399987   0.261799   1.570796  -0.523599  -1.570796   1.570796  -0.523599   1.570796   0.399987  -0.261799  -1.570796   0.523599   1.570796  -1.570796   0.523599  -1.570796   0.399987
  0.248   0.261799   1.570796  -0.523599  -1.570796   1.570796  -0.523599   1.570796  -0.399994  -0.261799  -1.570796   0.523599   1.570796  -1.570796   0.523599  -1.570796  -0.399994   0.261799   1.570796  -0.523599  -1.570796   1.570796  -0.523599   1.570796   0.399994  -0.261799  -1.570796   0.523599   1.570796  -1.570796   0.523599  -1.570796   0.399994
  0.249   0.261799   1.570796  -0.523599  -1.570796   1.570796  -0.523599   1.570796  -0.399998  -0.261799  -1.570796   0.523599   1.570796  -1.570796   0.523599  -1.570796  -0.399998   0.261799   1.570796  -0.523599  -1.570796   1.570796  -0.523599   1.570796   0.399998  -0.261799  -1.570796   0.523599   1.570796  -1.570796   0.523599  -1.570796   0.399998
  0.250   0.261799   1.570796  -0.523599  -1.570796   1.570796  -0.523599   1.570796  -0.400000  -0.261799  -1.570796   0.523599   1.570796  -1.570796   0.523599  -1.570796  -0.400000   0.261799   1.570796  -0.523599  -1.570796   1.570796  -0.523599   1.570796   0.400000  -0.261799  -1.570796   0.523599   1.570796  -1.570796   0.523599  -1.570796   0.400000
