  0.000   0.261799   1.570796  -0.523599  -1.570796   1.570796  -0.523599   1.570796  -0.399967  -0.261799  -1.570796   0.523599   1.570796  -1.570796   0.523599  -1.570796  -0.399967   0.261799   1.570796  -0.523599  -1.570796   1.570796  -0.523599   1.570796   0.399967  -0.261799  -1.570796   0.523599   1.570796  -1.570796   0.523599  -1.570796   0.399967
  0.001   0.261799   1.570796  -0.523599  -1.570796   1.570796  -0.523599   1.570796  -0.399949  -0.261799  -1.570796   0.523599   1.570796  -1.570796   0.523599  -1.570796  -0.399949   0.261799   1.570796  -0.523599  -1.570796   1.570796  -0.523599   1.570796   0.399949  -0.261799  -1.570796   0.523599   1.570796  -1.570796   0.523599  -1.570796   0.399949
  0.002   0.261799   1.570796  -0.523599  -1.570796   1.570796  -0.523599   1.570796  -0.399915  -0.261799  -1.570796   0.523599   1.570796  -1.570796   0.523599  -1.570796  -0.399915   0.261799   1.570796  -0.523599  -1.570796   1.570796  -0.523599   1.570796   0.399915  -0.261799  -1.570796   0.523599   1.570796  -1.570796   0.523599  -1.570796   0.399915
  0.003   0.261799   1.570796  -0.523599  -1.570796   1.570796  -0.523599   1.570796  -0.399868  -0.261799  -1.570796   0.523599   1.570796  -1.570796   0.523599  -1.570796  -0.399868   0.261799   1.570796  -0.523599  -1.570796   1.570796  -0.523599   1.570796   0.399868  -0.261799  -1.570796   0.523599   1.570796  -1.570796   0.523599  -1.570796   0.399868
  0.004   0.261799   1.570796  -0.523599  -1.570796   1.570796  -0.523599   1.570796  -0.399812  -0.261799  -1.570796   0.523599   1.570796  -1.570796   0.523599  -1.570796  -0.399812   0.261799   1.570796  -0.523599  -1.570796   1.570796  -0.523599   1.570796   0.399812  -0.261799  -1.570796   0.523599   1.570796  -1.570796   0.523599  -1.570796   0.399812
  0.005   0.261799   1.570796  -0.523599  -1.570796   1.570796  -0.523599   1.570796  -0.399751  -0.261799  -1.570796   0.523599   1.570796  -1.570796   0.523599  -1.570796  -0.399751   0.261799   1.570796  -0.523599  -1.570796   1.570796  -0.523599   1.570796   0.399751  -0.261799  -1.570796   0.523599   1.570796  -1.570796   0.523599  -1.570796   0.399751
  0.006   0.261799   1.570796  -0.523599  -1.570796   1.570796  -0.523599   1.570796  -0.399678  -0.261799  -1.570796   0.523599   1.570796  -1.570796   0.523599  -1.570796  -0.399678   0.261799   1.570796  -0.523599  -1.570796   1.570796  -0.523599   1.570796   0.399678  -0.261799  -1.570796   0.523599   1.570796  -1.570796   0.523599  -1.570796   0.399678
  0.007   0.261799   1.570796  -0.523599  -1.570796   1.570796  -0.523599   1.570796  -0.399582  -0.261799  -1.570796   0.523599   1.570796  -1.570796   0.523599  -1.570796  -0.399582   0.261799   1.570796  -0.523599  -1.570796   1.570796  -0.523599   1.570796   0.399582  -0.261799  -1.570796   0.523599   1.570796  -1.570796   0.523599  -1.570796   0.399582
  0.008   0.261799   1.570796  -0.523599  -1.570796   1.570796  -0.523599   1.570796  -0.399467  -0.261799  -1.570796   0.523599   1.570796  -1.570796   0.523599  -1.570796  -0.399467   0.261799   1.570796  -0.523599  -1.570796   1.570796  -0.523599   1.570796   0.399467  -0.261799  -1.570796   0.523599   1.570796  -1.570796   0.523599  -1.570796   0.399467
  0.009   0.261799   1.570796  -0.523599  -1.570796   1.570796  -0.523599   1.570796  -0.399336  -0.261799  -1.570796   0.523599   1.570796  -1.570796   0.523599  -1.570796  -0.399336   0.261799   1.570796  -0.523599  -1.570796   1.570796  -0.523599   1.570796   0.399336  -0.261799  -1.570796   0.523599   1.570796  -1.570796   0.523599  -1.570796   0.399336
  0.010   0.261799   1.570796  -0.523599  -1.570796   1.570796  -0.523599   1.570796  -0.399194  -0.261799  -1.570796   0.523599   1.570796  -1.570796   0.523599  -1.570796  -0.399194   0.261799   1.570796  -0.523599  -1.570796   1.570796  -0.523599   1.570796   0.399194  -0.261799  -1.570796   0.523599   1.570796  -1.570796   0.523599  -1.570796   0.399194
  0.011   0.261799   1.570796  -0.523599  -1.570796   1.570796  -0.523599   1.570796  -0.399037  -0.261799  -1.570796   0.523599   1.570796  -1.570796   0.523599  -1.570796  -0.399037   0.261799   1.570796  -0.523599  -1.570796   1.570796  -0.523599   1.570796   0.399037  -0.261799  -1.570796   0.523599   1.570796  -1.570796   0.523599  -1.570796   0.399037
  0.012   0.261799   1.570796  -0.523599  -1.570796   1.570796  -0.523599   1.570796  -0.398851  -0.261799  -1.570796   0.523599   1.570796  -1.570796   0.523599  -1.570796  -0.398851   0.261799   1.570796  -0.523599  -1.570796   1.570796  -0.523599   1.570796   0.398851  -0.261799  -1.570796   0.523599   1.570796  -1.570796   0.523599  -1.570796   0.398851
  0.013   0.261799   1.570796  -0.523599  -1.570796   1.570796  -0.523599   1.570796  -0.398641  -0.261799  -1.570796   0.523599   1.570796  -1.570796   0.523599  -1.570796  -0.398641   0.261799   1.570796  -0.523599  -1.570796   1.570796  -0.523599   1.570796   0.398641  -0.261799  -1.570796   0.523599   1.570796  -1.570796   0.523599  -1.570796   0.398641
  0.014   0.261799   1.570796  -0.523599  -1.570796   1.570796  -0.523599   1.570796  -0.398409  -0.261799  -1.570796   0.523599   1.570796  -1.570796   0.523599  -1.570796  -0.398409   0.261799   1.570796  -0.523599  -1.570796   1.570796  -0.523599   1.570796   0.398409  -0.261799  -1.570796   0.523599   1.570796  -1.570796   0.523599  -1.570796   0.398409
  0.015   0.261799   1.570796  -0.523599  -1.570796   1.570796  -0.523599   1.570796  -0.398161  -0.261799  -1.570796   0.523599   1.570796  -1.570796   0.523599  -1.570796  -0.398161   0.261799   1.570796  -0.523599  -1.570796   1.570796  -0.523599   1.570796   0.398161  -0.261799  -1.570796   0.523599   1.570796  -1.570796   0.523599  -1.570796   0.398161
  0.016   0.261799   1.570796  -0.523599  -1.570796   1.570796  -0.523599   1.570796  -0.397893  -0.261799  -1.570796   0.523599   1.570796  -1.570796   0.523599  -1.570796  -0.397893   0.261799   1.570796  -0.523599  -1.570796   1.570796  -0.523599   1.570796   0.397893  -0.261799  -1.570796   0.523599   1.570796  -1.570796   0.523599  -1.570796   0.397893
  0.017   0.261799   1.570796  -0.523599  -1.570796   1.570796  -0.523599   1.570796  -0.397594  -0.261799  -1.570796   0.523599   1.570796  -1.570796   0.523599  -1.570796  -0.397594   0.261799   1.570796  -0.523599  -1.570796   1.570796  -0.523599   1.570796   0.397594  -0.261799  -1.570796   0.523599   1.570796  -1.570796   0.523599  -1.570796   0.397594
  0.018   0.261799   1.570796  -0.523599  -1.570796   1.570796  -0.523599   1.570796  -0.397265  -0.261799  -1.570796   0.523599   1.570796  -1.570796   0.523599  -1.570796  -0.397265   0.261799   1.570796  -0.523599  -1.570796   1.570796  -0.523599   1.570796   0.397265  -0.261799  -1.570796   0.523599   1.570796  -1.570796   0.523599  -1.570796   0.397265
  0.019   0.261799   1.570796  -0.523599  -1.570796   1.570796  -0.523599   1.570796  -0.396910  -0.261799  -1.570796   0.523599   1.570796  -1.570796   0.523599  -1.570796  -0.396910   0.261799   1.570796  -0.523599  -1.570796   1.570796  -0.523599   1.570796   0.396910  -0.261799  -1.570796   0.523599   1.570796  -1.570796   0.523599  -1.570796   0.396910
  0.020   0.261799   1.570796  -0.523599  -1.570796   1.570796  -0.523599   1.570796  -0.396533  -0.261799  -1.570796   0.523599   1.570796  -1.570796   0.523599  -1.570796  -0.396533   0.261799   1.570796  -0.523599  -1.570796   1.570796  -0.523599   1.570796   0.396533  -0.261799  -1.570796   0.523599   1.570796  -1.570796   0.523599  -1.570796   0.396533
  0.021   0.261799   1.570796  -0.523599  -1.570796   1.570796  -0.523599   1.570796  -0.396134  -0.261799  -1.570796   0.523599   1.570796  -1.570796   0.523599  -1.570796  -0.396134   0.261799   1.570796  -0.523599  -1.570796   1.570796  -0.523599   1.570796   0.396134  -0.261799  -1.570796   0.523599   1.570796  -1.570796   0.523599  -1.570796   0.396134
  0.022   0.261799   1.570796  -0.523599  -1.570796   1.570796  -0.523599   1.570796  -0.395701  -0.261799  -1.570796   0.523599   1.570796  -1.570796   0.523599  -1.570796  -0.395701   0.261799   1.570796  -0.523599  -1.570796   1.570796  -0.523599   1.570796   0.395701  -0.261799  -1.570796   0.523599   1.570796  -1.570796   0.523599  -1.570796   0.395701
  0.023   0.261799   1.570796  -0.523599  -1.570796   1.570796  -0.523599   1.570796  -0.395234  -0.261799  -1.570796   0.523599   1.570796  -1.570796   0.523599  -1.570796  -0.395234   0.261799   1.570796  -0.523599  -1.570796   1.570796  -0.523599   1.570796   0.395234  -0.261799  -1.570796   0.523599   1.570796  -1.570796   0.523599  -1.570796   0.395234
  0.024   0.261799   1.570796  -0.523599  -1.570796   1.570796  -0.523599   1.570796  -0.394737  -0.261799  -1.570796   0.523599   1.570796  -1.570796   0.523599  -1.570796  -0.394737   0.261799   1.570796  -0.523599  -1.570796   1.570796  -0.523599   1.570796   0.394737  -0.261799  -1.570796   0.523599   1.570796  -1.570796   0.523599  -1.570796   0.394737
  0.025   0.261799   1.570796  -0.523599  -1.570796   1.570796  -0.523599   1.570796  -0.394214  -0.261799  -1.570796   0.523599   1.570796  -1.570796   0.523599  -1.570796  -0.394214   0.261799   1.570796  -0.523599  -1.570796   1.570796  -0.523599   1.570796   0.394214  -0.261799  -1.570796   0.523599   1.570796  -1.570796   0.523599  -1.570796   0.394214
  0.026   0.261799   1.570796  -0.523599  -1.570796   1.570796  -0.523599   1.570796  -0.393667  -0.261799  -1.570796   0.523599   1.570796  -1.570796   0.523599  -1.570796  -0.393667   0.261799   1.570796  -0.523599  -1.570796   1.570796  -0.523599   1.570796   0.393667  -0.261799  -1.570796   0.523599   1.570796  -1.570796   0.523599  -1.570796   0.393667
  0.027   0.261799   1.570796  -0.523599  -1.570796   1.570796  -0.523599   1.570796  -0.393082  -0.261799  -1.570796   0.523599   1.570796  -1.570796   0.523599  -1.570796  -0.393082   0.261799   1.570796  -0.523599  -1.570796   1.570796  -0.523599   1.570796   0.393082  -0.261799  -1.570796   0.523599   1.570796  -1.570796   0.523599  -1.570796   0.393082
  0.028   0.261799   1.570796  -0.523599  -1.570796   1.570796  -0.523599   1.570796  -0.392462  -0.261799  -1.570796   0.523599   1.570796  -1.570796   0.523599  -1.570796  -0.392462   0.261799   1.570796  -0.523599  -1.570796   1.570796  -0.523599   1.570796   0.392462  -0.261799  -1.570796   0.523599   1.570796  -1.570796   0.523599  -1.570796   0.392462
  0.029   0.261799   1.570796  -0.523599  -1.570796   1.570796  -0.523599   1.570796  -0.391808  -0.261799  -1.570796   0.523599   1.570796  -1.570796   0.523599  -1.570796  -0.391808   0.261799   1.570796  -0.523599  -1.570796   1.570796  -0.523599   1.570796   0.391808  -0.261799  -1.570796   0.523599   1.570796  -1.570796   0.523599  -1.570796   0.391808
  0.030   0.261799   1.570796  -0.523599  -1.570796   1.570796  -0.523599   1.570796  -0.391125  -0.261799  -1.570796   0.523599   1.570796  -1.570796   0.523599  -1.570796  -0.391125   0.261799   1.570796  -0.523599  -1.570796   1.570796  -0.523599   1.570796   0.391125  -0.261799  -1.570796   0.523599   1.570796  -1.570796   0.523599  -1.570796   0.391125
  0.031   0.261799   1.570796  -0.523599  -1.570796   1.570796  -0.523599   1.570796  -0.390415  -0.261799  -1.570796   0.523599   1.570796  -1.570796   0.523599  -1.570796  -0.390415   0.261799   1.570796  -0.523599  -1.570796   1.570796  -0.523599   1.570796   0.390415  -0.261799  -1.570796   0.523599   1.570796  -1.570796   0.523599  -1.570796   0.390415
  0.032   0.261799   1.570796  -0.523599  -1.570796   1.570796  -0.523599   1.570796  -0.389667  -0.261799  -1.570796   0.523599   1.570796  -1.570796   0.523599  -1.570796  -0.389667   0.261799   1.570796  -0.523599  -1.570796   1.570796  -0.523599   1.570796   0.389667  -0.261799  -1.570796   0.523599   1.570796  -1.570796   0.523599  -1.570796   0.389667
  0.033   0.261799   1.570796  -0.523599  -1.570796   1.570796  -0.523599   1.570796  -0.388880  -0.261799  -1.570796   0.523599   1.570796  -1.570796   0.523599  -1.570796  -0.388880   0.261799   1.570796  -0.523599  -1.570796   1.570796  -0.523599   1.570796   0.388880  -0.261799  -1.570796   0.523599   1.570796  -1.570796   0.523599  -1.570796   0.388880
  0.034   0.261799   1.570796  -0.523599  -1.570796   1.570796  -0.523599   1.570796  -0.388058  -0.261799  -1.570796   0.523599   1.570796  -1.570796   0.523599  -1.570796  -0.388058   0.261799   1.570796  -0.523599  -1.570796   1.570796  -0.523599   1.570796   0.388058  -0.261799  -1.570796   0.523599   1.570796  -1.570796   0.523599  -1.570796   0.388058
  0.035   0.261799   1.570796  -0.523599  -1.570796   1.570796  -0.523599   1.570796  -0.387204  -0.261799  -1.570796   0.523599   1.570796  -1.570796   0.523599  -1.570796  -0.387204   0.261799   1.570796  -0.523599  -1.570796   1.570796  -0.523599   1.570796   0.387204  -0.261799  -1.570796   0.523599   1.570796  -1.570796   0.523599  -1.570796   0.387204
  0.036   0.261799   1.570796  -0.523599  -1.570796   1.570796  -0.523599   1.570796  -0.386321  -0.261799  -1.570796   0.523599   1.570796  -1.570796   0.523599  -1.570796  -0.386321   0.261799   1.570796  -0.523599  -1.570796   1.570796  -0.523599   1.570796   0.386321  -0.261799  -1.570796   0.523599   1.570796  -1.570796   0.523599  -1.570796   0.386321
  0.037   0.261799   1.570796  -0.523599  -1.570796   1.570796  -0.523599   1.570796  -0.385400  -0.261799  -1.570796   0.523599   1.570796  -1.570796   0.523599  -1.570796  -0.385400   0.261799   1.570796  -0.523599  -1.570796   1.570796  -0.523599   1.570796   0.385400  -0.261799  -1.570796   0.523599   1.570796  -1.570796   0.523599  -1.570796   0.385400
  0.038   0.261799   1.570796  -0.523599  -1.570796   1.570796  -0.523599   1.570796  -0.384438  -0.261799  -1.570796   0.523599   1.570796  -1.570796   0.523599  -1.570796  -0.384438   0.261799   1.570796  -0.523599  -1.570796   1.570796  -0.523599   1.570796   0.384438  -0.261799  -1.570796   0.523599   1.570796  -1.570796   0.523599  -1.570796   0.384438
  0.039   0.261799   1.570796  -0.523599  -1.570796   1.570796  -0.523599   1.570796  -0.383439  -0.261799  -1.570796   0.523599   1.570796  -1.570796   0.523599  -1.570796  -0.383439   0.261799   1.570796  -0.523599  -1.570796   1.570796  -0.523599   1.570796   0.383439  -0.261799  -1.570796   0.523599   1.570796  -1.570796   0.523599  -1.570796   0.383439
  0.040   0.261799   1.570796  -0.523599  -1.570796   1.570796  -0.523599   1.570796  -0.382407  -0.261799  -1.570796   0.523599   1.570796  -1.570796   0.523599  -1.570796  -0.382407   0.261799   1.570796  -0.523599  -1.570796   1.570796  -0.523599   1.570796   0.382407  -0.261799  -1.570796   0.523599   1.570796  -1.570796   0.523599  -1.570796   0.382407
  0.041   0.261799   1.570796  -0.523599  -1.570796   1.570796  -0.523599   1.570796  -0.381344  -0.261799  -1.570796   0.523599   1.570796  -1.570796   0.523599  -1.570796  -0.381344   0.261799   1.570796  -0.523599  -1.570796   1.570796  -0.523599   1.570796   0.381344  -0.261799  -1.570796   0.523599   1.570796  -1.570796   0.523599  -1.570796   0.381344
  0.042   0.261799   1.570796  -0.523599  -1.570796   1.570796  -0.523599   1.570796  -0.380242  -0.261799  -1.570796   0.523599   1.570796  -1.570796   0.523599  -1.570796  -0.380242   0.261799   1.570796  -0.523599  -1.570796   1.570796  -0.523599   1.570796   0.380242  -0.261799  -1.570796   0.523599   1.570796  -1.570796   0.523599  -1.570796   0.380242
  0.043   0.261799   1.570796  -0.523599  -1.570796   1.570796  -0.523599   1.570796  -0.379099  -0.261799  -1.570796   0.523599   1.570796  -1.570796   0.523599  -1.570796  -0.379099   0.261799   1.570796  -0.523599  -1.570796   1.570796  -0.523599   1.570796   0.379099  -0.261799  -1.570796   0.523599   1.570796  -1.570796   0.523599  -1.570796   0.379099
  0.044   0.261799   1.570796  -0.523599  -1.570796   1.570796  -0.523599   1.570796  -0.377919  -0.261799  -1.570796   0.523599   1.570796  -1.570796   0.523599  -1.570796  -0.377919   0.261799   1.570796  -0.523599  -1.570796   1.570796  -0.523599   1.570796   0.377919  -0.261799  -1.570796   0.523599   1.570796  -1.570796   0.523599  -1.570796   0.377919
  0.045   0.261799   1.570796  -0.523599  -1.570796   1.570796  -0.523599   1.570796  -0.376703  -0.261799  -1.570796   0.523599   1.570796  -1.570796   0.523599  -1.570796  -0.376703   0.261799   1.570796  -0.523599  -1.570796   1.570796  -0.523599   1.570796   0.376703  -0.261799  -1.570796   0.523599   1.570796  -1.570796   0.523599  -1.570796   0.376703
  0.046   0.261799   1.570796  -0.523599  -1.570796   1.570796  -0.523599   1.570796  -0.375456  -0.261799  -1.570796   0.523599   1.570796  -1.570796   0.523599  -1.570796  -0.375456   0.261799   1.570796  -0.523599  -1.570796   1.570796  -0.523599   1.570796   0.375456  -0.261799  -1.570796   0.523599   1.570796  -1.570796   0.523599  -1.570796   0.375456
  0.047   0.261799   1.570796  -0.523599  -1.570796   1.570796  -0.523599   1.570796  -0.374171  -0.261799  -1.570796   0.523599   1.570796  -1.570796   0.523599  -1.570796  -0.374171   0.261799   1.570796  -0.523599  -1.570796   1.570796  -0.523599   1.570796   0.374171  -0.261799  -1.570796   0.523599   1.570796  -1.570796   0.523599  -1.570796   0.374171
  0.048   0.261799   1.570796  -0.523599  -1.570796   1.570796  -0.523599   1.570796  -0.372844  -0.261799  -1.570796   0.523599   1.570796  -1.570796   0.523599  -1.570796  -0.372844   0.261799   1.570796  -0.523599  -1.570796   1.570796  -0.523599   1.570796   0.372844  -0.261799  -1.570796   0.523599   1.570796  -1.570796   0.523599  -1.570796   0.372844
  0.049   0.261799   1.570796  -0.523599  -1.570796   1.570796  -0.523599   1.570796  -0.371479  -0.261799  -1.570796   0.523599   1.570796  -1.570796   0.523599  -1.570796  -0.371479   0.261799   1.570796  -0.523599  -1.570796   1.570796  -0.523599   1.570796   0.371479  -0.261799  -1.570796   0.523599   1.570796  -1.570796   0.523599  -1.570796   0.371479
  0.050   0.261799   1.570796  -0.523599  -1.570796   1.570796  -0.523599   1.570796  -0.370079  -0.261799  -1.570796   0.523599   1.570796  -1.570796   0.523599  -1.570796  -0.370079   0.261799   1.570796  -0.523599  -1.570796   1.570796  -0.523599   1.570796   0.370079  -0.261799  -1.570796   0.523599   1.570796  -1.570796   0.523599  -1.570796   0.370079
  0.051   0.261799   1.570796  -0.523599  -1.570796   1.570796  -0.523599   1.570796  -0.368646  -0.261799  -1.570796   0.523599   1.570796  -1.570796   0.523599  -1.570796  -0.368646   0.261799   1.570796  -0.523599  -1.570796   1.570796  -0.523599   1.570796   0.368646  -0.261799  -1.570796   0.523599   1.570796  -1.570796   0.523599  -1.570796   0.368646
  0.052   0.261799   1.570796  -0.523599  -1.570796   1.570796  -0.523599   1.570796  -0.367177  -0.261799  -1.570796   0.523599   1.570796  -1.570796   0.523599  -1.570796  -0.367177   0.261799   1.570796  -0.523599  -1.570796   1.570796  -0.523599   1.570796   0.367177  -0.261799  -1.570796   0.523599   1.570796  -1.570796   0.523599  -1.570796   0.367177
  0.053   0.261799   1.570796  -0.523599  -1.570796   1.570796  -0.523599   1.570796  -0.365667  -0.261799  -1.570796   0.523599   1.570796  -1.570796   0.523599  -1.570796  -0.365667   0.261799   1.570796  -0.523599  -1.570796   1.570796  -0.523599   1.570796   0.365667  -0.261799  -1.570796   0.523599   1.570796  -1.570796   0.523599  -1.570796   0.365667
  0.054   0.261799   1.570796  -0.523599  -1.570796   1.570796  -0.523599   1.570796  -0.364118  -0.261799  -1.570796   0.523599   1.570796  -1.570796   0.523599  -1.570796  -0.364118   0.261799   1.570796  -0.523599  -1.570796   1.570796  -0.523599   1.570796   0.364118  -0.261799  -1.570796   0.523599   1.570796  -1.570796   0.523599  -1.570796   0.364118
  0.055   0.261799   1.570796  -0.523599  -1.570796   1.570796  -0.523599   1.570796  -0.362534  -0.261799  -1.570796   0.523599   1.570796  -1.570796   0.523599  -1.570796  -0.362534   0.261799   1.570796  -0.523599  -1.570796   1.570796  -0.523599   1.570796   0.362534  -0.261799  -1.570796   0.523599   1.570796  -1.570796   0.523599  -1.570796   0.362534
  0.056   0.261799   1.570796  -0.523599  -1.570796   1.570796  -0.523599   1.570796  -0.360917  -0.261799  -1.570796   0.523599   1.570796  -1.570796   0.523599  -1.570796  -0.360917   0.261799   1.570796  -0.523599  -1.570796   1.570796  -0.523599   1.570796   0.360917  -0.261799  -1.570796   0.523599   1.570796  -1.570796   0.523599  -1.570796   0.360917
  0.057   0.261799   1.570796  -0.523599  -1.570796   1.570796  -0.523599   1.570796  -0.359265  -0.261799  -1.570796   0.523599   1.570796  -1.570796   0.523599  -1.570796  -0.359265   0.261799   1.570796  -0.523599  -1.570796   1.570796  -0.523599   1.570796   0.359265  -0.261799  -1.570796   0.523599   1.570796  -1.570796   0.523599  -1.570796   0.359265
  0.058   0.261799   1.570796  -0.523599  -1.570796   1.570796  -0.523599   1.570796  -0.357573  -0.261799  -1.570796   0.523599   1.570796  -1.570796   0.523599  -1.570796  -0.357573   0.261799   1.570796  -0.523599  -1.570796   1.570796  -0.523599   1.570796   0.357573  -0.261799  -1.570796   0.523599   1.570796  -1.570796   0.523599  -1.570796   0.357573
  0.059   0.261799   1.570796  -0.523599  -1.570796   1.570796  -0.523599   1.570796  -0.355844  -0.261799  -1.570796   0.523599   1.570796  -1.570796   0.523599  -1.570796  -0.355844   0.261799   1.570796  -0.523599  -1.570796   1.570796  -0.523599   1.570796   0.355844  -0.261799  -1.570796   0.523599   1.570796  -1.570796   0.523599  -1.570796   0.355844
  0.060   0.261799   1.570796  -0.523599  -1.570796   1.570796  -0.523599   1.570796  -0.354079  -0.261799  -1.570796   0.523599   1.570796  -1.570796   0.523599  -1.570796  -0.354079   0.261799   1.570796  -0.523599  -1.570796   1.570796  -0.523599   1.570796   0.354079  -0.261799  -1.570796   0.523599   1.570796  -1.570796   0.523599  -1.570796   0.354079
  0.061   0.261799   1.570796  -0.523599  -1.570796   1.570796  -0.523599   1.570796  -0.352282  -0.261799  -1.570796   0.523599   1.570796  -1.570796   0.523599  -1.570796  -0.352282   0.261799   1.570796  -0.523599  -1.570796   1.570796  -0.523599   1.570796   0.352282  -0.261799  -1.570796   0.523599   1.570796  -1.570796   0.523599  -1.570796   0.352282
  0.062   0.261799   1.570796  -0.523599  -1.570796   1.570796  -0.523599   1.570796  -0.350453  -0.261799  -1.570796   0.523599   1.570796  -1.570796   0.523599  -1.570796  -0.350453   0.261799   1.570796  -0.523599  -1.570796   1.570796  -0.523599   1.570796   0.350453  -0.261799  -1.570796   0.523599   1.570796  -1.570796   0.523599  -1.570796   0.350453
  0.063   0.261799   1.570796  -0.523599  -1.570796   1.570796  -0.523599   1.570796  -0.348584  -0.261799  -1.570796   0.523599   1.570796  -1.570796   0.523599  -1.570796  -0.348584   0.261799   1.570796  -0.523599  -1.570796   1.570796  -0.523599   1.570796   0.348584  -0.261799  -1.570796   0.523599   1.570796  -1.570796   0.523599  -1.570796   0.348584
  0.064   0.261799   1.570796  -0.523599  -1.570796   1.570796  -0.523599   1.570796  -0.346678  -0.261799  -1.570796   0.523599   1.570796  -1.570796   0.523599  -1.570796  -0.346678   0.261799   1.570796  -0.523599  -1.570796   1.570796  -0.523599   1.570796   0.346678  -0.261799  -1.570796   0.523599   1.570796  -1.570796   0.523599  -1.570796   0.346678
  0.065   0.261799   1.570796  -0.523599  -1.570796   1.570796  -0.523599   1.570796  -0.344739  -0.261799  -1.570796   0.523599   1.570796  -1.570796   0.523599  -1.570796  -0.344739   0.261799   1.570796  -0.523599  -1.570796   1.570796  -0.523599   1.570796   0.344739  -0.261799  -1.570796   0.523599   1.570796  -1.570796   0.523599  -1.570796   0.344739
  0.066   0.261799   1.570796  -0.523599  -1.570796   1.570796  -0.523599   1.570796  -0.342769  -0.261799  -1.570796   0.523599   1.570796  -1.570796   0.523599  -1.570796  -0.342769   0.261799   1.570796  -0.523599  -1.570796   1.570796  -0.523599   1.570796   0.342769  -0.261799  -1.570796   0.523599   1.570796  -1.570796   0.523599  -1.570796   0.342769
  0.067   0.261799   1.570796  -0.523599  -1.570796   1.570796  -0.523599   1.570796  -0.340768  -0.261799  -1.570796   0.523599   1.570796  -1.570796   0.523599  -1.570796  -0.340768   0.261799   1.570796  -0.523599  -1.570796   1.570796  -0.523599   1.570796   0.340768  -0.261799  -1.570796   0.523599   1.570796  -1.570796   0.523599  -1.570796   0.340768
  0.068   0.261799   1.570796  -0.523599  -1.570796   1.570796  -0.523599   1.570796  -0.338729  -0.261799  -1.570796   0.523599   1.570796  -1.570796   0.523599  -1.570796  -0.338729   0.261799   1.570796  -0.523599  -1.570796   1.570796  -0.523599   1.570796   0.338729  -0.261799  -1.570796   0.523599   1.570796  -1.570796   0.523599  -1.570796   0.338729
  0.069   0.261799   1.570796  -0.523599  -1.570796   1.570796  -0.523599   1.570796  -0.336656  -0.261799  -1.570796   0.523599   1.570796  -1.570796   0.523599  -1.570796  -0.336656   0.261799   1.570796  -0.523599  -1.570796   1.570796  -0.523599   1.570796   0.336656  -0.261799  -1.570796   0.523599   1.570796  -1.570796   0.523599  -1.570796   0.336656
  0.070   0.261799   1.570796  -0.523599  -1.570796   1.570796  -0.523599   1.570796  -0.334550  -0.261799  -1.570796   0.523599   1.570796  -1.570796   0.523599  -1.570796  -0.334550   0.261799   1.570796  -0.523599  -1.570796   1.570796  -0.523599   1.570796   0.334550  -0.261799  -1.570796   0.523599   1.570796  -1.570796   0.523599  -1.570796   0.334550
  0.071   0.261799   1.570796  -0.523599  -1.570796   1.570796  -0.523599   1.570796  -0.332414  -0.261799  -1.570796   0.523599   1.570796  -1.570796   0.523599  -1.570796  -0.332414   0.261799   1.570796  -0.523599  -1.570796   1.570796  -0.523599   1.570796   0.332414  -0.261799  -1.570796   0.523599   1.570796  -1.570796   0.523599  -1.570796   0.332414
  0.072   0.261799   1.570796  -0.523599  -1.570796   1.570796  -0.523599   1.570796  -0.330250  -0.261799  -1.570796   0.523599   1.570796  -1.570796   0.523599  -1.570796  -0.330250   0.261799   1.570796  -0.523599  -1.570796   1.570796  -0.523599   1.570796   0.330250  -0.261799  -1.570796   0.523599   1.570796  -1.570796   0.523599  -1.570796   0.330250
  0.073   0.261799   1.570796  -0.523599  -1.570796   1.570796  -0.523599   1.570796  -0.328051  -0.261799  -1.570796   0.523599   1.570796  -1.570796   0.523599  -1.570796  -0.328051   0.261799   1.570796  -0.523599  -1.570796   1.570796  -0.523599   1.570796   0.328051  -0.261799  -1.570796   0.523599   1.570796  -1.570796   0.523599  -1.570796   0.328051
  0.074   0.261799   1.570796  -0.523599  -1.570796   1.570796  -0.523599   1.570796  -0.325818  -0.261799  -1.570796   0.523599   1.570796  -1.570796   0.523599  -1.570796  -0.325818   0.261799   1.570796  -0.523599  -1.570796   1.570796  -0.523599   1.570796   0.325818  -0.261799  -1.570796   0.523599   1.570796  -1.570796   0.523599  -1.570796   0.325818
  0.075   0.261799   1.570796  -0.523599  -1.570796   1.570796  -0.523599   1.570796  -0.323556  -0.261799  -1.570796   0.523599   1.570796  -1.570796   0.523599  -1.570796  -0.323556   0.261799   1.570796  -0.523599  -1.570796   1.570796  -0.523599   1.570796   0.323556  -0.261799  -1.570796   0.523599   1.570796  -1.570796   0.523599  -1.570796   0.323556
  0.076   0.261799   1.570796  -0.523599  -1.570796   1.570796  -0.523599   1.570796  -0.321265  -0.261799  -1.570796   0.523599   1.570796  -1.570796   0.523599  -1.570796  -0.321265   0.261799   1.570796  -0.523599  -1.570796   1.570796  -0.523599   1.570796   0.321265  -0.261799  -1.570796   0.523599   1.570796  -1.570796   0.523599  -1.570796   0.321265
  0.077   0.261799   1.570796  -0.523599  -1.570796   1.570796  -0.523599   1.570796  -0.318948  -0.261799  -1.570796   0.523599   1.570796  -1.570796   0.523599  -1.570796  -0.318948   0.261799   1.570796  -0.523599  -1.570796   1.570796  -0.523599   1.570796   0.318948  -0.261799  -1.570796   0.523599   1.570796  -1.570796   0.523599  -1.570796   0.318948
  0.078   0.261799   1.570796  -0.523599  -1.570796   1.570796  -0.523599   1.570796  -0.316599  -0.261799  -1.570796   0.523599   1.570796  -1.570796   0.523599  -1.570796  -0.316599   0.261799   1.570796  -0.523599  -1.570796   1.570796  -0.523599   1.570796   0.316599  -0.261799  -1.570796   0.523599   1.570796  -1.570796   0.523599  -1.570796   0.316599
  0.079   0.261799   1.570796  -0.523599  -1.570796   1.570796  -0.523599   1.570796  -0.314219  -0.261799  -1.570796   0.523599   1.570796  -1.570796   0.523599  -1.570796  -0.314219   0.261799   1.570796  -0.523599  -1.570796   1.570796  -0.523599   1.570796   0.314219  -0.261799  -1.570796   0.523599   1.570796  -1.570796   0.523599  -1.570796   0.314219
  0.080   0.261799   1.570796  -0.523599  -1.570796   1.570796  -0.523599   1.570796  -0.311811  -0.261799  -1.570796   0.523599   1.570796  -1.570796   0.523599  -1.570796  -0.311811   0.261799   1.570796  -0.523599  -1.570796   1.570796  -0.523599   1.570796   0.311811  -0.261799  -1.570796   0.523599   1.570796  -1.570796   0.523599  -1.570796   0.311811
  0.081   0.261799   1.570796  -0.523599  -1.570796   1.570796  -0.523599   1.570796  -0.309378  -0.261799  -1.570796   0.523599   1.570796  -1.570796   0.523599  -1.570796  -0.309378   0.261799   1.570796  -0.523599  -1.570796   1.570796  -0.523599   1.570796   0.309378  -0.261799  -1.570796   0.523599   1.570796  -1.570796   0.523599  -1.570796   0.309378
  0.082   0.261799   1.570796  -0.523599  -1.570796   1.570796  -0.523599   1.570796  -0.306920  -0.261799  -1.570796   0.523599   1.570796  -1.570796   0.523599  -1.570796  -0.306920   0.261799   1.570796  -0.523599  -1.570796   1.570796  -0.523599   1.570796   0.306920  -0.261799  -1.570796   0.523599   1.570796  -1.570796   0.523599  -1.570796   0.306920
  0.083   0.261799   1.570796  -0.523599  -1.570796   1.570796  -0.523599   1.570796  -0.304434  -0.261799  -1.570796   0.523599   1.570796  -1.570796   0.523599  -1.570796  -0.304434   0.261799   1.570796  -0.523599  -1.570796   1.570796  -0.523599   1.570796   0.304434  -0.261799  -1.570796   0.523599   1.570796  -1.570796   0.523599  -1.570796   0.304434
  0.084   0.261799   1.570796  -0.523599  -1.570796   1.570796  -0.523599   1.570796  -0.301920  -0.261799  -1.570796   0.523599   1.570796  -1.570796   0.523599  -1.570796  -0.301920   0.261799   1.570796  -0.523599  -1.570796   1.570796  -0.523599   1.570796   0.301920  -0.261799  -1.570796   0.523599   1.570796  -1.570796   0.523599  -1.570796   0.301920
  0.085   0.261799   1.570796  -0.523599  -1.570796   1.570796  -0.523599   1.570796  -0.299380  -0.261799  -1.570796   0.523599   1.570796  -1.570796   0.523599  -1.570796  -0.299380   0.261799   1.570796  -0.523599  -1.570796   1.570796  -0.523599   1.570796   0.299380  -0.261799  -1.570796   0.523599   1.570796  -1.570796   0.523599  -1.570796   0.299380
  0.086   0.261799   1.570796  -0.523599  -1.570796   1.570796  -0.523599   1.570796  -0.296816  -0.261799  -1.570796   0.523599   1.570796  -1.570796   0.523599  -1.570796  -0.296816   0.261799   1.570796  -0.523599  -1.570796   1.570796  -0.523599   1.570796   0.296816  -0.261799  -1.570796   0.523599   1.570796  -1.570796   0.523599  -1.570796   0.296816
  0.087   0.261799   1.570796  -0.523599  -1.570796   1.570796  -0.523599   1.570796  -0.294232  -0.261799  -1.570796   0.523599   1.570796  -1.570796   0.523599  -1.570796  -0.294232   0.261799   1.570796  -0.523599  -1.570796   1.570796  -0.523599   1.570796   0.294232  -0.261799  -1.570796   0.523599   1.570796  -1.570796   0.523599  -1.570796   0.294232
  0.088   0.261799   1.570796  -0.523599  -1.570796   1.570796  -0.523599   1.570796  -0.291623  -0.261799  -1.570796   0.523599   1.570796  -1.570796   0.523599  -1.570796  -0.291623   0.261799   1.570796  -0.523599  -1.570796   1.570796  -0.523599   1.570796   0.291623  -0.261799  -1.570796   0.523599   1.570796  -1.570796   0.523599  -1.570796   0.291623
  0.089   0.261799   1.570796  -0.523599  -1.570796   1.570796  -0.523599   1.570796  -0.288988  -0.261799  -1.570796   0.523599   1.570796  -1.570796   0.523599  -1.570796  -0.288988   0.261799   1.570796  -0.523599  -1.570796   1.570796  -0.523599   1.570796   0.288988  -0.261799  -1.570796   0.523599   1.570796  -1.570796   0.523599  -1.570796   0.288988
  0.090   0.261799   1.570796  -0.523599  -1.570796   1.570796  -0.523599   1.570796  -0.286331  -0.261799  -1.570796   0.523599   1.570796  -1.570796   0.523599  -1.570796  -0.286331   0.261799   1.570796  -0.523599  -1.570796   1.570796  -0.523599   1.570796   0.286331  -0.261799  -1.570796   0.523599   1.570796  -1.570796   0.523599  -1.570796   0.286331
  0.091   0.261799   1.570796  -0.523599  -1.570796   1.570796  -0.523599   1.570796  -0.283653  -0.261799  -1.570796   0.523599   1.570796  -1.570796   0.523599  -1.570796  -0.283653   0.261799   1.570796  -0.523599  -1.570796   1.570796  -0.523599   1.570796   0.283653  -0.261799  -1.570796   0.523599   1.570796  -1.570796   0.523599  -1.570796   0.283653
  0.092   0.261799   1.570796  -0.523599  -1.570796   1.570796  -0.523599   1.570796  -0.280957  -0.261799  -1.570796   0.523599   1.570796  -1.570796   0.523599  -1.570796  -0.280957   0.261799   1.570796  -0.523599  -1.570796   1.570796  -0.523599   1.570796   0.280957  -0.261799  -1.570796   0.523599   1.570796  -1.570796   0.523599  -1.570796   0.280957
  0.093   0.261799   1.570796  -0.523599  -1.570796   1.570796  -0.523599   1.570796  -0.278239  -0.261799  -1.570796   0.523599   1.570796  -1.570796   0.523599  -1.570796  -0.278239   0.261799   1.570796  -0.523599  -1.570796   1.570796  -0.523599   1.570796   0.278239  -0.261799  -1.570796   0.523599   1.570796  -1.570796   0.523599  -1.570796   0.278239
  0.094   0.261799   1.570796  -0.523599  -1.570796   1.570796  -0.523599   1.570796  -0.275500  -0.261799  -1.570796   0.523599   1.570796  -1.570796   0.523599  -1.570796  -0.275500   0.261799   1.570796  -0.523599  -1.570796   1.570796  -0.523599   1.570796   0.275500  -0.261799  -1.570796   0.523599   1.570796  -1.570796   0.523599  -1.570796   0.275500
  0.095   0.261799   1.570796  -0.523599  -1.570796   1.570796  -0.523599   1.570796  -0.272741  -0.261799  -1.570796   0.523599   1.570796  -1.570796   0.523599  -1.570796  -0.272741   0.261799   1.570796  -0.523599  -1.570796   1.570796  -0.523599   1.570796   0.272741  -0.261799  -1.570796   0.523599   1.570796  -1.570796   0.523599  -1.570796   0.272741
  0.096   0.261799   1.570796  -0.523599  -1.570796   1.570796  -0.523599   1.570796  -0.269964  -0.261799  -1.570796   0.523599   1.570796  -1.570796   0.523599  -1.570796  -0.269964   0.261799   1.570796  -0.523599  -1.570796   1.570796  -0.523599   1.570796   0.269964  -0.261799  -1.570796   0.523599   1.570796  -1.570796   0.523599  -1.570796   0.269964
  0.097   0.261799   1.570796  -0.523599  -1.570796   1.570796  -0.523599   1.570796  -0.267173  -0.261799  -1.570796   0.523599   1.570796  -1.570796   0.523599  -1.570796  -0.267173   0.261799   1.570796  -0.523599  -1.570796   1.570796  -0.523599   1.570796   0.267173  -0.261799  -1.570796   0.523599   1.570796  -1.570796   0.523599  -1.570796   0.267173
  0.098   0.261799   1.570796  -0.523599  -1.570796   1.570796  -0.523599   1.570796  -0.264364  -0.261799  -1.570796   0.523599   1.570796  -1.570796   0.523599  -1.570796  -0.264364   0.261799   1.570796  -0.523599  -1.570796   1.570796  -0.523599   1.570796   0.264364  -0.261799  -1.570796   0.523599   1.570796  -1.570796   0.523599  -1.570796   0.264364
  0.099   0.261799   1.570796  -0.523599  -1.570796   1.570796  -0.523599   1.570796  -0.261536  -0.261799  -1.570796   0.523599   1.570796  -1.570796   0.523599  -1.570796  -0.261536   0.261799   1.570796  -0.523599  -1.570796   1.570796  -0.523599   1.570796   0.261536  -0.261799  -1.570796   0.523599   1.570796  -1.570796   0.523599  -1.570796   0.261536
  0.100   0.261799   1.570796  -0.523599  -1.570796   1.570796  -0.523599   1.570796  -0.258692  -0.261799  -1.570796   0.523599   1.570796  -1.570796   0.523599  -1.570796  -0.258692   0.261799   1.570796  -0.523599  -1.570796   1.570796  -0.523599   1.570796   0.258692  -0.261799  -1.570796   0.523599   1.570796  -1.570796   0.523599  -1.570796   0.258692
  0.101   0.261799   1.570796  -0.523599  -1.570796   1.570796  -0.523599   1.570796  -0.255834  -0.261799  -1.570796   0.523599   1.570796  -1.570796   0.523599  -1.570796  -0.255834   0.261799   1.570796  -0.523599  -1.570796   1.570796  -0.523599   1.570796   0.255834  -0.261799  -1.570796   0.523599   1.570796  -1.570796   0.523599  -1.570796   0.255834
  0.102   0.261799   1.570796  -0.523599  -1.570796   1.570796  -0.523599   1.570796  -0.252964  -0.261799  -1.570796   0.523599   1.570796  -1.570796   0.523599  -1.570796  -0.252964   0.261799   1.570796  -0.523599  -1.570796   1.570796  -0.523599   1.570796   0.252964  -0.261799  -1.570796   0.523599   1.570796  -1.570796   0.523599  -1.570796   0.252964
  0.103   0.261799   1.570796  -0.523599  -1.570796   1.570796  -0.523599   1.570796  -0.250081  -0.261799  -1.570796   0.523599   1.570796  -1.570796   0.523599  -1.570796  -0.250081   0.261799   1.570796  -0.523599  -1.570796   1.570796  -0.523599   1.570796   0.250081  -0.261799  -1.570796   0.523599   1.570796  -1.570796   0.523599  -1.570796   0.250081
  0.104   0.261799   1.570796  -0.523599  -1.570796   1.570796  -0.523599   1.570796  -0.247183  -0.261799  -1.570796   0.523599   1.570796  -1.570796   0.523599  -1.570796  -0.247183   0.261799   1.570796  -0.523599  -1.570796   1.570796  -0.523599   1.570796   0.247183  -0.261799  -1.570796   0.523599   1.570796  -1.570796   0.523599  -1.570796   0.247183
  0.105   0.261799   1.570796  -0.523599  -1.570796   1.570796  -0.523599   1.570796  -0.244272  -0.261799  -1.570796   0.523599   1.570796  -1.570796   0.523599  -1.570796  -0.244272   0.261799   1.570796  -0.523599  -1.570796   1.570796  -0.523599   1.570796   0.244272  -0.261799  -1.570796   0.523599   1.570796  -1.570796   0.523599  -1.570796   0.244272
  0.106   0.261799   1.570796  -0.523599  -1.570796   1.570796  -0.523599   1.570796  -0.241350  -0.261799  -1.570796   0.523599   1.570796  -1.570796   0.523599  -1.570796  -0.241350   0.261799   1.570796  -0.523599  -1.570796   1.570796  -0.523599   1.570796   0.241350  -0.261799  -1.570796   0.523599   1.570796  -1.570796   0.523599  -1.570796   0.241350
  0.107   0.261799   1.570796  -0.523599  -1.570796   1.570796  -0.523599   1.570796  -0.238420  -0.261799  -1.570796   0.523599   1.570796  -1.570796   0.523599  -1.570796  -0.238420   0.261799   1.570796  -0.523599  -1.570796   1.570796  -0.523599   1.570796   0.238420  -0.261799  -1.570796   0.523599   1.570796  -1.570796   0.523599  -1.570796   0.238420
  0.108   0.261799   1.570796  -0.523599  -1.570796   1.570796  -0.523599   1.570796  -0.235481  -0.261799  -1.570796   0.523599   1.570796  -1.570796   0.523599  -1.570796  -0.235481   0.261799   1.570796  -0.523599  -1.570796   1.570796  -0.523599   1.570796   0.235481  -0.261799  -1.570796   0.523599   1.570796  -1.570796   0.523599  -1.570796   0.235481
  0.109   0.261799   1.570796  -0.523599  -1.570796   1.570796  -0.523599   1.570796  -0.232530  -0.261799  -1.570796   0.523599   1.570796  -1.570796   0.523599  -1.570796  -0.232530   0.261799   1.570796  -0.523599  -1.570796   1.570796  -0.523599   1.570796   0.232530  -0.261799  -1.570796   0.523599   1.570796  -1.570796   0.523599  -1.570796   0.232530
  0.110   0.261799   1.570796  -0.523599  -1.570796   1.570796  -0.523599   1.570796  -0.229570  -0.261799  -1.570796   0.523599   1.570796  -1.570796   0.523599  -1.570796  -0.229570   0.261799   1.570796  -0.523599  -1.570796   1.570796  -0.523599   1.570796   0.229570  -0.261799  -1.570796   0.523599   1.570796  -1.570796   0.523599  -1.570796   0.229570
  0.111   0.261799   1.570796  -0.523599  -1.570796   1.570796  -0.523599   1.570796  -0.226602  -0.261799  -1.570796   0.523599   1.570796  -1.570796   0.523599  -1.570796  -0.226602   0.261799   1.570796  -0.523599  -1.570796   1.570796  -0.523599   1.570796   0.226602  -0.261799  -1.570796   0.523599   1.570796  -1.570796   0.523599  -1.570796   0.226602
  0.112   0.261799   1.570796  -0.523599  -1.570796   1.570796  -0.523599   1.570796  -0.223630  -0.261799  -1.570796   0.523599   1.570796  -1.570796   0.523599  -1.570796  -0.223630   0.261799   1.570796  -0.523599  -1.570796   1.570796  -0.523599   1.570796   0.223630  -0.261799  -1.570796   0.523599   1.570796  -1.570796   0.523599  -1.570796   0.223630
  0.113   0.261799   1.570796  -0.523599  -1.570796   1.570796  -0.523599   1.570796  -0.220653  -0.261799  -1.570796   0.523599   1.570796  -1.570796   0.523599  -1.570796  -0.220653   0.261799   1.570796  -0.523599  -1.570796   1.570796  -0.523599   1.570796   0.220653  -0.261799  -1.570796   0.523599   1.570796  -1.570796   0.523599  -1.570796   0.220653
  0.114   0.261799   1.570796  -0.523599  -1.570796   1.570796  -0.523599   1.570796  -0.217669  -0.261799  -1.570796   0.523599   1.570796  -1.570796   0.523599  -1.570796  -0.217669   0.261799   1.570796  -0.523599  -1.570796   1.570796  -0.523599   1.570796   0.217669  -0.261799  -1.570796   0.523599   1.570796  -1.570796   0.523599  -1.570796   0.217669
  0.115   0.261799   1.570796  -0.523599  -1.570796   1.570796  -0.523599   1.570796  -0.214679  -0.261799  -1.570796   0.523599   1.570796  -1.570796   0.523599  -1.570796  -0.214679   0.261799   1.570796  -0.523599  -1.570796   1.570796  -0.523599   1.570796   0.214679  -0.261799  -1.570796   0.523599   1.570796  -1.570796   0.523599  -1.570796   0.214679
  0.116   0.261799   1.570796  -0.523599  -1.570796   1.570796  -0.523599   1.570796  -0.211685  -0.261799  -1.570796   0.523599   1.570796  -1.570796   0.523599  -1.570796  -0.211685   0.261799   1.570796  -0.523599  -1.570796   1.570796  -0.523599   1.570796   0.211685  -0.261799  -1.570796   0.523599   1.570796  -1.570796   0.523599  -1.570796   0.211685
  0.117   0.261799   1.570796  -0.523599  -1.570796   1.570796  -0.523599   1.570796  -0.208690  -0.261799  -1.570796   0.523599   1.570796  -1.570796   0.523599  -1.570796  -0.208690   0.261799   1.570796  -0.523599  -1.570796   1.570796  -0.523599   1.570796   0.208690  -0.261799  -1.570796   0.523599   1.570796  -1.570796   0.523599  -1.570796   0.208690
  0.118   0.261799   1.570796  -0.523599  -1.570796   1.570796  -0.523599   1.570796  -0.205694  -0.261799  -1.570796   0.523599   1.570796  -1.570796   0.523599  -1.570796  -0.205694   0.261799   1.570796  -0.523599  -1.570796   1.570796  -0.523599   1.570796   0.205694  -0.261799  -1.570796   0.523599   1.570796  -1.570796   0.523599  -1.570796   0.205694
  0.119   0.261799   1.570796  -0.523599  -1.570796   1.570796  -0.523599   1.570796  -0.202695  -0.261799  -1.570796   0.523599   1.570796  -1.570796   0.523599  -1.570796  -0.202695   0.261799   1.570796  -0.523599  -1.570796   1.570796  -0.523599   1.570796   0.202695  -0.261799  -1.570796   0.523599   1.570796  -1.570796   0.523599  -1.570796   0.202695
  0.120   0.261799   1.570796  -0.523599  -1.570796   1.570796  -0.523599   1.570796  -0.199694  -0.261799  -1.570796   0.523599   1.570796  -1.570796   0.523599  -1.570796  -0.199694   0.261799   1.570796  -0.523599  -1.570796   1.570796  -0.523599   1.570796   0.199694  -0.261799  -1.570796   0.523599   1.570796  -1.570796   0.523599  -1.570796   0.199694
  0.121   0.261799   1.570796  -0.523599  -1.570796   1.570796  -0.523599   1.570796  -0.196693  -0.261799  -1.570796   0.523599   1.570796  -1.570796   0.523599  -1.570796  -0.196693   0.261799   1.570796  -0.523599  -1.570796   1.570796  -0.523599   1.570796   0.196693  -0.261799  -1.570796   0.523599   1.570796  -1.570796   0.523599  -1.570796   0.196693
  0.122   0.261799   1.570796  -0.523599  -1.570796   1.570796  -0.523599   1.570796  -0.193694  -0.261799  -1.570796   0.523599   1.570796  -1.570796   0.523599  -1.570796  -0.193694   0.261799   1.570796  -0.523599  -1.570796   1.570796  -0.523599   1.570796   0.193694  -0.261799  -1.570796   0.523599   1.570796  -1.570796   0.523599  -1.570796   0.193694
  0.123   0.261799   1.570796  -0.523599  -1.570796   1.570796  -0.523599   1.570796  -0.190699  -0.261799  -1.570796   0.523599   1.570796  -1.570796   0.523599  -1.570796  -0.190699   0.261799   1.570796  -0.523599  -1.570796   1.570796  -0.523599   1.570796   0.190699  -0.261799  -1.570796   0.523599   1.570796  -1.570796   0.523599  -1.570796   0.190699
  0.124   0.261799   1.570796  -0.523599  -1.570796   1.570796  -0.523599   1.570796  -0.187704  -0.261799  -1.570796   0.523599   1.570796  -1.570796   0.523599  -1.570796  -0.187704   0.261799   1.570796  -0.523599  -1.570796   1.570796  -0.523599   1.570796   0.187704  -0.261799  -1.570796   0.523599   1.570796  -1.570796   0.523599  -1.570796   0.187704
  0.125   0.261799   1.570796  -0.523599  -1.570796   1.570796  -0.523599   1.570796  -0.184711  -0.261799  -1.570796   0.523599   1.570796  -1.570796   0.523599  -1.570796  -0.184711   0.261799   1.570796  -0.523599  -1.570796   1.570796  -0.523599   1.570796   0.184711  -0.261799  -1.570796   0.523599   1.570796  -1.570796   0.523599  -1.570796   0.184711
  0.126   0.261799   1.570796  -0.523599  -1.570796   1.570796  -0.523599   1.570796  -0.181722  -0.261799  -1.570796   0.523599   1.570796  -1.570796   0.523599  -1.570796  -0.181722   0.261799   1.570796  -0.523599  -1.570796   1.570796  -0.523599   1.570796   0.181722  -0.261799  -1.570796   0.523599   1.570796  -1.570796   0.523599  -1.570796   0.181722
  0.127   0.261799   1.570796  -0.523599  -1.570796   1.570796  -0.523599   1.570796  -0.178738  -0.261799  -1.570796   0.523599   1.570796  -1.570796   0.523599  -1.570796  -0.178738   0.261799   1.570796  -0.523599  -1.570796   1.570796  -0.523599   1.570796   0.178738  -0.261799  -1.570796   0.523599   1.570796  -1.570796   0.523599  -1.570796   0.178738
  0.128   0.261799   1.570796  -0.523599  -1.570796   1.570796  -0.523599   1.570796  -0.175763  -0.261799  -1.570796   0.523599   1.570796  -1.570796   0.523599  -1.570796  -0.175763   0.261799   1.570796  -0.523599  -1.570796   1.570796  -0.523599   1.570796   0.175763  -0.261799  -1.570796   0.523599   1.570796  -1.570796   0.523599  -1.570796   0.175763
  0.129   0.261799   1.570796  -0.523599  -1.570796   1.570796  -0.523599   1.570796  -0.172792  -0.261799  -1.570796   0.523599   1.570796  -1.570796   0.523599  -1.570796  -0.172792   0.261799   1.570796  -0.523599  -1.570796   1.570796  -0.523599   1.570796   0.172792  -0.261799  -1.570796   0.523599   1.570796  -1.570796   0.523599  -1.570796   0.172792
  0.130   0.261799   1.570796  -0.523599  -1.570796   1.570796  -0.523599   1.570796  -0.169826  -0.261799  -1.570796   0.523599   1.570796  -1.570796   0.523599  -1.570796  -0.169826   0.261799   1.570796  -0.523599  -1.570796   1.570796  -0.523599   1.570796   0.169826  -0.261799  -1.570796   0.523599   1.570796  -1.570796   0.523599  -1.570796   0.169826
  0.131   0.261799   1.570796  -0.523599  -1.570796   1.570796  -0.523599   1.570796  -0.166867  -0.261799  -1.570796   0.523599   1.570796  -1.570796   0.523599  -1.570796  -0.166867   0.261799   1.570796  -0.523599  -1.570796   1.570796  -0.523599   1.570796   0.166867  -0.261799  -1.570796   0.523599   1.570796  -1.570796   0.523599  -1.570796   0.166867
  0.132   0.261799   1.570796  -0.523599  -1.570796   1.570796  -0.523599   1.570796  -0.163919  -0.261799  -1.570796   0.523599   1.570796  -1.570796   0.523599  -1.570796  -0.163919   0.261799   1.570796  -0.523599  -1.570796   1.570796  -0.523599   1.570796   0.163919  -0.261799  -1.570796   0.523599   1.570796  -1.570796   0.523599  -1.570796   0.163919
  0.133   0.261799   1.570796  -0.523599  -1.570796   1.570796  -0.523599   1.570796  -0.160982  -0.261799  -1.570796   0.523599   1.570796  -1.570796   0.523599  -1.570796  -0.160982   0.261799   1.570796  -0.523599  -1.570796   1.570796  -0.523599   1.570796   0.160982  -0.261799  -1.570796   0.523599   1.570796  -1.570796   0.523599  -1.570796   0.160982
  0.134   0.261799   1.570796  -0.523599  -1.570796   1.570796  -0.523599   1.570796  -0.158053  -0.261799  -1.570796   0.523599   1.570796  -1.570796   0.523599  -1.570796  -0.158053   0.261799   1.570796  -0.523599  -1.570796   1.570796  -0.523599   1.570796   0.158053  -0.261799  -1.570796   0.523599   1.570796  -1.570796   0.523599  -1.570796   0.158053
  0.135   0.261799   1.570796  -0.523599  -1.570796   1.570796  -0.523599   1.570796  -0.155133  -0.261799  -1.570796   0.523599   1.570796  -1.570796   0.523599  -1.570796  -0.155133   0.261799   1.570796  -0.523599  -1.570796   1.570796  -0.523599   1.570796   0.155133  -0.261799  -1.570796   0.523599   1.570796  -1.570796   0.523599  -1.570796   0.155133
  0.136   0.261799   1.570796  -0.523599  -1.570796   1.570796  -0.523599   1.570796  -0.152224  -0.261799  -1.570796   0.523599   1.570796  -1.570796   0.523599  -1.570796  -0.152224   0.261799   1.570796  -0.523599  -1.570796   1.570796  -0.523599   1.570796   0.152224  -0.261799  -1.570796   0.523599   1.570796  -1.570796   0.523599  -1.570796   0.152224
  0.137   0.261799   1.570796  -0.523599  -1.570796   1.570796  -0.523599   1.570796  -0.149329  -0.261799  -1.570796   0.523599   1.570796  -1.570796   0.523599  -1.570796  -0.149329   0.261799   1.570796  -0.523599  -1.570796   1.570796  -0.523599   1.570796   0.149329  -0.261799  -1.570796   0.523599   1.570796  -1.570796   0.523599  -1.570796   0.149329
  0.138   0.261799   1.570796  -0.523599  -1.570796   1.570796  -0.523599   1.570796  -0.146449  -0.261799  -1.570796   0.523599   1.570796  -1.570796   0.523599  -1.570796  -0.146449   0.261799   1.570796  -0.523599  -1.570796   1.570796  -0.523599   1.570796   0.146449  -0.261799  -1.570796   0.523599   1.570796  -1.570796   0.523599  -1.570796   0.146449
  0.139   0.261799   1.570796  -0.523599  -1.570796   1.570796  -0.523599   1.570796  -0.143581  -0.261799  -1.570796   0.523599   1.570796  -1.570796   0.523599  -1.570796  -0.143581   0.261799   1.570796  -0.523599  -1.570796   1.570796  -0.523599   1.570796   0.143581  -0.261799  -1.570796   0.523599   1.570796  -1.570796   0.523599  -1.570796   0.143581
  0.140   0.261799   1.570796  -0.523599  -1.570796   1.570796  -0.523599   1.570796  -0.140726  -0.261799  -1.570796   0.523599   1.570796  -1.570796   0.523599  -1.570796  -0.140726   0.261799   1.570796  -0.523599  -1.570796   1.570796  -0.523599   1.570796   0.140726  -0.261799  -1.570796   0.523599   1.570796  -1.570796   0.523599  -1.570796   0.140726
  0.141   0.261799   1.570796  -0.523599  -1.570796   1.570796  -0.523599   1.570796  -0.137885  -0.261799  -1.570796   0.523599   1.570796  -1.570796   0.523599  -1.570796  -0.137885   0.261799   1.570796  -0.523599  -1.570796   1.570796  -0.523599   1.570796   0.137885  -0.261799  -1.570796   0.523599   1.570796  -1.570796   0.523599  -1.570796   0.137885
  0.142   0.261799   1.570796  -0.523599  -1.570796   1.570796  -0.523599   1.570796  -0.135061  -0.261799  -1.570796   0.523599   1.570796  -1.570796   0.523599  -1.570796  -0.135061   0.261799   1.570796  -0.523599  -1.570796   1.570796  -0.523599   1.570796   0.135061  -0.261799  -1.570796   0.523599   1.570796  -1.570796   0.523599  -1.570796   0.135061
  0.143   0.261799   1.570796  -0.523599  -1.570796   1.570796  -0.523599   1.570796  -0.132256  -0.261799  -1.570796   0.523599   1.570796  -1.570796   0.523599  -1.570796  -0.132256   0.261799   1.570796  -0.523599  -1.570796   1.570796  -0.523599   1.570796   0.132256  -0.261799  -1.570796   0.523599   1.570796  -1.570796   0.523599  -1.570796   0.132256
  0.144   0.261799   1.570796  -0.523599  -1.570796   1.570796  -0.523599   1.570796  -0.129468  -0.261799  -1.570796   0.523599   1.570796  -1.570796   0.523599  -1.570796  -0.129468   0.261799   1.570796  -0.523599  -1.570796   1.570796  -0.523599   1.570796   0.129468  -0.261799  -1.570796   0.523599   1.570796  -1.570796   0.523599  -1.570796   0.129468
  0.145   0.261799   1.570796  -0.523599  -1.570796   1.570796  -0.523599   1.570796  -0.126695  -0.261799  -1.570796   0.523599   1.570796  -1.570796   0.523599  -1.570796  -0.126695   0.261799   1.570796  -0.523599  -1.570796   1.570796  -0.523599   1.570796   0.126695  -0.261799  -1.570796   0.523599   1.570796  -1.570796   0.523599  -1.570796   0.126695
  0.146   0.261799   1.570796  -0.523599  -1.570796   1.570796  -0.523599   1.570796  -0.123939  -0.261799  -1.570796   0.523599   1.570796  -1.570796   0.523599  -1.570796  -0.123939   0.261799   1.570796  -0.523599  -1.570796   1.570796  -0.523599   1.570796   0.123939  -0.261799  -1.570796   0.523599   1.570796  -1.570796   0.523599  -1.570796   0.123939
  0.147   0.261799   1.570796  -0.523599  -1.570796   1.570796  -0.523599   1.570796  -0.121204  -0.261799  -1.570796   0.523599   1.570796  -1.570796   0.523599  -1.570796  -0.121204   0.261799   1.570796  -0.523599  -1.570796   1.570796  -0.523599   1.570796   0.121204  -0.261799  -1.570796   0.523599   1.570796  -1.570796   0.523599  -1.570796   0.121204
  0.148   0.261799   1.570796  -0.523599  -1.570796   1.570796  -0.523599   1.570796  -0.118492  -0.261799  -1.570796   0.523599   1.570796  -1.570796   0.523599  -1.570796  -0.118492   0.261799   1.570796  -0.523599  -1.570796   1.570796  -0.523599   1.570796   0.118492  -0.261799  -1.570796   0.523599   1.570796  -1.570796   0.523599  -1.570796   0.118492
  0.149   0.261799   1.570796  -0.523599  -1.570796   1.570796  -0.523599   1.570796  -0.115799  -0.261799  -1.570796   0.523599   1.570796  -1.570796   0.523599  -1.570796  -0.115799   0.261799   1.570796  -0.523599  -1.570796   1.570796  -0.523599   1.570796   0.115799  -0.261799  -1.570796   0.523599   1.570796  -1.570796   0.523599  -1.570796   0.115799
  0.150   0.261799   1.570796  -0.523599  -1.570796   1.570796  -0.523599   1.570796  -0.113125  -0.261799  -1.570796   0.523599   1.570796  -1.570796   0.523599  -1.570796  -0.113125   0.261799   1.570796  -0.523599  -1.570796   1.570796  -0.523599   1.570796   0.113125  -0.261799  -1.570796   0.523599   1.570796  -1.570796   0.523599  -1.570796   0.113125
  0.151   0.261799   1.570796  -0.523599  -1.570796   1.570796  -0.523599   1.570796  -0.110472  -0.261799  -1.570796   0.523599   1.570796  -1.570796   0.523599  -1.570796  -0.110472   0.261799   1.570796  -0.523599  -1.570796   1.570796  -0.523599   1.570796   0.110472  -0.261799  -1.570796   0.523599   1.570796  -1.570796   0.523599  -1.570796   0.110472
  0.152   0.261799   1.570796  -0.523599  -1.570796   1.570796  -0.523599   1.570796  -0.107843  -0.261799  -1.570796   0.523599   1.570796  -1.570796   0.523599  -1.570796  -0.107843   0.261799   1.570796  -0.523599  -1.570796   1.570796  -0.523599   1.570796   0.107843  -0.261799  -1.570796   0.523599   1.570796  -1.570796   0.523599  -1.570796   0.107843
  0.153   0.261799   1.570796  -0.523599  -1.570796   1.570796  -0.523599   1.570796  -0.105239  -0.261799  -1.570796   0.523599   1.570796  -1.570796   0.523599  -1.570796  -0.105239   0.261799   1.570796  -0.523599  -1.570796   1.570796  -0.523599   1.570796   0.105239  -0.261799  -1.570796   0.523599   1.570796  -1.570796   0.523599  -1.570796   0.105239
  0.154   0.261799   1.570796  -0.523599  -1.570796   1.570796  -0.523599   1.570796  -0.102659  -0.261799  -1.570796   0.523599   1.570796  -1.570796   0.523599  -1.570796  -0.102659   0.261799   1.570796  -0.523599  -1.570796   1.570796  -0.523599   1.570796   0.102659  -0.261799  -1.570796   0.523599   1.570796  -1.570796   0.523599  -1.570796   0.102659
  0.155   0.261799   1.570796  -0.523599  -1.570796   1.570796  -0.523599   1.570796  -0.100100  -0.261799  -1.570796   0.523599   1.570796  -1.570796   0.523599  -1.570796  -0.100100   0.261799   1.570796  -0.523599  -1.570796   1.570796  -0.523599   1.570796   0.100100  -0.261799  -1.570796   0.523599   1.570796  -1.570796   0.523599  -1.570796   0.100100
  0.156   0.261799   1.570796  -0.523599  -1.570796   1.570796  -0.523599   1.570796  -0.097565  -0.261799  -1.570796   0.523599   1.570796  -1.570796   0.523599  -1.570796  -0.097565   0.261799   1.570796  -0.523599  -1.570796   1.570796  -0.523599   1.570796   0.097565  -0.261799  -1.570796   0.523599   1.570796  -1.570796   0.523599  -1.570796   0.097565
  0.157   0.261799   1.570796  -0.523599  -1.570796   1.570796  -0.523599   1.570796  -0.095056  -0.261799  -1.570796   0.523599   1.570796  -1.570796   0.523599  -1.570796  -0.095056   0.261799   1.570796  -0.523599  -1.570796   1.570796  -0.523599   1.570796   0.095056  -0.261799  -1.570796   0.523599   1.570796  -1.570796   0.523599  -1.570796   0.095056
  0.158   0.261799   1.570796  -0.523599  -1.570796   1.570796  -0.523599   1.570796  -0.092576  -0.261799  -1.570796   0.523599   1.570796  -1.570796   0.523599  -1.570796  -0.092576   0.261799   1.570796  -0.523599  -1.570796   1.570796  -0.523599   1.570796   0.092576  -0.261799  -1.570796   0.523599   1.570796  -1.570796   0.523599  -1.570796   0.092576
  0.159   0.261799   1.570796  -0.523599  -1.570796   1.570796  -0.523599   1.570796  -0.090124  -0.261799  -1.570796   0.523599   1.570796  -1.570796   0.523599  -1.570796  -0.090124   0.261799   1.570796  -0.523599  -1.570796   1.570796  -0.523599   1.570796   0.090124  -0.261799  -1.570796   0.523599   1.570796  -1.570796   0.523599  -1.570796   0.090124
  0.160   0.261799   1.570796  -0.523599  -1.570796   1.570796  -0.523599   1.570796  -0.087695  -0.261799  -1.570796   0.523599   1.570796  -1.570796   0.523599  -1.570796  -0.087695   0.261799   1.570796  -0.523599  -1.570796   1.570796  -0.523599   1.570796   0.087695  -0.261799  -1.570796   0.523599   1.570796  -1.570796   0.523599  -1.570796   0.087695
  0.161   0.261799   1.570796  -0.523599  -1.570796   1.570796  -0.523599   1.570796  -0.085293  -0.261799  -1.570796   0.523599   1.570796  -1.570796   0.523599  -1.570796  -0.085293   0.261799   1.570796  -0.523599  -1.570796   1.570796  -0.523599   1.570796   0.085293  -0.261799  -1.570796   0.523599   1.570796  -1.570796   0.523599  -1.570796   0.085293
  0.162   0.261799   1.570796  -0.523599  -1.570796   1.570796  -0.523599   1.570796  -0.082919  -0.261799  -1.570796   0.523599   1.570796  -1.570796   0.523599  -1.570796  -0.082919   0.261799   1.570796  -0.523599  -1.570796   1.570796  -0.523599   1.570796   0.082919  -0.261799  -1.570796   0.523599   1.570796  -1.570796   0.523599  -1.570796   0.082919
  0.163   0.261799   1.570796  -0.523599  -1.570796   1.570796  -0.523599   1.570796  -0.080577  -0.261799  -1.570796   0.523599   1.570796  -1.570796   0.523599  -1.570796  -0.080577   0.261799   1.570796  -0.523599  -1.570796   1.570796  -0.523599   1.570796   0.080577  -0.261799  -1.570796   0.523599   1.570796  -1.570796   0.523599  -1.570796   0.080577
  0.164   0.261799   1.570796  -0.523599  -1.570796   1.570796  -0.523599   1.570796  -0.078265  -0.261799  -1.570796   0.523599   1.570796  -1.570796   0.523599  -1.570796  -0.078265   0.261799   1.570796  -0.523599  -1.570796   1.570796  -0.523599   1.570796   0.078265  -0.261799  -1.570796   0.523599   1.570796  -1.570796   0.523599  -1.570796   0.078265
  0.165   0.261799   1.570796  -0.523599  -1.570796   1.570796  -0.523599   1.570796  -0.075980  -0.261799  -1.570796   0.523599   1.570796  -1.570796   0.523599  -1.570796  -0.075980   0.261799   1.570796  -0.523599  -1.570796   1.570796  -0.523599   1.570796   0.075980  -0.261799  -1.570796   0.523599   1.570796  -1.570796   0.523599  -1.570796   0.075980
  0.166   0.261799   1.570796  -0.523599  -1.570796   1.570796  -0.523599   1.570796  -0.073724  -0.261799  -1.570796   0.523599   1.570796  -1.570796   0.523599  -1.570796  -0.073724   0.261799   1.570796  -0.523599  -1.570796   1.570796  -0.523599   1.570796   0.073724  -0.261799  -1.570796   0.523599   1.570796  -1.570796   0.523599  -1.570796   0.073724
  0.167   0.261799   1.570796  -0.523599  -1.570796   1.570796  -0.523599   1.570796  -0.071498  -0.261799  -1.570796   0.523599   1.570796  -1.570796   0.523599  -1.570796  -0.071498   0.261799   1.570796  -0.523599  -1.570796   1.570796  -0.523599   1.570796   0.071498  -0.261799  -1.570796   0.523599   1.570796  -1.570796   0.523599  -1.570796   0.071498
  0.168   0.261799   1.570796  -0.523599  -1.570796   1.570796  -0.523599   1.570796  -0.069306  -0.261799  -1.570796   0.523599   1.570796  -1.570796   0.523599  -1.570796  -0.069306   0.261799   1.570796  -0.523599  -1.570796   1.570796  -0.523599   1.570796   0.069306  -0.261799  -1.570796   0.523599   1.570796  -1.570796   0.523599  -1.570796   0.069306
  0.169   0.261799   1.570796  -0.523599  -1.570796   1.570796  -0.523599   1.570796  -0.067148  -0.261799  -1.570796   0.523599   1.570796  -1.570796   0.523599  -1.570796  -0.067148   0.261799   1.570796  -0.523599  -1.570796   1.570796  -0.523599   1.570796   0.067148  -0.261799  -1.570796   0.523599   1.570796  -1.570796   0.523599  -1.570796   0.067148
  0.170   0.261799   1.570796  -0.523599  -1.570796   1.570796  -0.523599   1.570796  -0.065018  -0.261799  -1.570796   0.523599   1.570796  -1.570796   0.523599  -1.570796  -0.065018   0.261799   1.570796  -0.523599  -1.570796   1.570796  -0.523599   1.570796   0.065018  -0.261799  -1.570796   0.523599   1.570796  -1.570796   0.523599  -1.570796   0.065018
  0.171   0.261799   1.570796  -0.523599  -1.570796   1.570796  -0.523599   1.570796  -0.062918  -0.261799  -1.570796   0.523599   1.570796  -1.570796   0.523599  -1.570796  -0.062918   0.261799   1.570796  -0.523599  -1.570796   1.570796  -0.523599   1.570796   0.062918  -0.261799  -1.570796   0.523599   1.570796  -1.570796   0.523599  -1.570796   0.062918
  0.172   0.261799   1.570796  -0.523599  -1.570796   1.570796  -0.523599   1.570796  -0.060852  -0.261799  -1.570796   0.523599   1.570796  -1.570796   0.523599  -1.570796  -0.060852   0.261799   1.570796  -0.523599  -1.570796   1.570796  -0.523599   1.570796   0.060852  -0.261799  -1.570796   0.523599   1.570796  -1.570796   0.523599  -1.570796   0.060852
  0.173   0.261799   1.570796  -0.523599  -1.570796   1.570796  -0.523599   1.570796  -0.058821  -0.261799  -1.570796   0.523599   1.570796  -1.570796   0.523599  -1.570796  -0.058821   0.261799   1.570796  -0.523599  -1.570796   1.570796  -0.523599   1.570796   0.058821  -0.261799  -1.570796   0.523599   1.570796  -1.570796   0.523599  -1.570796   0.058821
  0.174   0.261799   1.570796  -0.523599  -1.570796   1.570796  -0.523599   1.570796  -0.056827  -0.261799  -1.570796   0.523599   1.570796  -1.570796   0.523599  -1.570796  -0.056827   0.261799   1.570796  -0.523599  -1.570796   1.570796  -0.523599   1.570796   0.056827  -0.261799  -1.570796   0.523599   1.570796  -1.570796   0.523599  -1.570796   0.056827
  0.175   0.261799   1.570796  -0.523599  -1.570796   1.570796  -0.523599   1.570796  -0.054862  -0.261799  -1.570796   0.523599   1.570796  -1.570796   0.523599  -1.570796  -0.054862   0.261799   1.570796  -0.523599  -1.570796   1.570796  -0.523599   1.570796   0.054862  -0.261799  -1.570796   0.523599   1.570796  -1.570796   0.523599  -1.570796   0.054862
  0.176   0.261799   1.570796  -0.523599  -1.570796   1.570796  -0.523599   1.570796  -0.052930  -0.261799  -1.570796   0.523599   1.570796  -1.570796   0.523599  -1.570796  -0.052930   0.261799   1.570796  -0.523599  -1.570796   1.570796  -0.523599   1.570796   0.052930  -0.261799  -1.570796   0.523599   1.570796  -1.570796   0.523599  -1.570796   0.052930
  0.177   0.261799   1.570796  -0.523599  -1.570796   1.570796  -0.523599   1.570796  -0.051032  -0.261799  -1.570796   0.523599   1.570796  -1.570796   0.523599  -1.570796  -0.051032   0.261799   1.570796  -0.523599  -1.570796   1.570796  -0.523599   1.570796   0.051032  -0.261799  -1.570796   0.523599   1.570796  -1.570796   0.523599  -1.570796   0.051032
  0.178   0.261799   1.570796  -0.523599  -1.570796   1.570796  -0.523599   1.570796  -0.049171  -0.261799  -1.570796   0.523599   1.570796  -1.570796   0.523599  -1.570796  -0.049171   0.261799   1.570796  -0.523599  -1.570796   1.570796  -0.523599   1.570796   0.049171  -0.261799  -1.570796   0.523599   1.570796  -1.570796   0.523599  -1.570796   0.049171
  0.179   0.261799   1.570796  -0.523599  -1.570796   1.570796  -0.523599   1.570796  -0.047349  -0.261799  -1.570796   0.523599   1.570796  -1.570796   0.523599  -1.570796  -0.047349   0.261799   1.570796  -0.523599  -1.570796   1.570796  -0.523599   1.570796   0.047349  -0.261799  -1.570796   0.523599   1.570796  -1.570796   0.523599  -1.570796   0.047349
  0.180   0.261799   1.570796  -0.523599  -1.570796   1.570796  -0.523599   1.570796  -0.045558  -0.261799  -1.570796   0.523599   1.570796  -1.570796   0.523599  -1.570796  -0.045558   0.261799   1.570796  -0.523599  -1.570796   1.570796  -0.523599   1.570796   0.045558  -0.261799  -1.570796   0.523599   1.570796  -1.570796   0.523599  -1.570796   0.045558
  0.181   0.261799   1.570796  -0.523599  -1.570796   1.570796  -0.523599   1.570796  -0.043801  -0.261799  -1.570796   0.523599   1.570796  -1.570796   0.523599  -1.570796  -0.043801   0.261799   1.570796  -0.523599  -1.570796   1.570796  -0.523599   1.570796   0.043801  -0.261799  -1.570796   0.523599   1.570796  -1.570796   0.523599  -1.570796   0.043801
  0.182   0.261799   1.570796  -0.523599  -1.570796   1.570796  -0.523599   1.570796  -0.042078  -0.261799  -1.570796   0.523599   1.570796  -1.570796   0.523599  -1.570796  -0.042078   0.261799   1.570796  -0.523599  -1.570796   1.570796  -0.523599   1.570796   0.042078  -0.261799  -1.570796   0.523599   1.570796  -1.570796   0.523599  -1.570796   0.042078
  0.183   0.261799   1.570796  -0.523599  -1.570796   1.570796  -0.523599   1.570796  -0.040394  -0.261799  -1.570796   0.523599   1.570796  -1.570796   0.523599  -1.570796  -0.040394   0.261799   1.570796  -0.523599  -1.570796   1.570796  -0.523599   1.570796   0.040394  -0.261799  -1.570796   0.523599   1.570796  -1.570796   0.523599  -1.570796   0.040394
  0.184   0.261799   1.570796  -0.523599  -1.570796   1.570796  -0.523599   1.570796  -0.038751  -0.261799  -1.570796   0.523599   1.570796  -1.570796   0.523599  -1.570796  -0.038751   0.261799   1.570796  -0.523599  -1.570796   1.570796  -0.523599   1.570796   0.038751  -0.261799  -1.570796   0.523599   1.570796  -1.570796   0.523599  -1.570796   0.038751
  0.185   0.261799   1.570796  -0.523599  -1.570796   1.570796  -0.523599   1.570796  -0.037140  -0.261799  -1.570796   0.523599   1.570796  -1.570796   0.523599  -1.570796  -0.037140   0.261799   1.570796  -0.523599  -1.570796   1.570796  -0.523599   1.570796   0.037140  -0.261799  -1.570796   0.523599   1.570796  -1.570796   0.523599  -1.570796   0.037140
  0.186   0.261799   1.570796  -0.523599  -1.570796   1.570796  -0.523599   1.570796  -0.035563  -0.261799  -1.570796   0.523599   1.570796  -1.570796   0.523599  -1.570796  -0.035563   0.261799   1.570796  -0.523599  -1.570796   1.570796  -0.523599   1.570796   0.035563  -0.261799  -1.570796   0.523599   1.570796  -1.570796   0.523599  -1.570796   0.035563
  0.187   0.261799   1.570796  -0.523599  -1.570796   1.570796  -0.523599   1.570796  -0.034022  -0.261799  -1.570796   0.523599   1.570796  -1.570796   0.523599  -1.570796  -0.034022   0.261799   1.570796  -0.523599  -1.570796   1.570796  -0.523599   1.570796   0.034022  -0.261799  -1.570796   0.523599   1.570796  -1.570796   0.523599  -1.570796   0.034022
  0.188   0.261799   1.570796  -0.523599  -1.570796   1.570796  -0.523599   1.570796  -0.032520  -0.261799  -1.570796   0.523599   1.570796  -1.570796   0.523599  -1.570796  -0.032520   0.261799   1.570796  -0.523599  -1.570796   1.570796  -0.523599   1.570796   0.032520  -0.261799  -1.570796   0.523599   1.570796  -1.570796   0.523599  -1.570796   0.032520
  0.189   0.261799   1.570796  -0.523599  -1.570796   1.570796  -0.523599   1.570796  -0.031059  -0.261799  -1.570796   0.523599   1.570796  -1.570796   0.523599  -1.570796  -0.031059   0.261799   1.570796  -0.523599  -1.570796   1.570796  -0.523599   1.570796   0.031059  -0.261799  -1.570796   0.523599   1.570796  -1.570796   0.523599  -1.570796   0.031059
  0.190   0.261799   1.570796  -0.523599  -1.570796   1.570796  -0.523599   1.570796  -0.029632  -0.261799  -1.570796   0.523599   1.570796  -1.570796   0.523599  -1.570796  -0.029632   0.261799   1.570796  -0.523599  -1.570796   1.570796  -0.523599   1.570796   0.029632  -0.261799  -1.570796   0.523599   1.570796  -1.570796   0.523599  -1.570796   0.029632
  0.191   0.261799   1.570796  -0.523599  -1.570796   1.570796  -0.523599   1.570796  -0.028239  -0.261799  -1.570796   0.523599   1.570796  -1.570796   0.523599  -1.570796  -0.028239   0.261799   1.570796  -0.523599  -1.570796   1.570796  -0.523599   1.570796   0.028239  -0.261799  -1.570796   0.523599   1.570796  -1.570796   0.523599  -1.570796   0.028239
  0.192   0.261799   1.570796  -0.523599  -1.570796   1.570796  -0.523599   1.570796  -0.026882  -0.261799  -1.570796   0.523599   1.570796  -1.570796   0.523599  -1.570796  -0.026882   0.261799   1.570796  -0.523599  -1.570796   1.570796  -0.523599   1.570796   0.026882  -0.261799  -1.570796   0.523599   1.570796  -1.570796   0.523599  -1.570796   0.026882
  0.193   0.261799   1.570796  -0.523599  -1.570796   1.570796  -0.523599   1.570796  -0.025563  -0.261799  -1.570796   0.523599   1.570796  -1.570796   0.523599  -1.570796  -0.025563   0.261799   1.570796  -0.523599  -1.570796   1.570796  -0.523599   1.570796   0.025563  -0.261799  -1.570796   0.523599   1.570796  -1.570796   0.523599  -1.570796   0.025563
  0.194   0.261799   1.570796  -0.523599  -1.570796   1.570796  -0.523599   1.570796  -0.024287  -0.261799  -1.570796   0.523599   1.570796  -1.570796   0.523599  -1.570796  -0.024287   0.261799   1.570796  -0.523599  -1.570796   1.570796  -0.523599   1.570796   0.024287  -0.261799  -1.570796   0.523599   1.570796  -1.570796   0.523599  -1.570796   0.024287
  0.195   0.261799   1.570796  -0.523599  -1.570796   1.570796  -0.523599   1.570796  -0.023046  -0.261799  -1.570796   0.523599   1.570796  -1.570796   0.523599  -1.570796  -0.023046   0.261799   1.570796  -0.523599  -1.570796   1.570796  -0.523599   1.570796   0.023046  -0.261799  -1.570796   0.523599   1.570796  -1.570796   0.523599  -1.570796   0.023046
  0.196   0.261799   1.570796  -0.523599  -1.570796   1.570796  -0.523599   1.570796  -0.021837  -0.261799  -1.570796   0.523599   1.570796  -1.570796   0.523599  -1.570796  -0.021837   0.261799   1.570796  -0.523599  -1.570796   1.570796  -0.523599   1.570796   0.021837  -0.261799  -1.570796   0.523599   1.570796  -1.570796   0.523599  -1.570796   0.021837
  0.197   0.261799   1.570796  -0.523599  -1.570796   1.570796  -0.523599   1.570796  -0.020664  -0.261799  -1.570796   0.523599   1.570796  -1.570796   0.523599  -1.570796  -0.020664   0.261799   1.570796  -0.523599  -1.570796   1.570796  -0.523599   1.570796   0.020664  -0.261799  -1.570796   0.523599   1.570796  -1.570796   0.523599  -1.570796   0.020664
  0.198   0.261799   1.570796  -0.523599  -1.570796   1.570796  -0.523599   1.570796  -0.019530  -0.261799  -1.570796   0.523599   1.570796  -1.570796   0.523599  -1.570796  -0.019530   0.261799   1.570796  -0.523599  -1.570796   1.570796  -0.523599   1.570796   0.019530  -0.261799  -1.570796   0.523599   1.570796  -1.570796   0.523599  -1.570796   0.019530
  0.199   0.261799   1.570796  -0.523599  -1.570796   1.570796  -0.523599   1.570796  -0.018437  -0.261799  -1.570796   0.523599   1.570796  -1.570796   0.523599  -1.570796  -0.018437   0.261799   1.570796  -0.523599  -1.570796   1.570796  -0.523599   1.570796   0.018437  -0.261799  -1.570796   0.523599   1.570796  -1.570796   0.523599  -1.570796   0.018437
  0.200   0.261799   1.570796  -0.523599  -1.570796   1.570796  -0.523599   1.570796  -0.017380  -0.261799  -1.570796   0.523599   1.570796  -1.570796   0.523599  -1.570796  -0.017380   0.261799   1.570796  -0.523599  -1.570796   1.570796  -0.523599   1.570796   0.017380  -0.261799  -1.570796   0.523599   1.570796  -1.570796   0.523599  -1.570796   0.017380
  0.201   0.261799   1.570796  -0.523599  -1.570796   1.570796  -0.523599   1.570796  -0.016354  -0.261799  -1.570796   0.523599   1.570796  -1.570796   0.523599  -1.570796  -0.016354   0.261799   1.570796  -0.523599  -1.570796   1.570796  -0.523599   1.570796   0.016354  -0.261799  -1.570796   0.523599   1.570796  -1.570796   0.523599  -1.570796   0.016354
  0.202   0.261799   1.570796  -0.523599  -1.570796   1.570796  -0.523599   1.570796  -0.015363  -0.261799  -1.570796   0.523599   1.570796  -1.570796   0.523599  -1.570796  -0.015363   0.261799   1.570796  -0.523599  -1.570796   1.570796  -0.523599   1.570796   0.015363  -0.261799  -1.570796   0.523599   1.570796  -1.570796   0.523599  -1.570796   0.015363
  0.203   0.261799   1.570796  -0.523599  -1.570796   1.570796  -0.523599   1.570796  -0.014409  -0.261799  -1.570796   0.523599   1.570796  -1.570796   0.523599  -1.570796  -0.014409   0.261799   1.570796  -0.523599  -1.570796   1.570796  -0.523599   1.570796   0.014409  -0.261799  -1.570796   0.523599   1.570796  -1.570796   0.523599  -1.570796   0.014409
  0.204   0.261799   1.570796  -0.523599  -1.570796   1.570796  -0.523599   1.570796  -0.013496  -0.261799  -1.570796   0.523599   1.570796  -1.570796   0.523599  -1.570796  -0.013496   0.261799   1.570796  -0.523599  -1.570796   1.570796  -0.523599   1.570796   0.013496  -0.261799  -1.570796   0.523599   1.570796  -1.570796   0.523599  -1.570796   0.013496
  0.205   0.261799   1.570796  -0.523599  -1.570796   1.570796  -0.523599   1.570796  -0.012619  -0.261799  -1.570796   0.523599   1.570796  -1.570796   0.523599  -1.570796  -0.012619   0.261799   1.570796  -0.523599  -1.570796   1.570796  -0.523599   1.570796   0.012619  -0.261799  -1.570796   0.523599   1.570796  -1.570796   0.523599  -1.570796   0.012619
  0.206   0.261799   1.570796  -0.523599  -1.570796   1.570796  -0.523599   1.570796  -0.011771  -0.261799  -1.570796   0.523599   1.570796  -1.570796   0.523599  -1.570796  -0.011771   0.261799   1.570796  -0.523599  -1.570796   1.570796  -0.523599   1.570796   0.011771  -0.261799  -1.570796   0.523599   1.570796  -1.570796   0.523599  -1.570796   0.011771
  0.207   0.261799   1.570796  -0.523599  -1.570796   1.570796  -0.523599   1.570796  -0.010956  -0.261799  -1.570796   0.523599   1.570796  -1.570796   0.523599  -1.570796  -0.010956   0.261799   1.570796  -0.523599  -1.570796   1.570796  -0.523599   1.570796   0.010956  -0.261799  -1.570796   0.523599   1.570796  -1.570796   0.523599  -1.570796   0.010956
  0.208   0.261799   1.570796  -0.523599  -1.570796   1.570796  -0.523599   1.570796  -0.010177  -0.261799  -1.570796   0.523599   1.570796  -1.570796   0.523599  -1.570796  -0.010177   0.261799   1.570796  -0.523599  -1.570796   1.570796  -0.523599   1.570796   0.010177  -0.261799  -1.570796   0.523599   1.570796  -1.570796   0.523599  -1.570796   0.010177
  0.209   0.261799   1.570796  -0.523599  -1.570796   1.570796  -0.523599   1.570796  -0.009437  -0.261799  -1.570796   0.523599   1.570796  -1.570796   0.523599  -1.570796  -0.009437   0.261799   1.570796  -0.523599  -1.570796   1.570796  -0.523599   1.570796   0.009437  -0.261799  -1.570796   0.523599   1.570796  -1.570796   0.523599  -1.570796   0.009437
  0.210   0.261799   1.570796  -0.523599  -1.570796   1.570796  -0.523599   1.570796  -0.008733  -0.261799  -1.570796   0.523599   1.570796  -1.570796   0.523599  -1.570796  -0.008733   0.261799   1.570796  -0.523599  -1.570796   1.570796  -0.523599   1.570796   0.008733  -0.261799  -1.570796   0.523599   1.570796  -1.570796   0.523599  -1.570796   0.008733
  0.211   0.261799   1.570796  -0.523599  -1.570796   1.570796  -0.523599   1.570796  -0.008056  -0.261799  -1.570796   0.523599   1.570796  -1.570796   0.523599  -1.570796  -0.008056   0.261799   1.570796  -0.523599  -1.570796   1.570796  -0.523599   1.570796   0.008056  -0.261799  -1.570796   0.523599   1.570796  -1.570796   0.523599  -1.570796   0.008056
  0.212   0.261799   1.570796  -0.523599  -1.570796   1.570796  -0.523599   1.570796  -0.007409  -0.261799  -1.570796   0.523599   1.570796  -1.570796   0.523599  -1.570796  -0.007409   0.261799   1.570796  -0.523599  -1.570796   1.570796  -0.523599   1.570796   0.007409  -0.261799  -1.570796   0.523599   1.570796  -1.570796   0.523599  -1.570796   0.007409
  0.213   0.261799   1.570796  -0.523599  -1.570796   1.570796  -0.523599   1.570796  -0.006795  -0.261799  -1.570796   0.523599   1.570796  -1.570796   0.523599  -1.570796  -0.006795   0.261799   1.570796  -0.523599  -1.570796   1.570796  -0.523599   1.570796   0.006795  -0.261799  -1.570796   0.523599   1.570796  -1.570796   0.523599  -1.570796   0.006795
  0.214   0.261799   1.570796  -0.523599  -1.570796   1.570796  -0.523599   1.570796  -0.006219  -0.261799  -1.570796   0.523599   1.570796  -1.570796   0.523599  -1.570796  -0.006219   0.261799   1.570796  -0.523599  -1.570796   1.570796  -0.523599   1.570796   0.006219  -0.261799  -1.570796   0.523599   1.570796  -1.570796   0.523599  -1.570796   0.006219
  0.215   0.261799   1.570796  -0.523599  -1.570796   1.570796  -0.523599   1.570796  -0.005677  -0.261799  -1.570796   0.523599   1.570796  -1.570796   0.523599  -1.570796  -0.005677   0.261799   1.570796  -0.523599  -1.570796   1.570796  -0.523599   1.570796   0.005677  -0.261799  -1.570796   0.523599   1.570796  -1.570796   0.523599  -1.570796   0.005677
  0.216   0.261799   1.570796  -0.523599  -1.570796   1.570796  -0.523599   1.570796  -0.005159  -0.261799  -1.570796   0.523599   1.570796  -1.570796   0.523599  -1.570796  -0.005159   0.261799   1.570796  -0.523599  -1.570796   1.570796  -0.523599   1.570796   0.005159  -0.261799  -1.570796   0.523599   1.570796  -1.570796   0.523599  -1.570796   0.005159
  0.217   0.261799   1.570796  -0.523599  -1.570796   1.570796  -0.523599   1.570796  -0.004669  -0.261799  -1.570796   0.523599   1.570796  -1.570796   0.523599  -1.570796  -0.004669   0.261799   1.570796  -0.523599  -1.570796   1.570796  -0.523599   1.570796   0.004669  -0.261799  -1.570796   0.523599   1.570796  -1.570796   0.523599  -1.570796   0.004669
  0.218   0.261799   1.570796  -0.523599  -1.570796   1.570796  -0.523599   1.570796  -0.004208  -0.261799  -1.570796   0.523599   1.570796  -1.570796   0.523599  -1.570796  -0.004208   0.261799   1.570796  -0.523599  -1.570796   1.570796  -0.523599   1.570796   0.004208  -0.261799  -1.570796   0.523599   1.570796  -1.570796   0.523599  -1.570796   0.004208
  0.219   0.261799   1.570796  -0.523599  -1.570796   1.570796  -0.523599   1.570796  -0.003781  -0.261799  -1.570796   0.523599   1.570796  -1.570796   0.523599  -1.570796  -0.003781   0.261799   1.570796  -0.523599  -1.570796   1.570796  -0.523599   1.570796   0.003781  -0.261799  -1.570796   0.523599   1.570796  -1.570796   0.523599  -1.570796   0.003781
  0.220   0.261799   1.570796  -0.523599  -1.570796   1.570796  -0.523599   1.570796  -0.003388  -0.261799  -1.570796   0.523599   1.570796  -1.570796   0.523599  -1.570796  -0.003388   0.261799   1.570796  -0.523599  -1.570796   1.570796  -0.523599   1.570796   0.003388  -0.261799  -1.570796   0.523599   1.570796  -1.570796   0.523599  -1.570796   0.003388
  0.221   0.261799   1.570796  -0.523599  -1.570796   1.570796  -0.523599   1.570796  -0.003016  -0.261799  -1.570796   0.523599   1.570796  -1.570796   0.523599  -1.570796  -0.003016   0.261799   1.570796  -0.523599  -1.570796   1.570796  -0.523599   1.570796   0.003016  -0.261799  -1.570796   0.523599   1.570796  -1.570796   0.523599  -1.570796   0.003016
  0.222   0.261799   1.570796  -0.523599  -1.570796   1.570796  -0.523599   1.570796  -0.002666  -0.261799  -1.570796   0.523599   1.570796  -1.570796   0.523599  -1.570796  -0.002666   0.261799   1.570796  -0.523599  -1.570796   1.570796  -0.523599   1.570796   0.002666  -0.261799  -1.570796   0.523599   1.570796  -1.570796   0.523599  -1.570796   0.002666
  0.223   0.261799   1.570796  -0.523599  -1.570796   1.570796  -0.523599   1.570796  -0.002343  -0.261799  -1.570796   0.523599   1.570796  -1.570796   0.523599  -1.570796  -0.002343   0.261799   1.570796  -0.523599  -1.570796   1.570796  -0.523599   1.570796   0.002343  -0.261799  -1.570796   0.523599   1.570796  -1.570796   0.523599  -1.570796   0.002343
  0.224   0.261799   1.570796  -0.523599  -1.570796   1.570796  -0.523599   1.570796  -0.002050  -0.261799  -1.570796   0.523599   1.570796  -1.570796   0.523599  -1.570796  -0.002050   0.261799   1.570796  -0.523599  -1.570796   1.570796  -0.523599   1.570796   0.002050  -0.261799  -1.570796   0.523599   1.570796  -1.570796   0.523599  -1.570796   0.002050
  0.225   0.261799   1.570796  -0.523599  -1.570796   1.570796  -0.523599   1.570796  -0.001787  -0.261799  -1.570796   0.523599   1.570796  -1.570796   0.523599  -1.570796  -0.001787   0.261799   1.570796  -0.523599  -1.570796   1.570796  -0.523599   1.570796   0.001787  -0.261799  -1.570796   0.523599   1.570796  -1.570796   0.523599  -1.570796   0.001787
  0.226   0.261799   1.570796  -0.523599  -1.570796   1.570796  -0.523599   1.570796  -0.001542  -0.261799  -1.570796   0.523599   1.570796  -1.570796   0.523599  -1.570796  -0.001542   0.261799   1.570796  -0.523599  -1.570796   1.570796  -0.523599   1.570796   0.001542  -0.261799  -1.570796   0.523599   1.570796  -1.570796   0.523599  -1.570796   0.001542
  0.227   0.261799   1.570796  -0.523599  -1.570796   1.570796  -0.523599   1.570796  -0.001315  -0.261799  -1.570796   0.523599   1.570796  -1.570796   0.523599  -1.570796  -0.001315   0.261799   1.570796  -0.523599  -1.570796   1.570796  -0.523599   1.570796   0.001315  -0.261799  -1.570796   0.523599   1.570796  -1.570796   0.523599  -1.570796   0.001315
  0.228   0.261799   1.570796  -0.523599  -1.570796   1.570796  -0.523599   1.570796  -0.001109  -0.261799  -1.570796   0.523599   1.570796  -1.570796   0.523599  -1.570796  -0.001109   0.261799   1.570796  -0.523599  -1.570796   1.570796  -0.523599   1.570796   0.001109  -0.261799  -1.570796   0.523599   1.570796  -1.570796   0.523599  -1.570796   0.001109
  0.229   0.261799   1.570796  -0.523599  -1.570796   1.570796  -0.523599   1.570796  -0.000929  -0.261799  -1.570796   0.523599   1.570796  -1.570796   0.523599  -1.570796  -0.000929   0.261799   1.570796  -0.523599  -1.570796   1.570796  -0.523599   1.570796   0.000929  -0.261799  -1.570796   0.523599   1.570796  -1.570796   0.523599  -1.570796   0.000929
  0.230   0.261799   1.570796  -0.523599  -1.570796   1.570796  -0.523599   1.570796  -0.000776  -0.261799  -1.570796   0.523599   1.570796  -1.570796   0.523599  -1.570796  -0.000776   0.261799   1.570796  -0.523599  -1.570796   1.570796  -0.523599   1.570796   0.000776  -0.261799  -1.570796   0.523599   1.570796  -1.570796   0.523599  -1.570796   0.000776
  0.231   0.261799   1.570796  -0.523599  -1.570796   1.570796  -0.523599   1.570796  -0.000636  -0.261799  -1.570796   0.523599   1.570796  -1.570796   0.523599  -1.570796  -0.000636   0.261799   1.570796  -0.523599  -1.570796   1.570796  -0.523599   1.570796   0.000636  -0.261799  -1.570796   0.523599   1.570796  -1.570796   0.523599  -1.570796   0.000636
  0.232   0.261799   1.570796  -0.523599  -1.570796   1.570796  -0.523599   1.570796  -0.000508  -0.261799  -1.570796   0.523599   1.570796  -1.570796   0.523599  -1.570796  -0.000508   0.261799   1.570796  -0.523599  -1.570796   1.570796  -0.523599   1.570796   0.000508  -0.261799  -1.570796   0.523599   1.570796  -1.570796   0.523599  -1.570796   0.000508
  0.233   0.261799   1.570796  -0.523599  -1.570796   1.570796  -0.523599   1.570796  -0.000397  -0.261799  -1.570796   0.523599   1.570796  -1.570796   0.523599  -1.570796  -0.000397   0.261799   1.570796  -0.523599  -1.570796   1.570796  -0.523599   1.570796   0.000397  -0.261799  -1.570796   0.523599   1.570796  -1.570796   0.523599  -1.570796   0.000397
  0.234   0.261799   1.570796  -0.523599  -1.570796   1.570796  -0.523599   1.570796  -0.000305  -0.261799  -1.570796   0.523599   1.570796  -1.570796   0.523599  -1.570796  -0.000305   0.261799   1.570796  -0.523599  -1.570796   1.570796  -0.523599   1.570796   0.000305  -0.261799  -1.570796   0.523599   1.570796  -1.570796   0.523599  -1.570796   0.000305
  0.235   0.261799   1.570796  -0.523599  -1.570796   1.570796  -0.523599   1.570796  -0.000236  -0.261799  -1.570796   0.523599   1.570796  -1.570796   0.523599  -1.570796  -0.000236   0.261799   1.570796  -0.523599  -1.570796   1.570796  -0.523599   1.570796   0.000236  -0.261799  -1.570796   0.523599   1.570796  -1.570796   0.523599  -1.570796   0.000236
  0.236   0.261799   1.570796  -0.523599  -1.570796   1.570796  -0.523599   1.570796  -0.000177  -0.261799  -1.570796   0.523599   1.570796  -1.570796   0.523599  -1.570796  -0.000177   0.261799   1.570796  -0.523599  -1.570796   1.570796  -0.523599   1.570796   0.000177  -0.261799  -1.570796   0.523599   1.570796  -1.570796   0.523599  -1.570796   0.000177
  0.237   0.261799   1.570796  -0.523599  -1.570796   1.570796  -0.523599   1.570796  -0.000123  -0.261799  -1.570796   0.523599   1.570796  -1.570796   0.523599  -1.570796  -0.000123   0.261799   1.570796  -0.523599  -1.570796   1.570796  -0.523599   1.570796   0.000123  -0.261799  -1.570796   0.523599   1.570796  -1.570796   0.523599  -1.570796   0.000123
  0.238   0.261799   1.570796  -0.523599  -1.570796   1.570796  -0.523599   1.570796  -0.000079  -0.261799  -1.570796   0.523599   1.570796  -1.570796   0.523599  -1.570796  -0.000079   0.261799   1.570796  -0.523599  -1.570796   1.570796  -0.523599   1.570796   0.000079  -0.261799  -1.570796   0.523599   1.570796  -1.570796   0.523599  -1.570796   0.000079
  0.239   0.261799   1.570796  -0.523599  -1.570796   1.570796  -0.523599   1.570796  -0.000047  -0.261799  -1.570796   0.523599   1.570796  -1.570796   0.523599  -1.570796  -0.000047   0.261799   1.570796  -0.523599  -1.570796   1.570796  -0.523599   1.570796   0.000047  -0.261799  -1.570796   0.523599   1.570796  -1.570796   0.523599  -1.570796   0.000047
  0.240   0.261799   1.570796  -0.523599  -1.570796   1.570796  -0.523599   1.570796  -0.000031  -0.261799  -1.570796   0.523599   1.570796  -1.570796   0.523599  -1.570796  -0.000031   0.261799   1.570796  -0.523599  -1.570796   1.570796  -0.523599   1.570796   0.000031  -0.261799  -1.570796   0.523599   1.570796  -1.570796   0.523599  -1.570796   0.000031
  0.241   0.261799   1.570796  -0.523599  -1.570796   1.570796  -0.523599   1.570796  -0.000020  -0.261799  -1.570796   0.523599   1.570796  -1.570796   0.523599  -1.570796  -0.000020   0.261799   1.570796  -0.523599  -1.570796   1.570796  -0.523599   1.570796   0.000020  -0.261799  -1.570796   0.523599   1.570796  -1.570796   0.523599  -1.570796   0.000020
  0.242   0.261799   1.570796  -0.523599  -1.570796   1.570796  -0.523599   1.570796  -0.000012  -0.261799  -1.570796   0.523599   1.570796  -1.570796   0.523599  -1.570796  -0.000012   0.261799   1.570796  -0.523599  -1.570796   1.570796  -0.523599   1.570796   0.000012  -0.261799  -1.570796   0.523599   1.570796  -1.570796   0.523599  -1.570796   0.000012
  0.243   0.261799   1.570796  -0.523599  -1.570796   1.570796  -0.523599   1.570796  -0.000005  -0.261799  -1.570796   0.523599   1.570796  -1.570796   0.523599  -1.570796  -0.000005   0.261799   1.570796  -0.523599  -1.570796   1.570796  -0.523599   1.570796   0.000005  -0.261799  -1.570796   0.523599   1.570796  -1.570796   0.523599  -1.570796   0.000005
  0.244   0.261799   1.570796  -0.523599  -1.570796   1.570796  -0.523599   1.570796  -0.000001  -0.261799  -1.570796   0.523599   1.570796  -1.570796   0.523599  -1.570796  -0.000001   0.261799   1.570796  -0.523599  -1.570796   1.570796  -0.523599   1.570796   0.000001  -0.261799  -1.570796   0.523599   1.570796  -1.570796   0.523599  -1.570796   0.000001
