// ================================================================================
// CHRONO WORKBENCH - github.com/Concrete-Chrono-Development/chrono-preprocessor
//
// Copyright (c) 2023 
// All rights reserved. 
//
// Use of the code that generated this file is governed by a BSD-style license that
// can be found in the LICENSE file at the top level of the distribution and at
// github.com/Concrete-Chrono-Development/chrono-preprocessor/blob/main/LICENSE
//
// ================================================================================
// Node Data File
// ================================================================================
//
// Data Structure:
// X Y Z 
//
// ================================================================================
19.8039875 -45.91080475 200
22.31561661 -44.74386215 187.5014343
29.85792923 -40.10615921 200
29.85792923 -40.10615921 0
22.31561661 -44.74386215 12.49856663
19.8039875 -45.91080475 0
50 -1.224646757e-14 105.8823547
50 -1.224646757e-14 94.11764526
48.23320007 13.17415524 98.97659302
48.33267212 -12.80440044 100.3007584
15.65005589 47.48763657 73.29225922
24.49816704 43.58715057 79.07231903
23.12389374 44.33154297 64.51383209
50 -1.224646757e-14 141.1764679
50 -1.224646757e-14 129.4117584
48.63087463 11.62058067 136.8885803
29.85792923 40.10615921 200
25 43.30126953 187.9657593
19.8039875 45.91080475 200
19.8039875 45.91080475 0
25 43.30126953 12.03424168
29.85792923 40.10615921 0
-14.34016132 47.8994751 0
-6.238636017 49.60926819 12.69470215
-2.907241344 49.91540909 0
-2.907241344 49.91540909 200
-6.238636017 49.60926819 187.3052979
-14.34016132 47.8994751 200
-23.92552376 -43.90409088 40.29782867
-34.0868187 -36.57989883 36.16514206
-28.31952667 -41.20684814 25.35959816
50 -1.224646757e-14 58.82352829
50 -1.224646757e-14 70.58823395
48.35344696 -12.72572613 61.52118301
-27.39933395 41.82435226 12.63532066
-25 43.30126953 0
-34.31208038 36.36868286 0
-25 43.30126953 200
-27.39933395 41.82435226 187.3646851
-34.31208038 36.36868286 200
-26.52088928 -42.38681793 161.0120544
-17.47121048 -46.84823227 167.983963
-27.81273079 -41.55059814 174.2519684
-17.45786667 -46.85320663 29.25495529
38.30222321 -32.13938141 200
41.43484879 -27.98487473 188.2954865
44.681633 -22.43995857 200
44.681633 -22.43995857 0
41.43484879 -27.98487473 11.7045145
38.30222321 -32.13938141 0
50 -1.224646757e-14 117.6470566
48.68299103 11.40027332 111.7647095
44.34706879 23.09410286 108.3254089
-49.85432053 -3.814039946 100
-48.45701218 -12.32550335 111.1705017
-49.92988968 -2.646942139 112.9212112
44.681633 22.43995857 200
40.8987236 28.76272583 189.1793213
38.30222321 32.13938141 200
38.30222321 32.13938141 0
40.8987236 28.76272583 10.82067776
44.681633 22.43995857 0
19.26113129 -46.14118576 74.41708374
14.34016132 -47.8994751 62.43065643
26.42741585 -42.44515991 66.72868347
48.49088287 -12.19156837 120.9116974
32.80704498 -37.73192215 100
38.16435623 -32.30296707 89.87976074
41.59234238 -27.7502594 101.2020035
44.03239059 -23.68857384 89.78421783
5.838984489 -49.65789032 171.0036316
-6.135268688 -49.62215805 165.4387207
7.776036263 -49.39163208 157.9567566
-37.06293488 -33.56097031 170.4041595
-38.28242874 -32.16295624 89.69993591
-29.41179276 -40.43447113 89.99019623
-32.70905304 -37.81690216 100
-32.99999619 -37.56328201 79.72977448
13.56423855 -48.12495804 188.066803
8.682409286 -49.24038696 200
17.79517555 -46.72613525 174.2131805
13.56423855 -48.12495804 11.93319225
8.682409286 -49.24038696 0
17.79517555 -46.72613525 25.78681755
25.87179184 42.78610229 137.5161743
13.9512558 48.01419067 131.3398743
14.34016132 47.8994751 143.7087555
22.53883171 44.63183975 124.8330307
-49.99925613 0.2727938294 167.8106232
-49.51483154 -6.948475838 154.6515808
-48.73329544 -11.18328381 166.2797241
-49.72186279 5.266543865 156.5936737
-48.73329544 -11.18328381 33.72026825
-49.51483154 -6.948475838 45.348423
-49.99925613 0.2727938294 32.18938065
-49.72186279 5.266543865 43.40632248
48.50411606 12.13881588 77.72629547
50 -1.224646757e-14 82.35294342
-26.0010891 -42.70764923 12.48203754
-34.73402023 -35.96592712 14.02899742
15.62178326 -47.49694443 86.46003723
23.84514618 -43.94779968 94.66989899
14.54864693 -47.83656311 101.4481277
-41.77439117 27.47544861 0
-36.43494415 34.24171448 11.49186802
-33.37085342 37.23420715 23.15936279
-36.43494415 34.24171448 188.5081329
-41.77439117 27.47544861 200
-33.37085342 37.23420715 176.8406372
48.55084229 -11.95055008 88.5248642
-35.98174667 34.71763229 52.58443069
-41.53604126 27.83446121 53.09914017
-36.7065239 33.95042038 62.90764236
-29.54560661 40.33679581 61.77954102
30.27810669 39.78990173 172.1177826
37.52005386 33.04913712 164.3948517
27.97429848 41.4419899 161.5914764
27.97429848 41.4419899 38.40852737
37.52005386 33.04913712 35.6051445
30.27810669 39.78990173 27.88221741
1.272461772 -49.98380661 50.66743088
8.618150711 -49.25167465 37.49811172
12.96476269 -48.28990555 50.67526245
-44.681633 -22.43995857 10.18247795
-46.98463058 -17.10100746 0
-41.77439117 -27.47544861 0
-46.98463058 -17.10100746 200
-44.681633 -22.43995857 189.8175201
-41.77439117 -27.47544861 200
-37.31314087 33.28256989 137.0912476
-41.64769363 27.66711998 146.8994446
-35.77279282 34.93289948 147.5218353
-29.56199837 40.32478333 137.9609528
13.05910015 -48.26448059 137.6003571
2.534279585 -49.9357338 135.2945862
13.32111549 -48.1928215 124.7223206
2.535782576 -49.9356575 123.0720062
26.65542793 -42.30234146 55.708992
22.55655098 -44.62288666 44.80914307
7.247489452 -49.47195053 113.2789764
0.0648534894 -49.99995804 104.5942764
18.12799835 -46.59802246 115.2044144
-6.054290771 -49.63210297 114.8191299
36.90600586 -33.73346329 37.00468445
29.32943726 -40.49424744 29.03912354
39.20495224 -31.03178787 26.25410271
32.67863846 -37.84318161 18.24003792
45.47072983 -20.79453278 21.09245872
37.624897 -32.92972946 163.1051178
39.03350449 -31.24716759 173.8009796
29.61996269 -40.28222656 170.8412628
32.67863846 -37.84318161 181.759964
45.47072983 -20.79453278 178.907547
-46.58904648 -18.15105247 154.9598541
-48.51198196 -12.10733128 144.2810516
-42.50017929 -26.33884239 146.4231415
-46.72702026 17.79285431 44.37712479
-46.62937927 18.0471859 60.00601959
-46.62937927 18.0471859 139.9939728
-46.72702026 17.79285431 155.622879
-49.94524002 -2.339426041 144.0892029
-48.67715836 -11.4251585 55.69437027
-49.94524002 -2.339426041 55.9107933
-49.23542786 -8.710494041 88.16911316
-49.99997711 0.04858759046 89.17385101
-48.96789551 10.10668564 97.88864899
-49.17570877 9.04156208 83.99908447
27.78986931 -41.56589127 106.8154221
41.93401337 -27.23120689 80.2707901
30.97948265 -39.24629593 82.09897614
8.433076859 49.28370285 28.08499527
-2.525136948 49.93619537 29.36617279
1.288155556 49.98340225 41.51107407
11.50954437 48.65727615 39.6127243
1.304717183 49.98297501 158.5178528
-2.53017354 49.93593979 170.6307373
8.434422493 49.28347015 171.9153595
11.49888992 48.65979385 160.3888397
43.26779556 -25.05789375 159.0265656
46.26514435 -18.96144295 150.0346069
47.53938293 -15.49215984 163.6939545
46.00479507 -19.58465576 51.31780624
43.26779556 -25.05789375 40.97344208
47.53938293 -15.49215984 36.30604553
-45.12357712 21.53747368 32.867733
-38.92080688 31.38742828 37.04598999
-40.39319992 29.46845055 26.78454971
-40.393013 29.46870613 173.2153625
-38.9142189 31.39559937 162.9543915
-45.12357712 21.53747368 167.1322632
46.31908417 18.82929993 179.6022949
39.87681198 30.16355324 175.2848511
34.6920166 36.00644302 182.3696289
39.87681198 30.16355324 24.71514702
46.31908417 18.82929993 20.39769936
34.6920166 36.00644302 17.63037491
22.55105972 44.62566376 150.8406219
31.34393501 38.95584488 147.2996674
14.34016132 47.8994751 56.29124832
22.55105972 44.62566376 49.15938568
32.0763588 38.3550148 53.16867828
-23.24373245 -44.26882553 122.5137634
-32.2649498 -38.19650269 121.0596924
-27.10243225 -42.01735687 110.9170151
-17.64743423 -46.78213501 112.1729584
50 -1.224646757e-14 47.05882263
48.71050644 11.28214073 57.61590195
44.74769211 22.30794144 76.22084045
45.65821075 20.3795929 87.03188324
46.69944 17.86511803 67.79225159
-49.66191864 5.804645538 200
-49.96335983 -1.913848162 189.8401642
-49.66191864 -5.804645538 200
-49.96335983 -1.913848162 10.15983295
-49.66191864 5.804645538 0
-49.66191864 -5.804645538 0
39.14729309 31.10449028 151.127243
45.93988419 19.73643875 147.7875977
41.27456665 28.22073936 141.3798676
40.69706726 29.04735374 58.95179367
45.34362793 21.07025146 51.44544983
39.4593277 30.70767975 47.73999023
50 -1.224646757e-14 35.29411697
48.77084732 -11.01836205 25.93095207
50 -1.224646757e-14 23.52941132
48.19612503 -13.3091507 12.88070774
50 -1.224646757e-14 164.7058868
50 -1.224646757e-14 176.4705811
48.77084732 -11.01836205 174.069046
48.19612503 -13.3091507 187.1192932
48.69286346 -11.35803509 145.3514252
50 -1.224646757e-14 152.9411774
-49.80686188 4.390522003 125.9529877
-49.18900299 8.968940735 115.7022858
-49.6988678 -5.479290962 124.8526001
24.88679504 -43.36643219 143.1606445
14.85872269 -47.74116135 148.9199524
22.55655098 -44.62288666 155.1908569
48.88033676 10.52200603 172.2657013
48.88033676 10.52200603 27.73429489
-10.93566608 -48.78945923 103.6701279
-11.56674862 -48.64370728 41.86999512
-15.9982605 -47.37146378 53.16899109
-7.710973263 -49.40183258 33.34208298
48.74856186 11.11655045 46.30664825
32.41095734 38.07268906 72.14395142
-36.73464966 33.91998672 125.6959839
-28.85938835 40.83057404 127.4070511
15.08255577 47.67091751 190.1396484
8.682409286 49.24038696 200
8.682409286 49.24038696 0
15.08255577 47.67091751 9.860354424
-14.34016132 -47.8994751 200
-7.672772408 -49.40777969 189.9085693
-2.907241344 -49.91540909 200
-8.008608818 -49.35445404 9.954688072
-14.34016132 -47.8994751 0
-2.907241344 -49.91540909 0
31.52053833 38.81308746 130.0858765
15.20310497 47.63261032 83.41074371
22.47089577 44.66608047 91.16907501
-42.40369415 -26.49390221 179.0522919
-45.45603561 -20.82663727 170.2153168
-42.28884506 -26.67683792 161.5399017
48.78398132 -10.96007633 46.33207321
-18.35480881 46.50915146 145.4489288
-6.182065964 49.61634827 138.3891754
-15.41799259 47.56348801 131.6467896
-4.584579468 49.78937149 149.3793945
-4.733983994 49.77539062 124.7085648
1.772447348 49.96857452 131.8222656
3.665371895 49.86547089 142.589798
-44.27035522 23.24081802 100
-46.95640945 17.17835236 107.1363602
-36.52059937 -34.15034103 25.87225533
-42.40369415 -26.49390221 20.94770813
-15.40748692 -47.56689453 93.62159729
-12.04237366 -48.52814865 82.74119568
-2.849523544 -49.9187355 89.71760559
-5.887825489 -49.65212631 63.17943954
-17.74790382 -46.74411011 63.81906509
-43.93522644 -23.86830521 135.9660187
-37.80970383 -32.71736908 134.8531342
-48.1704483 -13.40178299 132.4763031
-44.64556122 -22.51163864 124.4017181
-18.34105492 46.51457596 54.3480072
-15.91495323 47.39951706 68.13733673
-7.682845592 49.40621185 61.44351196
-4.477753162 49.79909515 50.52830887
-5.174095631 49.73156738 75.30125427
1.250367522 49.98436356 66.87013245
21.47509575 45.15329742 110.7588272
14.64191437 47.80809784 118.7062378
-25.77677345 -42.84341431 53.72079086
-26.04129601 -42.68314362 64.27063751
3.75932765 49.85847473 57.02113342
-13.85864353 48.04100418 155.0959167
4.524693012 -49.7948494 28.10264969
-16.2525444 -47.28482819 142.7468414
-2.9757967 -49.91136932 145.4892578
-8.883671761 -49.2044754 155.0915222
-19.00175285 -46.24860382 153.283844
-9.783564568 -49.03347778 176.1518402
1.580867529 -49.97500229 182.1461487
-15.80824852 -47.43521118 183.8394623
-6.573431492 -49.56601715 23.83651161
-15.1246109 -47.65759277 16.9506321
1.580867529 -49.97500229 17.85385704
-13.75724125 48.07014084 44.80750275
-49.27966309 8.456632614 53.2355957
-49.38563156 7.814044952 62.32966995
-49.27966309 8.456632614 146.7644043
-49.38563156 7.814044952 137.6703339
16.53750992 -47.1859169 163.6226044
5.002408028 -49.74913025 93.66098785
49.06697464 -9.614165306 110.5154037
45.8049469 -20.04761124 111.2241821
-48.0897789 13.68843746 23.26519394
-47.47147751 15.69900703 13.36803722
-49.86087036 3.72738862 20.13607407
-47.47147751 15.69900703 186.631958
-48.0897789 13.68843746 176.7348022
-49.86087036 3.72738862 179.8639221
-23.68486786 -44.03438568 80.0241394
-16.97716713 -47.02952194 74.17854309
44.82927322 22.14353752 133.2452087
47.18328476 16.54501724 124.4014359
39.29401398 30.91893387 130.5792542
41.90932083 27.26918983 119.856575
-24.04168892 -43.84058762 100.6639023
-49.58943558 -6.39436388 175.5658875
-48.51413345 -12.09870815 184.2942657
-49.58943558 -6.39436388 24.43410683
-48.51413345 -12.09870815 15.70573425
31.38421822 -38.92339706 44.32065964
34.51777267 -36.17351532 53.99889374
31.38421822 -38.92339706 155.6793365
34.51777267 -36.17351532 146.0011139
-48.35148239 -12.73319149 100.6152954
-44.64556122 -22.51163864 95.61743164
43.41412735 24.80350113 160.000061
48.74856186 11.11655045 153.6933594
47.4152565 15.86800194 163.7859955
43.41412735 24.80350113 39.99994278
47.4152565 15.86800194 36.21401215
45.02016449 -21.75281525 65.69522858
47.35266113 -16.05383301 74.20036316
39.89021301 -30.14582825 69.33274078
40.91540527 -28.73898888 58.24712753
-34.36254883 36.32100296 92.65310669
-27.58870506 41.69968033 91.83689117
-28.81635666 40.86095428 81.18658447
48.9838829 10.02891159 88.92640686
-47.16856003 -16.5869503 42.4173584
-44.41923904 -22.95497894 50.06157303
-41.77532196 -27.47403336 38.47346497
-44.76944351 -22.26425552 29.9709549
-39.55730057 -30.58136749 79.55865479
-36.06625748 -34.62982941 68.64347839
-39.72754288 -30.35987854 100
-45.52547836 -20.67440414 85.60785675
-45.08916092 -21.60943031 75.09959412
-35.37839508 -35.33226776 150.050705
-35.35916519 -35.35151291 160.0569611
-17.96121788 46.66256332 190.4050598
-17.14396095 46.96897507 181.1872559
-17.96121788 46.66256332 9.594935417
-17.14396095 46.96897507 18.81274414
-48.66103745 11.49363327 165.5738678
-48.66103745 11.49363327 34.42613602
-46.09175491 19.37911224 90.85196686
45.23762512 -21.29688072 124.8388138
47.44272614 -15.78568172 133.0900421
40.31878662 -29.57017899 118.9830399
40.54657745 -29.25705338 130.8860931
31.80112267 38.58352661 63.26507568
39.29401398 30.91893387 69.42074585
25.51250267 -43.00130463 122.0936661
33.32639313 -37.27400589 116.8614883
18.21431732 -46.56435013 35.88780212
36.42459106 -34.25272751 108.5089188
33.84457397 -36.80413818 191.2111206
33.84457397 -36.80413818 8.788882256
-8.297449112 49.30671692 177.42099
-8.297449112 49.30671692 22.5790062
44.33182907 23.12334442 97.13129425
38.66799545 31.69836044 98.2692337
4.468246937 49.79994583 84.64472198
-4.124761105 49.82957458 89.47742462
-12.63924885 48.37612534 85.05219269
4.983800411 49.75099564 94.89398956
-3.656435966 49.86612701 99.86956024
-12.57039833 48.39406204 95.05458832
-16.65788651 47.14355469 121.7450714
-10.36292934 48.91431046 114.1995468
-24.71282005 43.46580887 117.146759
-25.33255768 43.1075592 176.3582001
-27.23602104 41.93088531 166.1753845
-19.45601463 46.05934906 165.3810425
-25.33255768 43.1075592 23.64179802
-27.2238102 41.93881226 33.83440781
-19.42328453 46.07315826 34.62018204
11.64574814 48.62485504 151.1268616
5.452879429 49.70177078 104.6689606
14.50526428 47.84973526 99.36973572
-28.08168793 41.36929703 106.9670486
-18.81165314 46.32625198 109.6987991
-20.75381279 45.48933029 100
-49.87265778 -3.566245556 134.2633362
-48.33769226 -12.78544044 67.5377121
-49.88663101 -3.365146637 65.72473907
-49.6988678 -5.479290962 75.1473999
-49.83374786 4.074007988 74.02098083
-49.63673782 6.016150951 106.8985062
11.58222008 48.64002609 48.85532379
3.078294039 -49.90515137 191.9029846
3.078294039 -49.90515137 8.097008705
-26.2555809 -42.55167007 147.7498627
-25.45636749 -43.03456116 139.0551147
-32.72859573 37.79998779 117.2328262
-36.06093216 34.63537598 108.4064255
34.31208038 36.36868286 7.863114357
34.31208038 36.36868286 192.1368866
35.26205826 35.4483757 138.5356445
32.25475693 38.20511246 155.5381165
32.24994278 38.20917892 44.78149033
40.68603516 -29.06280518 151.3114014
41.32032013 -28.1537075 141.7575684
40.1385994 -29.81430435 48.62484741
33.81867981 -36.82793808 73.05960846
-34.61476898 -36.08071136 111.7181854
-38.29402924 -32.14914322 120.6260986
-41.05064011 -28.54549026 110.0095749
6.126765728 -49.62320709 82.86870575
-48.0710907 -13.75391293 120.6130066
-7.026874065 -49.50376892 124.4557571
-17.32252502 46.90341187 77.40368652
-25.11625671 43.23394012 70.80370331
2.907241344 49.91540909 192.3466034
6.326058865 49.59819412 183.8031006
2.907241344 49.91540909 7.653391838
6.326058865 49.59819412 16.19689369
49.20171356 -8.898950577 156.7488251
44.24180984 -23.29511261 31.03017998
44.37649918 -23.03749847 169.0862274
-47.95994568 -14.13660622 78.8883667
5.122680187 49.73688889 124.0771942
6.152091503 49.62007523 114.6880035
34.72416306 -35.97544098 136.3544617
28.11898232 -41.34395599 131.8251495
-40.83422089 -28.85422707 59.81930542
-33.99782562 -36.66262054 50.54992676
-33.87816238 -36.77322769 59.57898331
-37.44148254 33.13812637 74.96302795
-37.85081482 32.6697998 84.52088928
31.5112381 38.82063675 99.96437836
39.10142517 31.16213417 108.2334824
34.73410416 35.96584702 115.3536758
-43.79351044 24.12733841 8.154049873
-46.98463058 17.10100746 0
-42.93198013 25.62898636 16.13280869
-43.79351044 24.12733841 191.8459473
-46.98463058 17.10100746 200
-42.93198013 25.62898636 183.8671875
-42.51198959 26.31978035 43.51810074
-42.51198959 26.31978035 156.4819031
33.97582245 -36.68301392 63.4266243
-6.903295517 -49.5211525 136.445694
-14.29196453 -47.91387939 130.6537781
34.20912552 -36.46554184 126.334137
-31.65496254 -38.70353317 130.8829193
44.69497299 22.41337776 170.149292
44.69497299 22.41337776 29.85070801
-2.490894318 49.9379158 109.1884689
30.42732048 39.67591476 90.61418152
36.4664917 34.20811081 85.89622498
19.88183594 45.87714767 166.2316284
21.22548294 45.27117157 175.3977203
19.88250732 45.87685776 33.76815033
21.22548294 45.27117157 24.60227966
49.44926071 7.400708675 123.5294113
4.774353504 -49.77153397 145.0117798
-34.31208038 -36.36868286 0
-39.81377792 -30.24670219 8.693153381
-39.2389946 -30.98872948 191.3179016
-34.31208038 -36.36868286 200
-33.42300034 -37.18740463 186.282959
-2.118493557 -49.95510101 41.37221146
-45.20351028 -21.36919594 104.9432907
-7.86563015 -49.37744141 49.16400909
23.17858887 -44.30296707 82.07641602
9.784230232 -49.03334427 179.1484528
9.712422371 -49.04761887 20.85146523
-8.253129959 49.31415558 161.7494812
49.47229767 -7.245132446 76.47058868
5.833575249 49.65852737 75.51408386
-39.60629272 -30.51788902 46.39596558
-7.936982632 -49.36602402 72.54376221
3.012908936 -49.90914154 65.13806915
2.100311995 -49.95586777 75.17856598
-8.237409592 49.31678391 38.21306229
-44.83168793 -22.13864708 115.2854156
45.65412903 -20.38873863 8.865634918
48.65224457 -11.53079319 0
45.65412903 -20.38873863 191.1343689
48.65224457 -11.53079319 200
13.42320347 48.16448593 109.6402664
-11.80624771 48.58613586 104.1878433
49.49615097 -7.080331326 135.2941132
-47.06906128 16.86722755 79.19406128
-43.36159515 24.89522362 85.27255249
-17.79380608 -46.72665787 191.681488
-25 -43.30126953 200
-26.27017021 -42.54266357 186.943161
-17.79380608 -46.72665787 8.318516731
-25 -43.30126953 0
41.49854279 27.89033699 90.21422577
31.67123604 38.69021606 109.0058136
30.89416313 -39.31349182 91.22126007
45.85016632 19.94397736 8.658845901
48.65224457 11.53079319 0
48.54192734 11.98671055 12.10016251
48.65224457 11.53079319 200
45.85016632 19.94397736 191.341156
48.54192734 11.98671055 187.8998413
-32.93533325 -37.61999512 141.3050995
49.1360817 9.254488945 145.6291351
12.96340179 48.29027176 64.21326447
22.90768242 44.44364929 101.6542664
10.35307217 -48.91639709 71.69574738
-48.65224457 -11.53079319 6.786225319
-48.65224457 -11.53079319 193.2137756
49.17489243 9.04599762 66.31878662
-43.23824692 25.10884476 135.7201385
-45.70908356 20.26523781 128.6374969
-42.66876984 26.06484604 123.1444473
-20.74545288 -45.49314499 176.4897614
-42.73438263 25.95712662 76.6960144
-45.70908356 20.26523781 71.36251068
39.42559052 30.75098228 78.6102829
20.34322739 -45.67442322 131.3563385
-49.5851326 6.427649975 191.1738434
-49.5851326 6.427649975 8.826153755
-46.40065002 -18.627388 178.7262878
-46.40065002 -18.627388 21.27370453
-27.78125572 41.57164764 45.24669647
-25.90129089 42.76824951 53.83084869
-26.07170105 42.6645813 146.2082977
-27.78125572 41.57164764 154.7532959
-23.55975151 44.10145187 62.13761902
-38.86285019 31.45916176 116.6154938
-44.05726624 23.64227867 114.5856705
-23.28782845 44.24564362 137.4581909
-47.00788498 17.03698349 120.8523102
45.88188934 19.87089157 116.030098
-42.2328949 26.76532364 64.42367554
-41.53866577 -27.83054543 69.36162567
-41.70045853 27.58752632 107.1425018
-38.90756607 31.40384102 99.78356171
25.28293228 -43.1366806 178.0903015
25.26636696 -43.14638519 21.8983078
45.18556595 21.40711784 60.06744766
24.49072075 -43.5913353 163.6503906
29.72490692 40.20484924 117.9790344
49.20434952 -8.884370804 53.90336227
-1.678026199 -49.97183609 154.677536
-26.59525681 -42.34019852 72.9311676
45.13515854 -21.51319122 139.8436432
-45.15730286 -21.4666729 61.28414536
26.85130882 -42.17827988 37.67322159
14.72613239 47.78222656 181.4877625
14.72613239 47.78222656 18.51224327
-32.12405396 38.31507874 69.76810455
0.2786805332 49.9992218 22.51710701
0.2786805332 49.9992218 177.4828949
-30.65736008 39.49843597 100.5363159
-41.21973801 -28.30076218 30.07587242
-41.31356049 -28.16362381 154.0830841
46.72452927 -17.79938889 82.45999146
-22.50492859 -44.64894485 20.08906555
28.25304604 41.25246048 180.3113861
28.25304604 41.25246048 19.68860626
5.123493671 -49.73680496 58.31418228
35.82979584 34.8744278 123.7966537
-49.99272156 0.8531570435 81.58519745
-3.892728329 -49.84823608 81.26184845
32.046978 38.37956619 80.48363495
-48.39352798 12.57245541 131.075058
-48.39352798 12.57245541 68.92494965
45.5249176 -20.67563438 98.34138489
-4.93823576 -49.75553894 97.728302
-32.75705338 -37.77532959 192.5519409
-30.94802284 -39.27110672 7.211424351
-14.29082489 -47.9142189 120.3595734
-34.28435516 36.39482117 43.84974289
49.28362656 8.433520317 37.65977478
49.28362656 8.433520317 162.3402252
-45.12110901 21.54264641 176.5819244
-45.12110901 21.54264641 23.41808128
-41.21459579 28.30825043 91.79631805
-22.09585571 -44.85279465 131.1681671
-34.22695541 36.44880676 156.2922516
-1.209210515 49.98537445 116.9088058
50 -1.224646757e-14 188.2352905
49.51283646 6.962697983 181.1969757
50 -1.224646757e-14 11.76470566
49.51283646 6.962697983 18.80302238
12.39112568 48.44027328 91.24809265
-20.43034935 45.63552094 86.30709839
50 -1.224646757e-14 200
49.54870987 -6.702624798 193.2224884
49.54870987 -6.702624798 6.777513981
50 -1.224646757e-14 0
-15.04756641 -47.68197632 160.4568176
-21.31815529 45.22760391 42.88240433
-34.18164444 36.49130249 31.8310833
-34.13469696 36.5352211 167.9957123
49.53047562 -6.836071968 181.2964783
49.53047562 -6.836071968 18.70352554
-34.30893326 -36.3716507 177.7010651
-21.39239693 45.1925354 157.1298218
49.30254364 -8.322211266 37.58433533
43.81890488 24.08118629 67.86628723
-31.35457611 -38.94728088 43.61232758
-38.7121048 31.64447975 19.2072506
-38.71208572 31.64450073 180.7927551
-40.8783989 -28.79160309 128.2459564
49.61494827 6.193291187 193.7304688
49.61494827 6.193291187 6.269528866
27.21072197 -41.94730759 75.24588013
-15.11065865 47.66201782 173.1216278
-15.11065865 47.66201782 26.87836838
36.88720322 3.980195284 0
-27.78221893 -23.58485794 0
-35.47755814 -8.273882866 0
-33.1974144 16.55908966 0
25.54211426 26.94399643 0
-6.118168354 -36.57699966 0
39.49420929 -6.526227951 0
31.28989792 -14.24350262 0
28.26633644 -4.238140106 0
4.495670795 -39.43945312 0
2.399431467 -27.31541443 0
12.35630131 -31.63088226 0
-28.98477936 27.09508133 0
-17.99319267 28.79992867 0
-20.47748566 18.23627472 0
18.0193882 35.49256897 0
7.204421997 33.49382401 0
13.14658356 24.54298401 0
12.12137604 -20.10458183 0
22.59279633 -23.83026505 0
-8.845295906 21.80237198 0
-5.623326778 32.3526535 0
-7.430092335 42.23038483 0
29.43702698 -31.17808533 0
1.096606255 -12.79355812 0
11.61023808 -10.61629295 0
-9.289035797 8.600045204 0
-1.326387763 16.09591484 0
-24.10339928 -33.73271561 0
-16.35086823 -28.52655411 0
-40.38926315 9.288116455 0
-32.65818787 3.814102888 0
34.7773056 22.54344368 0
29.38415718 14.75384235 0
-41.569767 0.965667367 0
38.8281517 13.98960686 0
-16.19700813 -37.96770859 0
20.79395676 -12.4121151 0
2.519076347 24.29927444 0
23.82697105 5.725066185 0
-25.41075134 -1.462772846 0
-16.30926514 1.03536427 0
-22.00576591 -11.05171108 0
-8.9087286 -13.70031643 0
-16.32870865 -19.52638054 0
-36.69378281 -18.4409523 0
-7.652187347 -23.26972008 0
18.86009216 15.63110733 0
13.23771 6.772383213 0
-22.89035606 7.797017574 0
-0.2169097513 -0.1561031044 0
4.341098309 8.13780117 0
17.56221581 -2.966118574 0
1.912327766 42.08833694 0
-16.19205856 38.89604568 0
21.53019142 -36.21513367 0
34.9019928 -23.59948921 0
-8.055737495 -4.045743465 0
-30.48983192 -15.33785057 0
41.1562767 -14.97966003 0
-26.15410995 35.13106918 0
12.56129169 41.95763779 0
12.56129169 -41.95763779 0
7.638085842 -3.027611494 0
8.463028908 15.91324425 0
36.88720322 3.980195284 200
-27.78221893 -23.58485794 200
-35.47755814 -8.273882866 200
-33.1974144 16.55908966 200
25.54211426 26.94399643 200
-6.118168354 -36.57699966 200
39.49420929 -6.526227951 200
31.28989792 -14.24350262 200
28.26633644 -4.238140106 200
4.495670795 -39.43945312 200
12.35630131 -31.63088226 200
2.399431467 -27.31541443 200
-28.98477936 27.09508133 200
-20.47748566 18.23627472 200
-17.99319267 28.79992867 200
18.0193882 35.49256897 200
7.204421997 33.49382401 200
13.14658356 24.54298401 200
12.12137604 -20.10458183 200
22.59279633 -23.83026505 200
-8.845295906 21.80237198 200
-5.623326778 32.3526535 200
-7.430092335 42.23038483 200
29.43702698 -31.17808533 200
1.096606255 -12.79355812 200
11.61023808 -10.61629295 200
-9.289035797 8.600045204 200
-1.326387763 16.09591484 200
-24.10339928 -33.73271561 200
-16.35086823 -28.52655411 200
-40.38926315 9.288116455 200
-32.65818787 3.814102888 200
34.7773056 22.54344368 200
29.38415718 14.75384235 200
-41.569767 0.965667367 200
38.8281517 13.98960686 200
-16.19700813 -37.96770859 200
20.79395676 -12.4121151 200
2.519076347 24.29927444 200
23.82697105 5.725066185 200
-22.00576591 -11.05171108 200
-16.30926514 1.03536427 200
-25.41075134 -1.462772846 200
-16.32870865 -19.52638054 200
-8.9087286 -13.70031643 200
-36.69378281 -18.4409523 200
-7.652187347 -23.26972008 200
18.86009216 15.63110733 200
13.23771 6.772383213 200
-22.89035606 7.797017574 200
-0.2169097513 -0.1561031044 200
4.341098309 8.13780117 200
17.56221581 -2.966118574 200
1.912327766 42.08833694 200
-16.19205856 38.89604568 200
21.53019142 -36.21513367 200
34.9019928 -23.59948921 200
-8.055737495 -4.045743465 200
-30.48983192 -15.33785057 200
41.1562767 -14.97966003 200
-26.15410995 35.13106918 200
12.56129169 41.95763779 200
12.56129169 -41.95763779 200
7.638085842 -3.027611494 200
8.463028908 15.91324425 200
-18.30436029 -30.42089443 79.18005557
-34.1427774 -12.27966658 96.24891097
-11.99941706 -19.17602384 145.2447945
7.839940559 -1.514813541 146.6454108
-8.29495861 -37.97606596 69.3346315
31.96624943 6.01881102 141.1849663
2.852044871 -2.632067138 172.1812612
-36.82715882 -13.52697873 186.8057277
-5.416616281 28.8346997 18.60534268
-10.46702811 16.1541837 186.5533559
19.18821054 -22.34153825 37.76030795
-16.38831077 -26.45088158 174.1039024
0.9917664306 5.369267128 135.2966872
-4.377315702 22.23655661 49.82449712
-4.654557543 -30.71800868 36.93818592
20.55469846 -19.67872546 179.0453552
-29.20828828 -12.95749417 44.95667285
-0.3507935373 -21.25805361 186.0303548
-31.99900138 24.13859285 177.6869254
-14.50772985 11.06817822 169.8195042
-26.62596543 -26.19805704 20.23405438
6.566203247 15.73303593 72.19087781
-1.759778084 41.6958665 62.58128961
12.03728575 -13.38027713 71.03536777
-14.4996652 33.82176166 61.02689334
-14.70814577 -8.444346601 94.90960812
-31.70258729 10.40481966 36.82851747
-9.521719398 6.59351516 41.61594974
-3.373039916 -31.96731516 118.9521653
-12.13496854 32.00988994 78.54416235
2.760311572 9.980845996 104.9981525
12.8333992 13.98118339 159.1071714
-2.588503449 -33.74954735 8.71164403
4.596598413 26.86953181 9.07387593
-26.54992986 -19.50578383 165.3190568
35.97467301 0.009071870257 110.2943103
2.921928678 -4.150588015 75.56557807
-4.194202379 -3.410225681 156.6439822
-10.20497788 0.544945606 58.67709569
19.96413794 -33.47244825 30.20042225
17.25711361 -27.13163065 142.7470513
-22.14182355 -18.92496069 32.69219158
-25.59346653 -8.461141369 10.20213156
14.38703344 -3.080546297 158.3628947
-1.239200814 -35.49800675 190.1770987
17.01884061 -0.7510629349 185.6608816
-2.429166027 -10.01621695 134.8502034
-16.94374701 36.67386087 175.321867
10.26205871 24.50651632 127.2947291
11.81992936 -12.02807058 126.7852336
-36.05872934 -15.18430026 132.2788006
13.87183301 7.575518808 80.07127318
-0.3734181381 26.57494759 173.7151462
21.52257054 34.56707072 14.48005905
7.826331897 27.21327862 142.7973265
4.037943705 29.97427054 43.6363884
31.13592402 -7.72105874 72.9857526
25.53283021 -11.85398159 133.9043571
33.31020121 -13.93752344 44.72014116
-8.801343655 -11.57281296 53.83934201
19.97374975 1.315158855 68.38062857
-28.71355107 7.760342874 97.43663969
-23.3088082 15.69876758 67.42250524
-8.903506675 2.501360362 184.7154771
9.786662915 -33.23962585 111.4597121
-1.416383518 19.63047433 147.6443476
16.52295087 -26.75829975 190.2387829
-25.91067773 11.27838074 85.39760843
-37.23975474 14.78112081 80.92566743
1.565587689 -41.74951195 96.5893188
5.964124388 -37.83697384 49.97960934
-27.63454576 27.73410056 84.84983555
20.04937368 -35.03393412 77.76382794
-15.38971573 34.16653088 94.99397077
21.52816901 35.91784904 103.3323784
-26.91856539 -2.921142167 138.4266966
-37.72868867 -4.36844883 36.17936547
-13.66184399 -5.336412386 143.3082545
28.55823717 20.5756412 76.48380058
-26.7946211 -6.812178569 107.4817093
7.795189012 24.12985945 60.28090066
26.58253417 27.0026603 24.92548625
25.40172277 11.81533006 130.4378593
-24.53600874 24.67258322 125.9098006
13.63591452 -22.33357402 90.57585578
-41.7919711 6.545402621 176.6001579
-25.57599015 15.96086288 152.5277924
-21.52561625 1.090151239 70.11760858
28.74797349 7.982355733 171.629284
-35.59400557 -10.36001634 169.7864763
-5.26919285 42.19609258 45.33175714
-18.3367459 -5.877609966 37.7704418
-26.62600032 -8.228604707 25.47483414
-2.215468948 -8.036032245 7.43556826
34.14021541 0.1310201985 60.10605248
36.63518959 -9.379040909 95.55480919
-12.74498763 -22.47946604 127.804063
30.15644041 9.864266214 100.289852
16.89277241 11.57982495 181.2716826
12.55795616 -9.39094023 38.66500744
-11.98940883 -15.98003001 158.7277025
23.57708343 -21.12955646 108.1167502
-11.99650487 11.20174634 71.49421401
-31.30125228 -10.67408812 76.70539191
29.51259319 11.49530169 43.04592848
-24.8328232 -29.583756 120.3425304
18.45496839 -34.50545649 90.78060497
-18.05932033 -38.11195871 56.43382899
-19.49248964 14.54048081 37.19770306
33.10224758 17.1465688 161.3059083
12.05610589 10.06161527 8.513410765
28.25815064 -25.49739952 23.59557351
22.23312569 -3.181007862 7.620210388
-12.10318171 -25.0820367 69.85175485
35.49511243 -20.61396334 98.40835711
-4.3253022 -16.18738865 111.0801845
13.80778997 -26.43433258 49.77367463
19.22899192 34.77113625 80.34702407
-15.48736431 11.27374015 55.84787406
27.42663545 29.00546669 152.7668073
38.28394034 2.845683756 164.4667922
-25.48074592 33.02664814 166.8129232
-3.352080872 -20.32427507 47.73637322
-38.64085118 0.1061563274 10.71832456
14.77346702 14.10519445 50.92874979
17.66252057 -15.19359422 156.8938348
-3.744833246 33.13829257 107.4612019
26.86921319 -26.1246412 89.88688411
26.97211622 -2.476953669 43.31228645
3.30989806 -20.56368897 159.7935982
-22.23109538 30.11963431 13.67943416
21.40467523 22.03362183 174.7511666
9.921859429 16.16850693 93.78902804
-29.62812205 17.50300203 50.65869278
8.857824053 -32.04809275 69.43287454
-33.19737651 -22.32228014 144.2929381
-6.565034035 -35.68842317 24.5410966
0.7066479133 35.86914664 190.4687889
2.389028207 -4.835777615 191.1256189
-40.80405642 -2.541457211 52.82487695
34.84419825 -20.00898227 189.4683183
-17.50747439 -7.531832032 173.5445848
-12.62568532 30.09085572 30.58404111
-9.663956369 -13.27980374 15.85789691
8.75441336 -21.04883712 111.0956226
4.203819422 16.36612563 187.803145
-6.592423028 26.47597495 132.7881975
6.406643956 -20.81363611 145.2419381
1.012009003 28.11494631 72.18934583
30.9681806 -28.58928505 139.3747879
-3.096301138 23.85659398 89.47689816
33.8246915 3.789194131 79.83361838
32.40305393 -6.296245046 157.8506218
-14.0253053 39.72437618 136.882152
1.083780906 14.01583681 8.421781018
-13.44685203 -36.25479682 130.5463331
-31.57096654 9.518072142 140.6086697
14.97901632 5.540806075 32.40291306
1.246763696 4.792281634 118.2821744
-21.20419716 -26.86852861 47.15456818
-1.997488938 -25.34249253 170.3853214
0.9292518021 -22.57366852 29.22660413
-11.26796585 34.92876599 189.5900488
-18.30433162 -14.95848295 75.27172816
19.51121416 -21.82964543 10.02350638
3.185018029 -8.466703434 90.55872782
-27.25069457 -30.4197734 160.9227359
-1.703848069 -5.137386171 32.50226732
-3.316061573 15.07207283 22.25337551
25.51370712 -23.67298911 74.33188787
19.32667638 25.54489349 37.36912027
35.27744334 21.11226759 93.27960363
-35.81090912 15.81670266 166.3583936
3.326324327 -40.42911177 24.91774133
-3.490264661 -26.69942184 59.53311332
-27.63819064 -26.19001163 183.7442785
-37.50608047 -5.022273573 86.75035405
9.414238758 28.87893678 112.2936097
20.55354004 -35.21198869 175.2860203
11.18347153 -9.542210054 15.55678083
33.52483528 -22.24254934 163.6747199
13.9438466 39.26762021 114.3570555
34.59919938 -6.735039371 140.4062265
37.16578826 21.25133875 35.05850301
-27.66274179 28.90417596 187.7292021
40.17335757 11.81731721 13.39159578
-30.85399023 27.06598245 155.212566
-0.08555105325 -41.29939168 172.9149444
-24.27745246 14.74595886 15.02270788
21.46909377 -9.812739336 22.60874161
10.85442119 -38.22499266 142.1950077
-41.87397603 -4.81318862 63.67629355
-40.22150067 12.19484907 64.77355018
-32.16412369 2.232070575 117.1310553
9.956141555 -32.85694336 130.0947375
-8.491829558 -29.55793697 105.3110264
-16.97329503 34.41853681 150.5396145
-21.38558342 28.87292355 136.0032892
-38.923139 -6.500551626 140.419322
19.25095734 14.81899313 105.9221868
37.71735276 -18.36829365 178.5514994
3.655845242 -19.8354297 79.65404809
24.19415557 -32.71715558 116.3660114
19.38447423 23.8734341 142.4782607
-25.68340239 -14.61264159 148.5870428
-6.845143504 -39.42142172 82.82292336
-24.9035261 -26.91266865 64.60997283
17.41850138 23.69735354 91.76868256
24.64919777 28.80340116 121.8089511
13.46737093 30.03328525 193.5249785
26.99029402 19.26443026 9.339074742
-28.45010659 7.932617096 169.7870678
33.67108666 -7.288772298 34.81673007
-14.2031251 -10.06558701 129.6853392
-11.04735926 20.30325505 112.4754044
-40.95941505 -11.48238685 114.8346701
39.62798381 -11.04847263 65.44183769
36.79631365 15.69350965 64.91300558
26.32383272 11.35676116 63.24354232
0.3462963014 -29.51884569 147.3571841
30.44134263 -0.3771201961 185.6976068
-2.105693932 8.483240816 194.0579026
38.71447027 -4.23808655 129.8378243
-12.21020193 5.059443197 86.47079513
5.503868128 40.42850007 120.9192044
39.11734606 5.672574475 179.4878879
9.091601382 -8.942104325 104.1131492
-21.3532644 2.155452575 184.2384449
11.18436181 10.06308896 193.065505
-4.001686211 -33.52267391 157.1921704
20.40735507 28.58617832 183.5782104
20.33940896 30.74878214 58.43683832
-7.127868296 0.8181387462 14.29123946
-18.30398643 -11.98152659 62.59461948
21.10172795 -4.371706946 125.8910231
8.30195614 -30.91371114 12.4358533
-13.40123788 19.25786605 14.67160151
9.366295046 34.07212015 174.0855375
-39.46973453 13.71816793 150.1318258
-36.76782169 5.273762294 20.55874335
19.04322116 34.29136957 169.0818441
21.22465899 0.9935893368 143.8816188
-23.02111803 19.23462212 185.6461232
-14.18885056 -2.646803822 117.0806488
-5.398157674 42.02854218 95.69568166
-15.74080688 5.566178074 17.92782693
10.95005459 13.40821986 131.987409
41.74550808 8.000898895 23.74555715
31.58627606 -19.44569754 127.5602821
-35.30992933 -18.26616971 84.05703291
-15.88972717 -37.85129556 180.9464244
-25.66531263 31.96374864 38.67024036
0.5890927047 9.80227128 87.13452308
-21.41158688 27.30392744 53.40222452
35.97415585 5.522895671 125.4269836
-27.55905199 -31.23564858 132.5976117
-30.57799119 26.15872813 68.2341642
14.79028975 39.95033606 33.16128364
33.7454592 -26.58865967 63.37104343
1.495272482 42.53131954 166.5218888
5.941048284 -10.96443758 60.37613221
23.55078665 -34.41908335 46.67844485
-9.32075956 -19.35154416 32.98420832
21.26111908 5.801133935 153.0847491
-8.497951851 40.02837874 23.9550472
11.82875194 0.01756515891 21.42546534
8.533121685 -14.72611332 177.0871357
-19.48938318 -36.9107121 152.8647337
14.19367444 38.64621624 185.5918753
-7.815214035 38.97627192 119.7762919
30.56459101 -15.70447584 62.21670717
-3.015490259 -14.66073627 172.0062993
20.60198861 38.31668602 144.7384675
-14.3015791 35.86542883 47.89051864
7.555666746 8.582581211 39.54989673
39.38257639 17.04272816 106.7197664
0.3221182419 5.421702832 62.51064761
20.75153603 -1.098741266 95.08662164
-33.77985189 17.62855673 127.5433227
38.01652065 20.82991957 175.9255684
-34.82726546 -19.82947574 156.6906897
31.34323834 28.88102762 130.9794054
31.59917315 -19.87595966 6.260378091
19.87913798 -34.21999068 14.26415495
22.61890951 -3.437509736 112.4799056
-36.53801147 -18.02738673 53.95610116
12.13754939 17.78807624 148.5087019
-29.29038395 -6.965046861 192.8890835
-23.48112571 -15.43765473 88.18944965
-7.478350602 9.173860686 154.8451268
27.4229148 15.08137013 188.3263605
-35.29643305 -24.49469686 105.802758
-31.7040606 9.223373944 193.2225577
6.024223177 36.26370352 27.13249941
-5.232128063 1.235386762 100.4442352
-15.03560918 7.790624528 128.7539682
-17.98723832 -21.37330126 113.826025
-7.483934345 1.926179799 123.9363546
12.49549417 -26.51988756 161.3123192
-15.93592105 -20.49622009 102.1430379
-7.052955628 32.21668482 154.9581941
-8.71963621 -26.2340292 90.82353106
-26.91718281 -2.093207837 151.1347672
33.52365539 -18.49613495 153.6149339
-26.33187434 7.404042431 7.535088932
-36.40964652 -14.81612612 6.70634631
-31.81581783 25.41701301 111.6737618
-26.95893235 1.081742777 56.01364794
11.29728266 39.33411339 67.59785244
-25.79288041 -30.34355571 93.27826951
34.37683686 26.15943221 185.8204839
-1.664472328 20.15889983 163.6291467
13.76820713 22.00253705 17.93681722
12.35568219 -40.32509147 102.1561984
-6.656809138 -41.07209874 144.7375534
5.318224883 -4.634463797 50.13794861
30.16573754 7.495181815 11.21153394
15.62406797 -18.54074367 58.79244166
-13.67431733 21.58788143 60.77466512
-30.70849737 10.08446419 182.9700954
25.97915138 -9.369217365 178.9890161
39.17279356 -7.512889969 168.6400017
42.57914312 5.257560259 42.86193415
-9.012823304 -33.39970049 168.1891444
-23.7848479 35.88124734 113.4051845
-17.06641072 -39.22962137 28.43534619
12.66663317 19.06481986 32.26767372
29.46060874 20.43148746 140.2431749
-32.59528629 -27.68244226 194.3767727
-24.34449929 21.05460796 98.3377128
-30.25247717 -15.33546832 61.06545502
-20.31739984 26.82762198 157.4826886
-10.38561898 -14.21786476 183.2528892
0.4119563771 -42.61266287 118.2200273
-38.53205235 10.84530256 46.95517772
-32.2833394 -26.11481418 73.82394447
4.008263712 -43.00006335 38.67720995
22.61790619 -12.95949095 116.5879952
1.217557118 2.477014606 8.737763925
33.33656851 -23.64416848 111.6674857
31.90780347 2.585515031 29.69707447
29.05591713 -27.73284903 151.1374144
8.304218052 -20.8611675 18.21312031
-17.03293453 -31.59960001 9.167726381
-38.61876348 1.054519696 187.552588
10.79980423 36.31642266 158.2019056
4.859213359 -42.20874334 150.4332928
1.115745284 -22.94663776 6.977605735
8.31332061 -1.240823831 60.82684556
12.04516932 -27.88384066 176.029269
-44.42456846 3.022222568 151.5032938
-14.01056403 14.57419006 4.79296173
5.161923045 -9.75988982 159.0188967
-40.26545589 12.88794342 111.0065805
5.141810598 38.35339708 85.76851806
9.478307112 8.510505954 63.63475544
-21.85580875 1.838475192 160.9149118
-40.27434717 3.670240885 126.8902831
14.66845112 1.842885998 108.3843739
-7.711415801 22.2331031 102.6033183
-36.95828526 -7.654911377 159.4915629
23.64547095 -16.73308778 165.553293
19.70130429 15.91665164 84.17039101
-39.05050942 18.00771717 103.074709
1.808055499 -4.341544438 22.24814625
-29.04511265 10.85075017 109.7624767
22.34570898 -18.28983656 194.2607757
14.34617522 -5.939642465 117.6742264
-3.764482914 25.16838613 189.269087
-18.20167562 -37.98535063 170.2998622
5.655715523 -42.93306663 131.354423
-22.72758641 18.10461141 138.7548663
-22.47085589 18.88611513 111.2784704
29.83583144 -9.951617265 192.6895928
-1.035686513 30.99382605 124.2986124
-17.69872592 -0.6202903484 10.14559742
-2.088335684 38.09731857 9.002641999
-16.40349522 -37.59477488 100.3138335
4.494541407 36.5373541 150.1394942
-28.43161935 -32.67161449 105.0234446
-20.58079277 25.73641531 173.4871815
-21.47729995 34.86515396 26.73142681
-10.68314057 -29.70593029 139.3347601
-40.05669772 -16.14610447 30.87078785
21.96573802 2.221021886 133.3878982
-12.44348823 -5.065030535 80.35565558
19.80117167 -11.14539959 94.64997091
16.77122219 -15.35143629 82.8578486
-20.5804266 12.60729501 25.24911429
11.63204246 28.59395959 165.5822513
2.588888546 -22.40110878 135.301128
22.53208037 -36.19713722 152.0271228
20.09561763 29.90056582 160.1100264
8.090885584 -35.31287803 160.1915566
1.68195918 -24.49125095 91.90282598
-36.62028382 23.24380612 25.76222779
-12.29296526 -25.65114023 19.79653809
-43.68408967 2.976213807 112.2557478
-38.45066452 0.6973934493 168.5262805
22.69505886 -30.98980484 59.97969619
32.34530782 15.58598397 113.6369511
15.65928559 11.13906664 169.873034
-14.93092764 39.60273518 9.465415815
-5.282841721 -12.2761766 66.49948639
9.611116267 37.00046448 104.351099
19.12889209 25.15280791 74.31014337
41.17999386 -6.687596856 48.81995598
10.9703249 40.93153214 77.69180785
4.706213603 9.949760181 50.81171116
-39.71128585 -15.91457612 15.76093543
31.90754948 -4.401593894 22.91362566
-27.00891482 33.55474467 143.5840037
-4.453919107 34.26410014 52.03372721
11.35123533 5.679756477 95.02959843
-23.60208075 -11.85733062 181.4093943
4.501887682 7.607556983 24.95664033
-18.57085283 4.362480886 149.7391523
41.20560525 -14.62804377 123.8137362
17.23789325 -14.9981402 48.777433
-35.75494725 20.9818423 34.63849414
-16.66920539 37.63462328 161.5090214
24.54095296 34.86610842 40.70269148
1.374699666 22.01776645 36.59279628
13.75889996 11.5964981 115.7513793
-6.831669516 14.21275253 81.06337764
-20.37756689 -34.2697865 38.64361431
0.5791448903 19.21121711 115.0925387
-20.96623233 -17.74643936 190.4685214
-24.06427583 -33.18163349 192.3294504
19.85243415 11.59748191 95.80131732
-32.31639922 -28.32882405 47.70781719
-27.20697614 -19.42590333 122.5399694
-25.85508314 12.30909975 123.103388
-25.88654002 33.97984721 103.8881975
37.93368798 13.71826677 130.7098004
-10.39882623 -9.51255028 192.5289835
-12.71144136 -41.72138687 193.3085599
-18.95050176 -3.553090939 52.23512754
-13.62891599 22.46909805 121.9842469
-5.301104207 -15.79610393 83.48557593
21.46356351 27.58290509 47.43535993
-0.3521096809 42.84748818 32.53206538
-34.43368307 13.98954108 14.2609452
17.96216186 1.180832928 168.4027733
16.74373107 -3.931098821 78.05299965
-43.65727937 4.314321036 27.43793496
-12.07427623 42.45781406 74.75116729
11.0756673 -33.08357908 58.35827886
15.91281525 9.32716857 145.2564306
-31.44588625 -2.274602142 182.4678476
24.03689468 -9.359991223 33.30904221
-7.636247891 21.33196122 156.4196547
19.18807166 16.16098751 122.0900375
27.07884839 21.4977402 57.28751623
-7.7964728 -39.06034646 111.430534
4.770898648 9.681187583 152.795088
-13.1790042 28.06540156 9.732393803
-18.9473354 22.4598362 81.90638017
0.3114604454 18.55091907 135.7074167
-39.80293564 -5.146958902 106.6346732
34.79144349 18.96418278 49.36441925
6.743738668 -24.33177811 101.7747392
-1.323636558 42.91270041 146.5857375
2.52790037 -10.08518895 121.9073783
26.41600934 10.30787453 81.25200383
23.28560176 21.99377329 193.1587065
-24.90651382 -34.25339032 28.18107576
5.396407976 -20.51535426 40.57090819
44.75514904 4.675218704 151.1940553
-32.12641001 -28.57161792 34.65553617
-14.96072428 -25.85519746 184.9901193
1.588254929 -2.106877008 125.9717074
36.20316078 24.69031494 114.7326524
11.2352296 -40.33772222 8.423322704
-31.55286553 -24.87388147 9.96994442
25.09243532 -32.40948606 166.5052736
21.5298916 23.90809751 101.202962
29.6218018 -17.94795716 33.90342233
-31.95558001 2.747287983 29.11719082
-17.61560535 -23.458563 88.22068522
27.48011634 8.18925886 23.60906343
-31.80128673 28.75938414 137.5255106
-41.15243047 -12.27567292 45.08040513
-3.785445773 -9.75021128 147.7974573
-19.52992855 4.426021744 105.0102168
-6.348732788 6.228745512 144.6140712
-36.10497834 20.18121647 7.046438056
-26.78725037 -4.6448438 166.0040376
-38.73918404 4.339073977 71.69676204
27.8278653 -13.62381113 84.40488952
10.16039185 -7.47588371 27.72942489
36.87834219 13.0429792 191.7128418
-12.01470788 -41.19048572 158.4267098
16.92798546 -39.77322598 167.4181391
-7.220168142 -2.395605928 48.29653337
2.890445755 -43.60491113 69.32056793
23.03804707 -8.873612128 103.1928028
41.51853338 -9.691213151 180.9234921
-33.59913529 7.596651783 156.1418338
18.59341727 2.631271344 53.10740716
-0.1353463746 40.28477836 74.14210911
-38.76421303 -19.11564726 175.6446388
27.18470151 -8.948682782 14.37390734
-24.35937718 6.101205434 45.21991175
13.73351919 38.09770263 130.9284042
36.359706 -25.15144539 85.75914127
-13.86276212 -5.072285395 107.2127957
-29.4147491 6.797301258 64.42788655
-6.976644502 -33.38848568 51.27187455
-3.5671586 43.63421409 130.2955247
-38.17675233 -21.30022015 120.9416884
-20.30446634 0.1381614058 82.94636015
-20.32818891 35.16271732 85.90590144
37.84464661 -5.932270822 7.979343327
-8.106261251 26.49144296 66.80186668
8.603058387 18.18323335 111.3711907
-6.597871307 14.56598005 34.36121903
-9.69470511 -22.33226547 10.07025215
-42.16017015 7.02079515 141.5691724
21.96266387 17.43713012 151.9708681
40.11561595 -10.12720086 84.97123709
10.9921901 40.46445147 166.4424743
-37.60940131 19.33475354 137.9614138
31.89849381 -27.80368532 171.4678185
-37.86507891 21.09711696 91.82035832
13.57796288 -33.66563643 151.6108283
33.74519792 -23.90757288 54.22921731
42.10849828 -4.234398379 146.9368934
-25.79068058 -21.74500821 97.50525854
45.29990038 0.01417722923 194.2004973
-36.17816505 25.764921 58.81787954
8.050796665 42.53314819 6.38903431
12.12258909 -16.1828922 25.3930151
-2.372499636 -41.36406634 55.31473565
41.83120018 4.225223985 89.07134346
5.836602063 -32.2738382 93.56820029
-42.58601282 6.143326343 90.62556872
36.70462967 8.027549702 50.95792321
-6.348349082 12.04395921 129.7152666
-7.704033979 -9.585868109 120.7175685
29.40666498 31.7164358 4.708123994
-16.66924738 -40.22014513 13.45537981
-32.0360231 -4.126283985 124.8278543
1.422171025 27.65807519 155.8766713
-30.97247152 28.65376297 8.516488321
-2.84467748 -43.14301074 161.1810394
-26.20270764 -23.1803324 107.4533405
-1.115937756 -38.12287327 135.0013944
5.300050925 30.8858484 97.21600367
19.33874317 -8.015205762 171.7999396
7.556438639 42.26784876 137.5125487
-9.277103837 41.26028559 105.7307699
-6.420305059 -24.1407354 156.451253
27.80987461 -2.240337999 85.79632255
3.460630481 -28.18271562 52.71337363
-7.479893656 -40.84946903 46.64995379
43.40799035 0.1639214667 55.25943589
-30.03430089 -15.93137733 16.92886383
-40.21076956 13.71673993 192.5290466
20.05245599 22.86840474 112.6528185
-40.39893433 11.2106396 133.7215485
14.97995452 12.12651972 22.49590384
41.74764648 -2.327323172 24.74596358
-27.10015247 -3.363341006 87.04918098
-4.214720647 41.25284614 175.4336091
-14.77827489 16.49221722 46.98505303
10.96940324 -40.31881123 124.1353455
10.79854299 21.80928789 171.4474939
-3.518724016 0.9919796748 83.51159574
6.131752112 -37.76662362 86.05381835
-21.58698121 23.88245641 43.20151778
-21.55619022 -18.78798632 131.4784076
13.7680737 30.62170737 20.95838124
-14.62757859 7.039506127 192.8620133
24.18546207 32.07384938 92.34200798
18.31882083 39.28030903 54.70449434
24.75981297 -7.89530761 146.0194346
11.50796599 -8.417410276 192.2249198
-32.86337544 23.77168475 146.2855656
-27.79565192 -31.94430456 170.6853829
25.46688869 33.11549303 68.18831077
20.44771906 13.75350046 74.14182122
-27.17228635 -21.46379552 54.15128292
30.16648695 23.73311042 169.0997444
39.8920669 -9.884731252 110.2821423
-21.18283959 -39.3050096 113.5362863
44.6819703 1.939426054 122.8560848
-38.46804328 3.524108454 101.9459148
-30.35985415 2.113220042 75.24760348
11.70733052 -13.96323087 140.5063462
13.90449855 -40.41213411 187.6016037
29.56059483 -3.659168618 169.3921656
4.954240078 41.0147613 43.18336956
4.209861098 -42.85391312 108.9584209
-7.619188094 -6.553963383 179.1419375
18.68842948 -39.87536368 63.15625083
20.24400189 15.3176989 36.4008064
-5.377144875 34.3261741 165.7898745
11.92918026 -36.26324028 23.49576207
4.160121301 17.13770825 177.5813579
37.36467813 1.005102565 98.33308697
21.38093084 -23.92325122 128.9060656
-42.9119047 -7.879429027 76.71503217
-15.03655083 11.77341228 139.6374682
-34.57236076 26.72376007 43.78754439
2.572690671 -20.06899731 66.97513134
6.736252562 36.09379797 55.47193312
-36.01552694 -25.49201497 166.304619
-24.21863047 16.63729868 168.0256665
-26.67249604 25.2705189 21.54989865
-16.8442564 -27.36956075 59.03699658
-5.298420124 -23.963488 77.52107206
-7.528473156 41.78420715 183.4101098
-12.40695994 22.37359464 140.3144148
30.93551974 -14.20549931 106.0304308
-16.00719623 -38.85004095 88.39097882
-2.043279966 -4.977201422 112.9237003
-2.051891712 17.50060896 61.20857893
28.71131516 -28.99694204 37.85629147
12.83061703 41.83745177 13.96251461
26.14526521 9.450761201 110.5182005
3.285941728 -20.58120723 123.9731175
12.69933719 31.08018762 73.45172354
6.871927586 -25.74026046 60.88949624
27.85336416 32.53890728 52.9380134
6.731324741 -29.53551741 79.23713056
13.74932356 -8.122425055 54.75309121
-9.31953149 -8.030111825 24.85186689
-10.58658706 25.83720264 41.39042812
-18.11821733 -27.76912294 27.53423704
11.70226949 22.27590878 83.73458367
-8.357983767 43.74562673 193.032514
41.98353781 -6.915134229 76.73229594
10.60299934 -23.4772646 131.2195142
-8.088182581 -41.46263517 35.06529365
28.95450461 -17.33916093 15.68049486
-13.08918233 -0.9881067875 165.6366726
-19.58517453 -35.91913461 143.0059881
-25.53182987 -30.28047688 144.9380462
-33.572891 -27.70925912 82.97360454
-18.95944617 -36.75693393 68.8940902
-41.84620717 -6.904843806 128.2927507
14.8023518 23.90465731 7.02034668
34.9290407 23.7623863 148.07016
1.687879959 -43.68505351 4.770193608
-23.44045998 37.70589542 133.3405113
-11.95496097 -26.17756207 163.1399137
-16.93066118 -9.021378438 4.181695055
-21.84195208 21.77619443 30.46600807
9.737254748 -12.66009474 166.9267379
-20.6371674 37.24484558 69.61962849
-0.4691113177 -12.0282998 103.0306751
24.65739349 27.98797496 84.93368093
-17.82197128 -17.62244536 7.146682524
24.13932903 -33.00029146 106.0412727
32.26091883 -12.33228179 172.7743606
-15.08096811 -31.87642441 191.2069443
21.63697399 33.50680522 136.5072535
-14.53418579 40.07652936 34.38287119
2.737939529 21.79882104 27.12160505
-12.90949246 0.589978688 27.57615354
-42.44013339 14.01340189 95.6696791
-27.37783876 18.90566141 76.80264786
-42.07459644 12.43420955 10.5523353
40.76982502 12.7125148 119.221416
-36.59314261 18.32054789 185.2690902
27.43170873 35.37327023 164.7520348
15.68929414 3.786119333 119.5902087
43.05448062 0.2215220941 10.97089339
-19.56020717 36.83691904 123.8791796
-15.32521751 -3.66542213 20.4723445
3.689006679 -12.0702427 44.29713463
40.83833728 10.62539673 157.9851545
-24.78001683 10.28868955 133.8639148
40.51380805 18.08736945 139.3991035
2.850707751 7.956536899 178.7936194
6.003871867 28.87934056 83.51368668
-19.34260682 8.763644797 114.8730131
-26.89854954 1.739360889 19.6506933
-24.39734459 4.206793884 126.9488195
-30.71826278 -1.636968424 48.23675467
-11.20441812 14.42700123 91.59660695
7.26733711 -15.59873813 5.749287529
-7.480774402 11.11467333 116.2068329
29.09283684 -29.19230292 14.0195802
16.3892411 -24.25614514 79.91490786
-26.16266324 -24.61400226 152.4334781
7.262114695 -43.84781714 78.44135029
26.69570572 19.64744345 88.96877812
-33.55112676 -9.360085508 54.65190113
-19.04849018 -6.421561693 152.7810867
-32.6380712 22.64136872 195.7528013
4.502728771 20.39174023 17.35131912
41.66713926 8.372277064 71.61686462
10.47848926 -25.91525455 3.64514664
21.84079149 -35.39843688 190.778595
21.97088883 -8.968080658 64.86573018
-42.46628916 5.04861217 160.5523667
-40.55710633 -18.00237023 71.19839189
-23.84535552 -11.13174391 159.3020457
-12.9091371 9.475468678 32.04899019
40.081118 -19.15215633 73.75121598
38.37114986 -21.0478686 139.8351545
5.143916132 42.26518128 95.25117293
-11.94083568 20.66964628 25.83943495
19.1082192 -31.73029305 67.84759047
-33.13623607 7.947514646 55.67129916
-0.3518831389 8.257804232 33.48761736
6.70360448 -5.058400149 113.5338025
22.82318215 25.09927504 133.679253
-17.74847361 35.6233945 106.3002226
28.29271812 33.78249573 32.23842245
-44.02474171 4.846487452 59.5318364
6.827107783 -39.08808396 181.8734858
-34.18656847 29.03029432 94.32390449
33.10331828 12.80464439 150.3231562
43.03314142 6.954353299 60.36477217
29.41060432 -7.315813319 117.2589179
19.14973968 22.42734258 62.22539116
26.06477323 -30.82708578 128.9288138
19.73701489 6.922532603 194.7634093
43.62994939 10.4938212 33.34018122
2.096965235 1.777163612 91.91186203
32.64976636 -30.16163977 122.4872907
4.222156184 -2.510429556 39.73401137
43.34876023 -0.4917913229 69.75939825
-20.24287494 14.80598444 103.1077957
-24.93048508 -35.91527483 10.35246084
-31.95583669 13.19020952 23.19584768
-7.396624703 15.02370014 138.6368011
6.380542263 -34.06113671 40.53276441
-7.635961184 -44.33126248 3.812929929
33.18027461 25.81118872 106.8605028
-6.6741406 -9.350560194 40.51747809
-33.85001539 18.74700918 117.9521532
-30.15358238 -2.062712551 65.65896274
-10.91780935 -42.76738564 170.3674724
-17.42740832 -1.213895034 126.8818082
33.85260137 17.21464008 21.94191981
4.710517299 42.36518683 20.13235651
-5.5140424 -2.558023758 68.61949236
-28.68891894 33.90043631 126.6607888
11.92808938 -26.6691237 28.35472969
25.20906514 32.73352583 195.8457277
12.33252182 -21.06950919 170.2341891
-41.00925149 11.38884515 32.1608376
40.29706071 -16.04209039 159.9564175
23.51113746 -12.94311297 7.729079717
23.54913966 -26.55502874 51.67164202
-18.89192217 4.232933614 140.7509069
3.421383862 29.38493586 183.2905359
27.86781548 -14.79712539 93.71805023
-9.996973753 39.64627594 86.69765343
32.24813779 2.703771481 91.60452816
20.51945797 6.954246303 44.86251037
-18.86598889 -9.306388334 192.6946529
-2.551304848 42.22391429 111.8040518
-43.40966162 1.55949602 44.58779692
38.76464467 15.25848532 84.91314187
32.31745318 29.66595243 13.27725804
-18.39906688 27.47586144 185.9175285
39.62864801 -19.43310178 60.33460508
21.5443269 11.21927238 10.64089749
13.71887898 -30.611711 102.0214295
-13.25323316 25.63688606 150.301344
-3.621700976 -45.06146764 185.7506668
-0.7372469877 1.368790672 53.87645299
21.84647367 -37.22421418 138.8413665
-32.75704501 -26.47002452 57.53018558
-27.20945812 35.17544732 49.90008389
-32.84560704 -19.90744387 36.70398239
27.45772014 4.731867417 161.0470344
-0.04034243812 32.88100142 139.8984318
9.537304122 -16.25778273 186.8700437
-35.59894712 -10.10525505 150.8806039
-33.66551822 27.40862499 122.5973366
39.15450658 -9.939366839 192.7399549
17.09784423 -6.176805574 136.8709194
-12.00523205 27.99497432 178.9965108
-3.65983467 -20.40302669 100.9282398
20.64496581 3.932804486 15.77588873
28.48462153 15.33914888 32.55792562
4.007859935 -31.98894133 29.05977041
-20.51875061 38.99925971 16.71582666
2.385235697 12.42866856 170.6211832
-0.2106018626 6.699539151 74.73223139
-7.528502274 -43.95357457 16.79922035
-14.61096437 -40.38492721 77.36207145
1.859997364 14.42139364 125.8349568
14.74909789 18.45178759 192.6571884
43.93514382 -0.6917224285 184.3371158
-18.74812337 -19.78142407 16.98936264
6.5005962 33.85229897 128.2614442
-18.94967579 25.92888037 90.0229143
28.60106576 -32.52138474 82.25731203
-38.5308309 17.75098673 53.96088378
-0.616275208 -32.37597575 85.74300425
-41.1733931 -16.55271664 164.4989468
33.41979767 26.22105518 54.37035801
2.987553902 43.62070853 180.3285995
36.68749836 -11.84360328 54.93498768
-7.758170693 28.42885792 117.1747746
-27.1889941 35.05894804 179.870186
41.17338867 16.69484667 75.06931635
9.69509915 1.501310612 69.34366084
27.37563286 -35.78235192 69.03371545
14.60886049 -32.32452829 40.13757489
15.50290349 -24.56148703 65.87454791
-11.22402158 43.02250142 55.41760626
9.366733074 -32.48636839 186.304442
-4.819019927 23.3009845 123.6442248
8.217592234 4.735838475 165.2826668
13.93308972 43.15090587 174.8875001
-24.50389514 -34.9479403 181.4365954
-15.09733596 -38.97041337 121.5941637
19.82743892 -20.49469146 121.4064034
-37.61649092 -23.57710846 65.80271508
-0.6162866208 -30.98389886 98.89959305
-36.29505374 17.5314811 71.36522214
-27.10107491 -22.52369504 82.59153334
13.29311326 41.64444582 150.7475056
13.96049146 -42.44755853 40.93632099
-24.39884657 -25.15413745 138.7208672
16.74983526 39.9398074 22.13832575
19.80076982 -18.87468261 99.14657581
41.74645739 0.2944590391 33.80246302
-9.442787911 -19.92231524 192.9395129
-10.70673508 -1.22582658 133.5259029
-9.958245337 35.23149868 127.9561469
16.58835845 40.74844664 90.69013445
-7.677349617 -9.721252807 164.7703236
44.4240719 7.809181908 107.3343906
7.022337499 -5.787342377 181.1666058
-33.41853198 25.27978122 164.4604516
27.90465431 4.681518015 120.5442788
-6.747258113 43.963153 154.5369354
-16.56545111 28.89338291 116.4263799
10.98282177 1.168501341 196.2457857
-37.24725109 -23.20664908 97.28185103
4.889609963 -43.18780434 165.298928
35.6284947 25.76361986 43.30026522
17.48787248 -17.02228288 146.6243871
-8.081450275 -22.17039767 118.7497059
3.148300845 -44.38787077 13.44329799
15.50423668 -8.6733606 146.6924222
-39.30823612 -4.336508891 176.9341583
-24.39853409 -35.21127341 49.90271895
11.60480467 36.50768876 95.73400021
-45.82102517 -3.073026234 94.62266352
-35.11885836 10.26926348 120.3000408
13.01559857 -28.25908589 19.93521339
-21.67214853 27.9273918 108.8399183
-31.6498262 5.329382486 130.0208545
11.91668966 24.06264021 157.4417058
-39.68470562 -8.236077086 24.39083375
-5.302062807 -6.51523145 86.45360797
-32.94287807 -12.39977194 120.9765937
-5.372650822 13.6683719 99.14900556
7.426766344 -30.54325686 121.5242936
-8.954707588 -32.90052811 184.2770125
6.669889766 -15.78185354 32.51323636
-21.33585079 35.94107148 4.608600235
0.04274290423 -28.99966602 17.40495764
24.91060011 -19.4469094 142.9762987
-34.12293587 -26.34205123 115.8332557
-15.52110214 14.16355828 121.5651586
-28.67915797 -15.08396743 115.0128474
-43.47193373 -3.31354579 18.16374706
44.78319983 -3.766358041 114.2566689
2.017934126 29.82215961 164.6309515
-20.06460706 -31.08349789 108.5818612
31.19635792 32.15410186 176.0105957
12.43561348 -23.65181057 121.1566176
14.39506945 -11.52647662 6.342892379
39.30250059 -17.77453503 34.90139871
-8.164538832 36.87045393 69.09474936
-27.34656961 31.69975277 75.48950001
22.27747483 -24.53065125 160.7579431
-0.8675356529 -36.45751711 107.7145463
-14.21693071 -17.45981189 24.3719504
35.84498149 9.546106007 90.39728577
1.106597014 22.59079322 103.8143374
-26.68702337 21.58448348 7.433031191
43.91244014 -4.258072969 90.7625512
-4.402498544 5.179962379 164.7093717
-36.94555487 -25.70966994 184.2714988
11.34802021 -44.0403886 158.7988263
-19.52956577 12.08948505 93.23293489
42.34045325 3.78217183 138.9255651
35.71726849 3.184300051 153.7979219
5.462806007 -23.52166569 194.8719758
4.597885361 34.61629819 15.91182478
-34.11691702 -29.51404348 126.7349762
0.48415629 -35.13282637 61.81463135
23.64596627 0.1256072668 175.8510782
32.76366756 25.74946065 84.21496012
1.219728939 3.795259518 18.06255375
-0.07065865121 -45.12827293 85.00146447
-32.54161041 -5.634267411 16.87683577
43.67863942 8.374693481 95.91414358
-20.78940823 -37.90671907 20.10575527
-13.09815488 21.59143576 168.8474054
-7.770684077 29.62538986 145.1397683
-8.94615345 2.171175883 77.55512368
24.83427708 -8.68774471 162.9399973
-7.915676233 -39.71212549 95.16127515
22.79363936 36.5533717 178.9132896
5.485760914 -2.142284359 99.38495191
36.87946286 25.70245499 65.40765242
31.64902207 9.322321872 71.67885399
-18.5692386 -20.7686535 54.53811472
-3.410139181 32.75404176 31.27174898
29.37878795 -33.91817546 186.1473055
14.10818865 21.37255559 183.3071042
30.82878954 -14.50149645 145.7991133
3.512508009 42.88435155 105.617776
27.85624555 14.6802757 52.25715905
40.13601044 19.45260562 185.6312317
-21.7430266 23.03895875 146.9142765
-21.6734988 -12.15663482 116.1014246
22.97761652 38.19623425 116.5593296
6.745306901 -32.05134063 196.8290266
-16.28189871 -13.95096717 46.15198842
-2.323770389 -13.50108488 24.7693147
-44.49807731 10.38290364 122.6604403
45.33207734 -4.226782062 103.5670763
7.964055006 -42.87581789 194.7372931
-35.29684236 -18.09794582 112.7331613
-9.448060294 -40.96370876 59.40143682
45.28090804 5.326324391 78.21677337
36.21849742 -12.8929567 13.15823787
-44.11332093 6.269483417 79.13854783
26.47189823 -26.55414045 188.878933
4.459654643 -16.04937769 97.91054888
-7.484390675 4.675086834 109.9885787
24.90703924 -16.60252389 150.5877428
-13.6196159 21.07291908 94.97890213
20.01212013 14.80691375 140.0732398
18.31979429 35.2565785 47.66238577
32.87033041 -30.77481118 97.44511488
26.97357924 8.239950224 89.29639407
-13.89129925 -19.02807936 41.13628802
39.45630247 22.36506005 155.5514663
11.52914434 26.50026427 100.8967504
20.48400684 33.42529066 30.25778284
23.73293428 35.64076111 188.8779494
5.753647149 -18.36573081 48.91269223
-34.24271382 25.48514662 76.93574773
-10.78334498 19.84732539 76.33734884
3.864557397 11.80470239 142.6920177
-31.91534185 23.14475235 15.43233303
-40.15485048 13.06132992 23.84975297
26.14386739 -0.7067878217 103.7381042
-20.30497512 1.116913524 96.83937616
42.46974208 -11.19028292 134.8747834
19.16914937 -24.13474278 153.5561005
-16.63764005 -26.21869256 155.4845999
-5.301794017 -12.39732328 74.96989396
-34.57107529 27.81279749 103.6136431
20.09732751 38.45023083 159.9595173
-0.2368954792 14.12150759 43.97091623
-16.32411264 -37.01505943 45.44792765
-27.33179184 -7.239874833 60.58239401
-45.59406972 -4.995198453 30.38748696
-17.57622768 15.57309162 146.7034547
-26.75964481 -2.701381453 34.44609251
-45.77734911 0.1997756163 104.3418727
34.06982584 -2.502935696 49.95461141
-35.94509167 -2.576410731 147.9716641
-17.2656214 13.97673394 79.95025345
36.09680807 23.95285185 18.93147302
-11.29395073 -3.686178986 5.480475758
-0.6392440306 -16.91999514 152.1877432
3.211273861 -15.3860951 12.36414755
19.69856282 -5.586785317 48.5079288
6.420263998 -30.46641726 139.3645615
15.81736088 -3.030582484 86.18826607
24.03646307 -0.1125268516 22.49343866
-3.819022824 25.61357754 28.87076388
-42.49053453 -8.346062391 4.704193584
13.49213077 26.67733138 50.76727667
12.14381165 1.198747251 41.44289169
-10.92067122 41.51246511 166.4381836
-44.42369979 -5.42584946 164.2385045
-4.883470042 -33.71518894 175.8424108
18.94779929 40.30891241 195.7328538
28.59450624 16.12832699 176.9826331
28.25734227 -15.56478896 24.22470967
27.3544459 1.786616665 195.1075769
-2.866356992 -1.907129647 143.7674509
38.77897352 -23.7161389 24.81273789
-22.99685491 -38.31385454 127.7673435
-24.73350549 4.111098422 193.1110523
44.05570036 -12.22066674 7.718967826
25.51456478 -22.8517478 64.1828332
17.21984076 8.088257506 126.806135
-15.85098978 13.18319805 156.1687057
25.97060734 7.333671018 181.6724407
35.36347053 27.13454632 163.3787493
-4.313675888 -17.27527844 125.1190177
-10.76362625 -44.64971239 89.09648053
2.749637243 -18.65275101 56.90283917
-37.35352554 -1.917743657 77.66976704
-8.903830867 1.819883186 195.2562667
28.45234328 32.27148884 78.94119158
-2.674409298 -27.24265115 195.5530124
1.712563431 44.43772978 51.69268673
-18.00048211 41.15756415 194.272937
-22.8339735 -23.61730921 8.859063343
8.744348528 4.062285351 182.490719
-0.347886421 45.10123745 189.3818462
-9.958425848 44.40650452 146.3683687
33.88537075 20.83892281 128.1362647
-24.90187489 -14.43693507 68.18659325
-29.59933491 -19.00883036 178.2078911
-17.48486585 26.14540074 69.06177039
37.93792573 24.77836006 193.8997814
-23.6447101 37.74222077 58.75206522
3.632614128 -34.73727479 167.7461515
-27.20505253 -11.99160198 126.4190482
-8.059422442 43.14429691 14.26280925
24.20907369 -29.24782769 182.3862279
-32.99187919 29.76159497 30.40675603
18.51509449 -40.08508494 158.3837815
-26.78831712 -0.2685316715 172.7746757
39.08111528 -3.681130358 120.8533491
-5.89925156 -29.53682827 130.1200061
-2.323265107 -15.49212596 38.75458673
-26.87219552 36.03149694 193.3604149
15.29981306 -31.24595454 168.2296908
-42.36270349 17.37007848 39.0148082
-12.14405904 24.28986707 194.5581717
-12.12802494 34.22214515 39.01612258
20.76778994 -1.189055797 34.47002704
-35.99307427 1.226045131 135.9405225
-11.99922046 -29.78482412 148.5106385
-13.91500536 19.59731013 176.248526
-35.326277 4.296731888 84.40725088
-33.7136694 15.67040262 157.4637196
-29.72666697 10.76308874 73.79292201
40.83988636 12.07955232 149.2446318
-16.65173225 6.483237938 5.901421471
-10.84867071 -27.97039673 4.353537915
18.51808873 -4.201528943 59.73389919
-37.93664897 -14.34655526 64.74507684
-2.228655957 31.24840554 63.73133231
-33.0958444 -1.099556473 95.85038943
13.08935607 -43.76629535 93.30595595
10.11319435 -43.87113399 57.99772521
-21.1831526 36.59307721 186.7533424
14.31551294 22.95374999 106.7803276
16.09071025 32.40411895 120.3027015
-15.08912054 -14.06012195 85.37444327
20.04778518 -11.78381527 189.5162601
6.622188705 -8.022016059 138.356047
-42.49175906 -4.047540215 194.4078809
-30.85712917 -18.03159024 194.2483848
-11.50381198 -43.56599498 137.1287342
36.31699262 -24.40503466 14.1856894
