// ================================================================================
// CHRONO WORKBENCH - github.com/Concrete-Chrono-Development/chrono-preprocessor
//
// Copyright (c) 2023 
// All rights reserved. 
//
// Use of the code that generated this file is governed by a BSD-style license that
// can be found in the LICENSE file at the top level of the distribution and at
// github.com/Concrete-Chrono-Development/chrono-preprocessor/blob/main/LICENSE
//
// ================================================================================
// Node Data File
// ================================================================================
//
// Data Structure:
// X Y Z 
//
// ================================================================================
0 63.37610245 158.7623749
0 58.45183563 167.43573
0 67.69041443 171.1430969
0 67.69041443 28.85690689
0 58.44549561 32.57985687
0 63.34441757 41.31557083
0 0 105.8823547
0 8.681430817 100
0 0 94.11764526
0 100 94.11764526
0 91.34371185 100
0 100 105.8823547
0 33.4240303 61.51515961
0 34.6096344 48.17795181
0 24.27915573 51.90268707
0 0 152.9411774
0 8.098029137 147.1199036
0 0 141.1764679
0 0 58.82352829
0 11.51791668 54.30516052
0 0 47.05882263
0 100 141.1764679
0 91.91278076 147.1320343
0 100 152.9411774
0 100 47.05882263
0 91.91278076 52.8679657
0 100 58.82352829
0 55.55555725 200
0 51.4377327 189.1896362
0 44.44444275 200
0 44.44444275 0
0 51.4377327 10.81035614
0 55.55555725 0
0 0 176.4705811
0 10.17682648 171.4558105
0 0 164.7058868
0 0 35.29411697
0 10.17004299 28.57830238
0 0 23.52941132
0 36.1134758 90.74728394
0 28.24104309 98.79840851
0 39.59565735 99.7718277
0 31.32332039 111.6668777
0 63.0202179 62.05506516
0 57.51558304 70.93389893
0 68.8923111 74.84095001
0 100 164.7058868
0 90.30047607 170.9559174
0 100 176.4705811
0 100 23.52941132
0 90.30047607 29.04408646
0 100 35.29411697
0 25.63071442 40.18779755
0 33.33333206 200
0 27.13708878 190.3312378
0 22.22222137 200
0 22.22222137 0
0 27.13708878 9.668762207
0 33.33333206 0
0 66.66666412 0
0 72.76138306 9.621917725
0 77.77777863 0
0 77.77777863 200
0 72.76138306 190.3780823
0 66.66666412 200
0 74.11608887 63.2207222
0 0 129.4117584
0 9.571543694 123.665596
0 0 117.6470566
0 9.864405632 76.22621918
0 0 70.58823395
0 0 82.35294342
0 100 117.6470566
0 90.41483307 123.710289
0 100 129.4117584
0 90.41483307 76.289711
0 100 82.35294342
0 100 70.58823395
0 23.29399109 147.6404419
0 24.74868393 160.2121277
0 33.55841064 153.6438446
0 57.49208069 121.0610275
0 68.35966492 125.3271408
0 71.81786346 115.730278
0 62.75547409 110.1497574
0 25.42388153 87.83867645
0 71.91069031 97.67917633
0 72.73171997 85.41105652
0 63.72389984 90.97699738
0 74.1267395 160.0728302
0 74.11782074 39.94120407
0 60.93873978 101.2685242
0 52.5253334 159.2836151
0 52.49461746 40.79892349
0 30.20944214 72.45665741
0 40.11748505 73.94554138
0 43.38178635 64.75933075
0 45.57060242 91.31336975
0 49.79702759 100.3023148
0 38.90641022 139.1990967
0 51.44734955 140.9895172
0 47.81232452 130.22435
0 52.62431717 111.0316086
0 0 200
0 9.554018021 190.3413239
0 0 188.2352905
0 11.11111069 200
0 100 0
0 90.44598389 9.658678055
0 100 11.76470566
0 88.8888855 0
0 100 200
0 90.44598389 190.3413239
0 88.8888855 200
0 100 188.2352905
0 0 11.76470566
0 9.554018021 9.658678055
0 0 0
0 11.11111069 0
0 51.96665955 60.99689865
0 60.376091 131.0741577
0 72.56887817 136.2786255
0 62.55155182 140.4138336
0 16.87240601 182.3559875
0 25.60779953 179.9356232
0 35.16032028 184.3940277
0 29.0550518 170.4399109
0 39.81947327 174.6139984
0 64.12832642 184.7123413
0 73.55686188 179.6896057
0 83.12825775 182.3655853
0 25.60779953 20.06437683
0 16.87240601 17.64400673
0 35.16032028 15.60597801
0 39.81947327 25.38600349
0 29.05177116 29.48100662
0 73.55686188 20.31039047
0 64.12832642 15.28766251
0 83.12825775 17.63441086
0 61.43263245 82.6698761
0 50.49390793 80.64070129
0 92.1283493 88.23529053
0 83.34567261 84.70345306
0 91.86685944 111.7307892
0 83.0814743 116.2089005
0 16.68859482 84.72373199
0 21.69054222 76.04898834
0 15.81224346 67.11969757
0 21.64361572 124.0840073
0 31.14194107 125.0768051
0 17.17783928 115.3842468
0 27.19158363 135.682785
0 16.37845802 132.4183655
0 78.81156921 75.44668579
0 83.71591949 67.37304688
0 78.66694641 124.2028351
0 83.64628601 132.4750977
0 7.862288952 88.23529053
0 8.141646385 111.6916733
0 42.66877365 55.06765747
0 50 49.76398087
0 67.349823 51.94206619
0 76.73391724 52.31447983
0 7.323432446 135.2941132
0 7.323432446 64.70587921
0 92.70198059 135.2941132
0 92.70198059 64.70587921
0 39.16044617 8.167538643
0 61.11111069 6.932126045
0 61.11111069 193.0678711
0 39.16044617 191.8324585
0 92.77494049 181.6737366
0 92.77494049 18.32625961
0 7.320650101 181.7718048
0 7.319293499 18.23502159
0 67.48940277 148.2494354
0 76.73391724 147.6855164
0 92.22379303 41.24287796
0 83.73902893 36.87034225
0 92.22379303 158.7571259
0 83.73902893 163.1296539
0 7.59481144 158.7743988
0 16.17922783 162.6455994
0 8.09766674 41.39775467
0 16.11274529 37.68872452
0 57.81177902 177.1262207
0 48.95204163 178.9199219
0 57.81124115 22.8751049
0 48.95204163 21.0800724
0 20.29374886 170.7851715
0 20.16359329 29.73303986
0 78.75696564 171.22612
0 78.75547791 28.77622414
0 81.90279388 93.64212036
0 80.34143066 105.9708099
0 17.51320648 94.32027435
0 18.5130806 105.3102417
0 22.79486847 61.28297424
0 17.74572372 192.5757141
0 82.24902344 192.5786438
0 82.24902344 7.421351433
0 17.74572372 7.424289703
0 58.64334106 148.3503876
0 50 150.2360229
0 58.26805115 51.61923981
0 34.89658737 163.7440643
0 43.47842026 164.5110321
0 34.85801315 36.21923828
0 43.47697067 35.48612595
0 50.17314529 170.315094
0 50.16664124 29.70101357
0 17.39067268 141.2200775
0 82.60839081 141.2613525
0 83.41178131 58.11420441
0 41.72298431 147.8892059
0 83.21816254 153.2955475
0 83.68985748 46.8918457
0 16.21756935 152.9354248
0 17.04115868 45.56486893
0 37.21378326 130.9299927
0 41.01666641 124.4669037
0 42.90600204 183.7900085
0 42.90600204 16.20998955
0 55.28315353 92.18486023
0 43.25746536 44.19768906
0 69.81391907 106.3439026
0 43.04212952 156.3831482
0 48.69508362 70.25527191
0 36.49972153 118.812149
0 43.40569305 115.4672394
0 48.6711731 120.9050827
0 44.06354141 107.2963943
0 32.62333298 80.70659637
0 40.98376083 83.4706955
0 32.51548386 145.1925201
100 67.6891861 171.1376343
100 58.4503746 167.4334564
100 63.37104797 158.7585602
100 61.60762787 41.94740295
100 58.16901398 32.37540817
100 67.6891861 28.86237144
100 100 105.8823547
100 91.318573 100
100 100 94.11764526
100 0 94.11764526
100 8.656285286 100
100 0 105.8823547
100 100 152.9411774
100 91.90196991 147.1199036
100 100 141.1764679
100 100 58.82352829
100 88.56647491 54.32556152
100 100 47.05882263
100 0 141.1764679
100 8.087219238 147.1320343
100 0 152.9411774
100 0 47.05882263
100 8.087219238 52.8679657
100 0 58.82352829
100 55.55555725 0
100 51.43780136 10.8105135
100 44.44444275 0
100 44.44444275 200
100 51.43780136 189.1894836
100 55.55555725 200
100 100 164.7058868
100 100 176.4705811
100 89.82898712 171.4642487
100 100 35.29411697
100 89.82898712 28.53575325
100 100 23.52941132
100 71.75895691 98.79840851
100 60.40434265 99.7718277
100 63.8865242 90.74728394
100 68.67668152 111.6668777
100 42.48441696 70.93389893
100 31.1076889 74.84095001
100 36.84235382 62.48970413
100 10.17363262 171.470108
100 0 176.4705811
100 0 164.7058868
100 0 23.52941132
100 10.17543411 28.53252602
100 0 35.29411697
100 66.66666412 200
100 72.7612915 190.376709
100 77.77777863 200
100 22.22222137 200
100 27.13699341 190.3326111
100 33.33333206 200
100 33.33333206 0
100 27.13699341 9.667391777
100 22.22222137 0
100 72.7612915 9.623288155
100 66.66666412 0
100 77.77777863 0
100 59.66729355 54.28474808
100 50 49.76398087
100 68.30371857 62.08375549
100 57.15884399 64.42230988
100 26.01011658 63.35845947
100 23.26608467 52.31447983
100 24.73797989 39.79457474
100 33.53863525 46.51863861
100 100 82.35294342
100 90.13559723 76.22621918
100 100 70.58823395
100 90.42845917 123.665596
100 100 117.6470566
100 100 129.4117584
100 0 117.6470566
100 9.585169792 123.710289
100 0 129.4117584
100 0 70.58823395
100 9.585169792 76.289711
100 0 82.35294342
100 24.7335434 160.232254
100 23.26608467 147.6855164
100 33.54483414 153.6532135
100 42.50791931 121.0610275
100 31.64033127 125.3271408
100 28.18213654 115.730278
100 37.24452591 110.1497574
100 74.57611847 87.83867645
100 27.26827812 85.41105652
100 36.27610016 90.97699738
100 28.08930588 97.67917633
100 74.2385025 159.760849
100 74.30827332 40.56151962
100 39.06126022 101.2685242
100 51.09038162 39.01919937
100 52.42626953 159.7162476
100 69.79055786 72.45665741
100 59.7552948 74.24053955
100 50.20297241 100.3023148
100 54.42939758 91.31336975
100 52.18767548 130.22435
100 60.4024086 139.1395569
100 48.44249725 140.9760437
100 47.31626892 111.0172501
100 9.554018021 190.3413239
100 0 200
100 0 188.2352905
100 11.11111069 200
100 88.8888855 200
100 90.44598389 190.3413239
100 100 200
100 100 188.2352905
100 90.44598389 9.658678055
100 100 0
100 100 11.76470566
100 88.8888855 0
100 0 0
100 9.554018021 9.658678055
100 0 11.76470566
100 11.11111069 0
100 48.40189743 60.89304733
100 39.61465073 131.0500946
100 27.3005352 135.9861603
100 37.47573471 140.1649475
100 16.87174225 182.3655853
100 25.60779953 179.9356232
100 35.16032028 184.3940277
100 29.0534668 170.4422455
100 39.81947327 174.6139984
100 73.55565643 179.6790619
100 64.12832642 184.7123413
100 83.12759399 182.3559875
100 16.87174225 17.63441086
100 25.60779953 20.06437683
100 35.16032028 15.60597801
100 29.06319427 29.56934357
100 39.81947327 25.38600349
100 64.12832642 15.28766251
100 73.55565643 20.32093811
100 83.12759399 17.64400673
100 38.56736755 82.6698761
100 49.50609207 80.64070129
100 7.871649265 88.23529053
100 16.65432739 84.70345306
100 8.133141518 111.7307892
100 16.9185257 116.2089005
100 83.311409 84.72373199
100 78.30945587 76.04898834
100 84.1877594 67.11969757
100 78.4339447 124.1242676
100 68.85805511 125.0768051
100 82.82215881 115.3842468
100 72.75650787 136.2272186
100 83.62154388 132.4183655
100 21.20345116 75.46308136
100 16.28408432 67.37304688
100 21.33305359 124.2028351
100 16.35371208 132.4750977
100 92.13771057 88.23529053
100 91.85835266 111.6916733
100 92.67656708 135.2941132
100 92.67656708 64.70587921
100 7.298018456 135.2941132
100 7.298018456 64.70587921
100 39.16044235 191.8326111
100 39.16044235 8.167394638
100 61.11111069 6.932126045
100 61.11111069 193.0678711
100 7.319878578 181.7765808
100 7.320239067 18.22394562
100 92.68051147 181.7734833
100 92.68051147 18.226511
100 67.46524048 148.2386932
100 76.70600891 147.6404419
100 7.592349052 158.7794037
100 16.16722107 162.6699219
100 7.593530655 41.22232056
100 16.1848774 37.35583115
100 91.90861511 41.3604126
100 83.87771606 37.27173996
100 92.40899658 158.7799377
100 83.87771606 162.7282562
100 57.8118782 177.1247864
100 48.95209885 178.9197235
100 58.11181641 22.78281403
100 48.95209885 21.08027267
100 78.73123169 28.86605453
100 78.71960449 171.1876678
100 20.28870964 170.8039551
100 20.29271126 29.20400047
100 18.09720612 93.64212036
100 19.65856934 105.9708099
100 82.48679352 94.32027435
100 81.48691559 105.3102417
100 77.20513153 61.28297424
100 76.66604614 52.13118744
100 17.74568558 192.5762787
100 82.24898529 7.421922684
100 82.24898529 192.5780792
100 17.74568558 7.423718929
100 49.18119049 150.4590454
100 58.17473221 148.6535797
100 34.89238358 163.7408447
100 43.47806168 164.510437
100 34.87240601 36.27225494
100 43.36326599 35.55960464
100 50.15636063 170.3864441
100 49.89040756 29.62596512
100 82.60932922 141.2200775
100 17.39160919 141.2613525
100 16.8284893 58.30432892
100 40.63955688 52.99690628
100 41.17937851 147.8938904
100 16.20633698 152.960083
100 16.11636353 46.97658539
100 83.11911774 45.91664124
100 83.1750412 153.2640228
100 62.62780762 131.0232239
100 58.93439484 124.4481964
100 68.11058807 50.20172119
100 42.25070572 43.35509872
100 42.90602493 183.7899628
100 42.90602493 16.21003151
100 44.71684647 92.18486023
100 32.05934906 55.5356369
100 30.18608284 106.3439026
100 43.16313171 156.3197937
100 51.46131134 70.22609711
100 63.16188812 119.1396561
100 56.17842102 115.3667526
100 51.25393677 120.8860092
100 55.19235611 106.9301682
100 31.84482956 145.7643738
100 67.35546875 80.75576019
100 58.98655701 83.53952789
58.4503746 0 167.4334564
63.37104797 0 158.7585602
67.6891861 0 171.1376343
58.16901398 0 32.37540817
67.6891861 0 28.86237144
61.60762787 0 41.94740295
91.318573 0 100
8.656285286 0 100
91.90196991 0 147.1199036
88.56647491 0 54.32556152
8.087219238 0 147.1320343
8.087219238 0 52.8679657
55.55555725 0 0
51.43780136 0 10.8105135
44.44444275 0 0
44.44444275 0 200
51.43780136 0 189.1894836
55.55555725 0 200
89.82898712 0 171.4642487
89.82898712 0 28.53575325
60.40434265 0 99.7718277
63.8865242 0 90.74728394
71.75895691 0 98.79840851
68.67668152 0 111.6668777
36.84235382 0 62.48970413
42.48441696 0 70.93389893
31.1076889 0 74.84095001
10.17363262 0 171.470108
10.17543411 0 28.53252602
66.66666412 0 200
72.7612915 0 190.376709
77.77777863 0 200
27.13699341 0 190.3326111
33.33333206 0 200
22.22222137 0 200
27.13699341 0 9.667391777
22.22222137 0 0
33.33333206 0 0
77.77777863 0 0
72.7612915 0 9.623288155
66.66666412 0 0
59.66729355 0 54.28474808
50 0 49.76398087
57.15884399 0 64.42230988
68.30371857 0 62.08375549
26.01011658 0 63.35845947
24.73797989 0 39.79457474
33.53863525 0 46.51863861
23.26608467 0 52.31447983
90.13559723 0 76.22621918
90.42845917 0 123.665596
9.585169792 0 123.710289
9.585169792 0 76.289711
23.26608467 0 147.6855164
33.54483414 0 153.6532135
24.7335434 0 160.232254
42.50791931 0 121.0610275
31.64033127 0 125.3271408
28.18213654 0 115.730278
37.24452591 0 110.1497574
74.57611847 0 87.83867645
36.27610016 0 90.97699738
28.08930588 0 97.67917633
27.26827812 0 85.41105652
74.2385025 0 159.760849
74.30827332 0 40.56151962
39.06126022 0 101.2685242
52.42626953 0 159.7162476
51.09038162 0 39.01919937
69.79055786 0 72.45665741
59.7552948 0 74.24053955
54.42939758 0 91.31336975
50.20297241 0 100.3023148
48.44249725 0 140.9760437
52.18767548 0 130.22435
60.4024086 0 139.1395569
47.37568283 0 111.0316086
90.44598389 0 9.658678055
88.8888855 0 0
90.44598389 0 190.3413239
88.8888855 0 200
9.554018021 0 9.658678055
11.11111069 0 0
9.554018021 0 190.3413239
11.11111069 0 200
48.40189743 0 60.89304733
39.61465073 0 131.0500946
27.3005352 0 135.9861603
37.47573471 0 140.1649475
73.55565643 0 179.6790619
64.12832642 0 184.7123413
83.12759399 0 182.3559875
25.60779953 0 179.9356232
16.87174225 0 182.3655853
35.16032028 0 184.3940277
29.0534668 0 170.4422455
39.81947327 0 174.6139984
16.87174225 0 17.63441086
25.60779953 0 20.06437683
35.16032028 0 15.60597801
39.81947327 0 25.38600349
29.06319427 0 29.56934357
73.55565643 0 20.32093811
64.12832642 0 15.28766251
83.12759399 0 17.64400673
38.56736755 0 82.6698761
49.50609207 0 80.64070129
7.871649265 0 88.23529053
16.65432739 0 84.70345306
8.133141518 0 111.7307892
16.9185257 0 116.2089005
78.30945587 0 76.04898834
83.311409 0 84.72373199
84.1877594 0 67.11969757
68.85805511 0 125.0768051
78.4339447 0 124.1242676
82.82215881 0 115.3842468
72.75650787 0 136.2272186
83.62154388 0 132.4183655
21.20345116 0 75.46308136
16.28408432 0 67.37304688
21.33305359 0 124.2028351
16.35371208 0 132.4750977
92.13771057 0 88.23529053
91.85835266 0 111.6916733
92.67656708 0 135.2941132
92.67656708 0 64.70587921
7.298018456 0 135.2941132
7.298018456 0 64.70587921
39.16044235 0 191.8326111
61.11111069 0 193.0678711
39.16044235 0 8.167394638
61.11111069 0 6.932126045
7.320239067 0 18.22394562
7.319878578 0 181.7765808
92.68051147 0 181.7734833
92.68051147 0 18.226511
67.46524048 0 148.2386932
76.70600891 0 147.6404419
7.593530655 0 41.22232056
16.1848774 0 37.35583115
7.592349052 0 158.7794037
16.16722107 0 162.6699219
91.90861511 0 41.3604126
83.87771606 0 37.27173996
92.40899658 0 158.7799377
83.87771606 0 162.7282562
57.8118782 0 177.1247864
48.95209885 0 178.9197235
58.11181641 0 22.78281403
48.95209885 0 21.08027267
78.71960449 0 171.1876678
78.73123169 0 28.86605453
20.28870964 0 170.8039551
20.29271126 0 29.20400047
18.09720612 0 93.64212036
19.65856934 0 105.9708099
82.48679352 0 94.32027435
81.48691559 0 105.3102417
77.20513153 0 61.28297424
76.66604614 0 52.13118744
82.24898529 0 192.5780792
82.24898529 0 7.421922684
17.74568558 0 7.423718929
17.74568558 0 192.5762787
58.17473221 0 148.6535797
49.18119049 0 150.4590454
34.89238358 0 163.7408447
43.47806168 0 164.510437
34.87240601 0 36.27225494
43.36326599 0 35.55960464
49.89040756 0 29.62596512
50.15636063 0 170.3864441
82.60932922 0 141.2200775
17.39160919 0 141.2613525
16.8284893 0 58.30432892
40.63955688 0 52.99690628
41.17937851 0 147.8938904
16.11636353 0 46.97658539
16.20633698 0 152.960083
83.11911774 0 45.91664124
83.1750412 0 153.2640228
62.63759613 0 131.0269623
58.98333359 0 124.4669037
68.11058807 0 50.20172119
42.25070572 0 43.35509872
42.90602493 0 183.7899628
42.90602493 0 16.21003151
44.71684647 0 92.18486023
32.05934906 0 55.5356369
30.18608284 0 106.3439026
43.16313171 0 156.3197937
51.46131134 0 70.22609711
63.50027847 0 118.812149
56.59430695 0 115.4672394
51.3288269 0 120.9050827
55.93645859 0 107.2963943
31.84482956 0 145.7643738
67.35546875 0 80.75576019
58.98655701 0 83.53952789
58.4503746 100 167.4334564
67.6891861 100 171.1376343
63.37104797 100 158.7585602
61.60762787 100 41.94740295
67.6891861 100 28.86237144
58.16901398 100 32.37540817
91.318573 100 100
8.656285286 100 100
91.90196991 100 147.1199036
88.56647491 100 54.32556152
8.087219238 100 147.1320343
8.087219238 100 52.8679657
44.44444275 100 0
51.43780136 100 10.8105135
55.55555725 100 0
55.55555725 100 200
51.43780136 100 189.1894836
44.44444275 100 200
89.82898712 100 171.4642487
89.82898712 100 28.53575325
63.8865242 100 90.74728394
60.40434265 100 99.7718277
71.75895691 100 98.79840851
68.67668152 100 111.6668777
31.1076889 100 74.84095001
42.48441696 100 70.93389893
36.84235382 100 62.48970413
10.17363262 100 171.470108
10.17543411 100 28.53252602
77.77777863 100 200
72.7612915 100 190.376709
66.66666412 100 200
66.66666412 100 0
72.7612915 100 9.623288155
77.77777863 100 0
22.22222137 100 0
27.13699341 100 9.667391777
33.33333206 100 0
27.13699341 100 190.3326111
22.22222137 100 200
33.33333206 100 200
59.66729355 100 54.28474808
50 100 49.76398087
57.15884399 100 64.42230988
68.30371857 100 62.08375549
26.01011658 100 63.35845947
33.53863525 100 46.51863861
24.73797989 100 39.79457474
23.26608467 100 52.31447983
90.42845917 100 123.665596
90.13559723 100 76.22621918
9.585169792 100 123.710289
9.585169792 100 76.289711
33.54483414 100 153.6532135
23.26608467 100 147.6855164
24.7335434 100 160.232254
31.64033127 100 125.3271408
42.50791931 100 121.0610275
28.18213654 100 115.730278
37.24452591 100 110.1497574
74.57611847 100 87.83867645
27.26827812 100 85.41105652
28.08930588 100 97.67917633
36.27610016 100 90.97699738
74.2385025 100 159.760849
74.30827332 100 40.56151962
39.06126022 100 101.2685242
52.42626953 100 159.7162476
51.09038162 100 39.01919937
59.7552948 100 74.24053955
69.79055786 100 72.45665741
54.42939758 100 91.31336975
50.20297241 100 100.3023148
52.18767548 100 130.22435
48.44249725 100 140.9760437
60.4024086 100 139.1395569
47.37568283 100 111.0316086
90.44598389 100 9.658678055
88.8888855 100 0
90.44598389 100 190.3413239
88.8888855 100 200
9.554018021 100 9.658678055
11.11111069 100 0
9.554018021 100 190.3413239
11.11111069 100 200
48.40189743 100 60.89304733
39.61465073 100 131.0500946
27.3005352 100 135.9861603
37.47573471 100 140.1649475
16.87174225 100 182.3655853
25.60779953 100 179.9356232
35.16032028 100 184.3940277
39.81947327 100 174.6139984
29.0534668 100 170.4422455
73.55565643 100 179.6790619
64.12832642 100 184.7123413
83.12759399 100 182.3559875
64.12832642 100 15.28766251
73.55565643 100 20.32093811
83.12759399 100 17.64400673
16.87174225 100 17.63441086
25.60779953 100 20.06437683
35.16032028 100 15.60597801
29.06319427 100 29.56934357
39.81947327 100 25.38600349
38.56736755 100 82.6698761
49.50609207 100 80.64070129
7.871649265 100 88.23529053
16.65432739 100 84.70345306
8.133141518 100 111.7307892
16.9185257 100 116.2089005
78.30945587 100 76.04898834
83.311409 100 84.72373199
84.1877594 100 67.11969757
68.85805511 100 125.0768051
78.4339447 100 124.1242676
82.82215881 100 115.3842468
72.75650787 100 136.2272186
83.62154388 100 132.4183655
21.20345116 100 75.46308136
16.28408432 100 67.37304688
21.33305359 100 124.2028351
16.35371208 100 132.4750977
92.13771057 100 88.23529053
91.85835266 100 111.6916733
92.67656708 100 135.2941132
92.67656708 100 64.70587921
7.298018456 100 135.2941132
7.298018456 100 64.70587921
39.16044235 100 191.8326111
61.11111069 100 193.0678711
39.16044235 100 8.167394638
61.11111069 100 6.932126045
7.320239067 100 18.22394562
7.319878578 100 181.7765808
92.68051147 100 181.7734833
92.68051147 100 18.226511
67.46524048 100 148.2386932
76.70600891 100 147.6404419
7.592349052 100 158.7794037
16.16722107 100 162.6699219
7.593530655 100 41.22232056
16.1848774 100 37.35583115
92.40899658 100 158.7799377
83.87771606 100 162.7282562
91.90861511 100 41.3604126
83.87771606 100 37.27173996
57.8118782 100 177.1247864
48.95209885 100 178.9197235
58.11181641 100 22.78281403
48.95209885 100 21.08027267
78.73123169 100 28.86605453
78.71960449 100 171.1876678
20.28870964 100 170.8039551
20.29271126 100 29.20400047
18.09720612 100 93.64212036
19.65856934 100 105.9708099
82.48679352 100 94.32027435
81.48691559 100 105.3102417
77.20513153 100 61.28297424
76.66604614 100 52.13118744
82.24898529 100 7.421922684
17.74568558 100 7.423718929
17.74568558 100 192.5762787
82.24898529 100 192.5780792
58.17473221 100 148.6535797
49.18119049 100 150.4590454
34.89238358 100 163.7408447
43.47806168 100 164.510437
34.87240601 100 36.27225494
43.36326599 100 35.55960464
50.15636063 100 170.3864441
49.89040756 100 29.62596512
82.60932922 100 141.2200775
17.39160919 100 141.2613525
16.8284893 100 58.30432892
40.63955688 100 52.99690628
41.17937851 100 147.8938904
16.11636353 100 46.97658539
16.20633698 100 152.960083
83.1750412 100 153.2640228
83.11911774 100 45.91664124
62.63759613 100 131.0269623
58.98333359 100 124.4669037
68.11058807 100 50.20172119
42.25070572 100 43.35509872
42.90602493 100 183.7899628
42.90602493 100 16.21003151
44.71684647 100 92.18486023
32.05934906 100 55.5356369
30.18608284 100 106.3439026
43.16313171 100 156.3197937
51.46131134 100 70.22609711
63.50027847 100 118.812149
56.59430695 100 115.4672394
51.3288269 100 120.9050827
55.93645859 100 107.2963943
31.84482956 100 145.7643738
67.35546875 100 80.75576019
58.98655701 100 83.53952789
50 89.97059631 0
90.24828339 50.01182175 0
50 10.02940559 0
10.02940559 50 0
90.22206116 72.97131348 0
72.97714996 9.518848419 0
9.533082962 72.86053467 0
72.54425812 90.5333786 0
27.36292648 90.51856995 0
90.53160858 27.45094109 0
27.13946533 9.533082962 0
9.481431961 27.36292648 0
56.58068848 64.2526474 0
68.11224365 58.00200272 0
59.75865555 52.4108429 0
57.72786713 32.5330162 0
52.41854477 40.5153389 0
64.2526474 43.41931152 0
50 50 0
37.84667206 75.69204712 0
49.03175354 77.9283905 0
44.56161118 66.94006348 0
24.73933792 38.00571442 0
22.08892059 49.07876587 0
33.02626801 43.74935532 0
9.427191734 90.57280731 0
90.47898102 90.47898102 0
91.14551544 8.854487419 0
9.521016121 9.521016121 0
71.66576385 69.3581543 0
79.87419128 74.23905945 0
82.67119598 65.65792084 0
83.27991486 83.27991486 0
16.72008514 16.72008514 0
27.87313461 20.72057343 0
35.11752319 15.61481476 0
39.47937775 25.55583763 0
28.97109413 29.35493279 0
73.44345093 20.29798889 0
83.27991486 16.72008514 0
65.69878387 15.51517105 0
16.72008514 83.27991486 0
20.72057343 72.1268692 0
15.61481476 64.88247681 0
25.55583763 60.52062225 0
29.35493279 71.02890778 0
20.558815 27.84370804 0
15.5678072 34.89801788 0
27.68372536 79.84401703 0
34.89801788 84.43218994 0
79.73945618 27.9287014 0
84.52347565 35.51411819 0
70.83333588 29.16666603 0
74.7466507 39.3440361 0
72.04839325 79.41667938 0
64.45230103 84.5358429 0
60.47393036 74.55374146 0
42.06689835 45.68815994 0
35.7473526 56.58068848 0
43.41931152 35.7473526 0
44.39555359 57.47202682 0
62.9312439 24.3565712 0
51.46890259 21.90192223 0
76.85926819 58.79878616 0
8.026292801 38.983284 0
38.95597458 7.715283394 0
38.983284 91.97370911 0
61.01785278 92.52844238 0
91.30319214 61.15633011 0
7.715283394 61.04402542 0
61.12825012 8.02448082 0
92.54444885 38.9805336 0
92.75085449 82.50434113 0
7.136072159 82.67598724 0
82.60038757 7.116910934 0
82.59396362 92.85845184 0
17.36870766 92.87425995 0
92.9914093 17.27177048 0
17.34277916 7.154837132 0
7.144506931 17.38747215 0
35.44817734 65.08808136 0
69.99789429 49.70082092 0
78.5052948 50 0
49.40999603 30.45712852 0
35.00870132 35.68298721 0
15.99655342 42.7344017 0
42.70496368 84.06754303 0
84.19264221 43.60741043 0
43.53488541 15.96685123 0
56.30704498 84.11602783 0
15.98593235 56.52099991 0
58.24543762 15.96551037 0
65.77289581 34.52568054 0
29.59484291 51.18123245 0
51.72087097 70.59231567 0
64.2081604 66.54163361 0
84.40058899 56.45745087 0
51.55698013 57.96856308 0
50 89.97059631 200
90.24828339 50.01182175 200
50 10.02940559 200
10.02940559 50 200
90.22206116 72.97131348 200
72.97714996 9.518848419 200
9.533082962 72.86053467 200
72.54425812 90.5333786 200
27.36292648 90.51856995 200
90.53160858 27.45094109 200
27.13946533 9.533082962 200
9.481431961 27.36292648 200
59.75865555 52.4108429 200
68.11224365 58.00200272 200
56.58068848 64.2526474 200
52.41854477 40.5153389 200
57.72786713 32.5330162 200
64.2526474 43.41931152 200
50 50 200
49.03175354 77.9283905 200
37.84667206 75.69204712 200
44.56161118 66.94006348 200
22.08892059 49.07876587 200
24.73933792 38.00571442 200
33.02626801 43.74935532 200
9.427191734 90.57280731 200
90.47898102 90.47898102 200
91.14551544 8.854487419 200
9.521016121 9.521016121 200
79.87419128 74.23905945 200
71.66576385 69.3581543 200
82.67119598 65.65792084 200
83.27991486 83.27991486 200
27.87313461 20.72057343 200
16.72008514 16.72008514 200
35.11752319 15.61481476 200
39.47937775 25.55583763 200
28.97109413 29.35493279 200
73.44345093 20.29798889 200
83.27991486 16.72008514 200
65.69878387 15.51517105 200
20.72057343 72.1268692 200
16.72008514 83.27991486 200
15.61481476 64.88247681 200
29.35493279 71.02890778 200
25.55583763 60.52062225 200
20.558815 27.84370804 200
15.5678072 34.89801788 200
27.68372536 79.84401703 200
34.89801788 84.43218994 200
79.73945618 27.9287014 200
84.52347565 35.51411819 200
74.7466507 39.3440361 200
70.83333588 29.16666603 200
72.04839325 79.41667938 200
64.45230103 84.5358429 200
60.47393036 74.55374146 200
42.06689835 45.68815994 200
35.7473526 56.58068848 200
43.41931152 35.7473526 200
44.39555359 57.47202682 200
62.9312439 24.3565712 200
51.46890259 21.90192223 200
76.85926819 58.79878616 200
8.026292801 38.983284 200
38.95597458 7.715283394 200
38.983284 91.97370911 200
61.01785278 92.52844238 200
91.30319214 61.15633011 200
7.715283394 61.04402542 200
61.12825012 8.02448082 200
92.54444885 38.9805336 200
92.75085449 82.50434113 200
7.136072159 82.67598724 200
82.60038757 7.116910934 200
82.59396362 92.85845184 200
17.36870766 92.87425995 200
92.9914093 17.27177048 200
17.34277916 7.154837132 200
7.144506931 17.38747215 200
35.44817734 65.08808136 200
78.5052948 50 200
69.99789429 49.70082092 200
49.40999603 30.45712852 200
35.00870132 35.68298721 200
15.99655342 42.7344017 200
42.70496368 84.06754303 200
84.19264221 43.60741043 200
43.53488541 15.96685123 200
56.30704498 84.11602783 200
15.98593235 56.52099991 200
58.24543762 15.96551037 200
65.77289581 34.52568054 200
29.59484291 51.18123245 200
51.72087097 70.59231567 200
64.2081604 66.54163361 200
84.40058899 56.45745087 200
51.55698013 57.96856308 200
7.564135533 70.35936285 34.82570264
10.91164576 10.34649865 13.90276574
89.4242725 17.38526179 8.949221582
37.3647347 12.16289705 173.741755
19.64802434 67.4702358 176.0207512
10.02761172 60.36052746 101.5824461
60.3333363 14.29945676 122.8021039
66.7409309 22.18423017 22.01906975
10.85313607 68.02814972 55.33775023
89.73054105 38.41432211 162.3121378
70.06112482 9.00407733 48.06030349
80.57384154 77.47992157 129.3581633
27.95483042 8.297051738 69.63926912
61.03417569 74.77321223 149.0164423
37.90524315 85.59593307 68.38651997
27.3621845 37.30340002 189.0934535
81.95673099 65.23838472 150.4121874
42.89229416 83.86415329 43.69062548
16.4723479 48.68029925 75.36120978
15.82003134 19.0416279 24.05075677
38.6312966 15.01415365 155.2502501
24.32563202 63.59686795 144.8885448
48.63071036 80.97080253 138.795099
9.854982849 25.85599242 182.2654043
84.28803886 83.43732533 28.83159171
33.52469151 84.52107806 12.41728199
79.74660743 49.06540262 42.09389571
49.88407475 31.73217514 17.59785534
13.24385911 27.6715114 161.9469479
80.4000012 13.29749209 171.1657901
83.27924619 43.78857228 89.40021322
8.750200867 55.02004775 45.01642948
28.19838798 73.0341126 70.72933363
81.7199143 71.90864488 81.74166102
63.49468405 66.44160328 123.6572125
51.7187072 64.14288734 89.45086544
36.37051159 31.64658596 112.539014
45.03067629 44.95325557 162.7685964
14.89148686 83.35769816 156.2342153
52.14685873 45.75969776 40.24123544
27.31114273 85.07965336 127.0251636
64.93414179 91.5846369 65.63990051
66.06770825 80.62542738 20.72954245
18.20799848 31.338886 147.5683289
47.32944837 49.7783345 71.55459036
18.33947908 75.5297543 42.46967426
22.51970626 74.90675103 118.4015753
88.50397568 89.89642912 160.3265339
22.12086668 24.76172805 55.07471167
63.64490875 70.81122312 60.01831337
42.5364269 10.2478023 111.4713111
28.94065433 67.75397319 56.56898173
40.12122592 26.57624437 34.33663779
56.85243359 35.7166355 92.08122696
27.45329608 91.63018676 35.75989487
52.13999327 75.75268513 161.4001841
15.82566801 66.28224662 83.4097836
52.28976172 44.48129972 131.2794004
40.46068381 84.8826924 190.9564784
24.86529791 52.4422473 35.65347316
77.0353921 30.47938621 64.05842927
37.4518771 36.64708778 76.18554555
57.04230089 53.77545898 110.9094831
30.16882371 39.41021955 58.93047025
54.05301046 65.67019861 142.418817
24.53992797 63.8195161 43.19658087
38.69246835 63.51008485 14.40609897
57.32260848 29.13068843 39.38670439
40.68490685 51.61229536 128.1444718
68.04823937 13.38573054 83.76618707
57.80480002 26.78508461 102.5812286
64.72440405 34.74987969 117.9670353
17.92752438 55.82687573 122.390665
30.65052521 72.44686732 94.26162567
70.64043413 82.4571498 51.40317937
44.17701815 50.88444054 12.69368919
45.81478333 49.4232992 28.24965013
60.26559843 38.41162919 7.950877042
80.623311 67.77217512 29.44927328
33.82975301 92.76629958 85.79167927
71.85892447 50.74256665 92.79271823
71.66145442 85.0682034 143.90666
39.33061383 72.81882591 141.9429619
37.31228636 74.84312862 119.1665906
7.636563625 68.9514977 158.5020707
64.81841305 66.57986821 171.1381733
70.29512219 60.86127265 84.67609795
84.92375674 22.64181864 85.87937079
59.92905566 78.16572763 178.0463174
34.8299843 63.68318586 182.7786343
73.09375679 80.72918577 105.4118761
87.77847829 38.63060743 137.9193508
37.91755753 60.51670322 160.930604
77.07099054 91.84495435 190.8223355
7.321165082 30.0186365 140.6999166
19.18050101 13.54898902 47.61951097
46.95168674 9.428860171 140.545377
69.97758142 78.88735055 83.41408255
78.94952811 15.99663297 57.66910106
32.90718599 71.84439856 26.58011328
42.5580837 91.18880681 132.832213
18.15398148 52.12680843 139.4357922
72.57683999 45.23183607 190.0344098
57.37475629 52.86564443 189.3125006
18.67233866 40.49018604 13.70791024
30.58598226 9.998610921 138.6259912
53.7164418 88.34177174 31.17945866
29.23300993 38.14145852 133.9817193
31.49662841 30.66796787 92.67726982
55.81305406 20.9902573 74.73104799
38.09315705 38.18477287 99.89145451
71.69060458 67.09988766 157.5286066
9.871657715 18.37249692 57.744481
12.272867 11.38842285 67.64449616
73.42258472 49.23672694 146.8899229
48.70687327 82.41524489 99.76241148
31.81691202 40.5162333 166.0533826
23.80003414 90.34235821 103.1879349
16.86714349 81.40366099 169.2987277
43.01431429 26.59391669 186.5461274
79.83150277 70.37258795 42.72807989
12.62666946 14.98610527 162.9592423
15.58043925 77.83788464 187.1316927
20.29079 18.87566995 151.2906081
55.79548531 21.16464637 180.1890763
37.74936465 14.07791786 32.91293652
18.97469311 11.43264444 33.95537238
17.50355151 61.35300684 9.55845092
31.23525841 26.93312597 150.9989189
57.95885995 66.05041096 184.5770019
25.01945393 35.22845132 28.66770205
38.10259233 21.19244307 95.71782396
40.11137981 31.86518786 140.7877635
72.06685447 34.37492994 8.498265956
9.437580252 25.73750397 37.25578092
35.5398968 78.64635942 152.814787
22.94186373 51.80174059 158.74344
16.05317558 33.50895707 61.30910624
34.82490068 60.88133962 118.517567
89.02825813 16.47742579 122.3383154
64.55663113 25.99566155 60.99493587
69.36694387 22.60009605 125.2594307
15.02649565 89.54751697 124.4635975
59.62018725 37.41997816 151.7972449
64.74695684 39.65020069 35.42487589
72.62302269 48.24562592 22.50407093
49.98519621 61.3365159 170.0783324
76.50071994 19.47065941 73.98211668
60.29483244 91.16684801 177.5687267
69.27456224 43.64636522 82.69944407
19.11544466 37.36857276 80.77637624
8.3039709 41.33355105 153.7469685
78.94881808 21.80127767 41.46012902
81.38148483 69.49979855 7.958954732
51.63462914 41.45635437 114.2358608
26.5746006 28.62621856 13.17648713
83.76642401 14.73640333 140.4985579
73.61199676 80.00621256 175.8561253
39.49152266 24.40781418 84.05485009
51.21808795 89.44993138 165.1902935
33.40311144 23.21740935 72.60620411
91.33335708 87.65327785 142.0377561
53.53343944 8.724669862 32.70020083
23.34916486 9.677613847 114.6089544
31.6653597 89.85953106 162.6704477
75.46954173 62.43168952 122.0123043
59.61793697 81.4987549 110.6779847
51.52758715 39.62537295 184.0445901
37.8066985 84.62707622 111.2094722
82.43220864 42.60934576 77.05566277
85.97718611 53.55578112 63.3668725
53.3439943 71.91293675 115.0540361
54.75009307 85.78417815 189.9399142
40.53945925 60.66139631 148.6364902
10.13532055 88.4884485 189.7039327
80.62064127 60.36929646 15.79062656
86.6533157 7.314055298 107.9699031
46.29029311 66.90652653 37.21134685
69.37452573 45.07562949 67.61177376
63.76016221 42.918419 107.3194077
66.20798518 82.0620313 166.2356749
87.46213659 66.54448237 173.1194414
79.27417902 21.74788944 111.6535964
92.31860421 63.54813551 46.0738307
73.30640175 31.69334518 97.16606249
89.6658053 31.20758943 99.48904087
15.43129918 22.95413261 95.03012859
44.74431104 11.05283038 53.12567515
62.53461995 67.70951735 96.46482181
82.08731318 35.99336036 188.6197038
48.50016713 11.84309361 92.95604421
64.60268122 26.04234938 190.6373413
23.17297266 84.33131087 88.64323267
79.83188365 87.01395086 11.75463682
7.736251307 76.43759301 13.98371866
50.90098245 59.19610503 130.8094504
39.62566712 8.51572494 22.69515481
50.31911699 29.46512839 55.19362287
83.87708537 79.0541127 168.8201653
67.21522242 46.8226824 136.7190076
9.825043504 28.87334255 12.92485749
26.86504386 24.34749681 187.4849511
84.29100986 28.35236976 171.2645872
11.19268066 54.28438074 88.43940452
74.70137156 60.04456559 61.81597932
47.41275707 50.12243142 97.85657433
85.19763018 86.14947725 56.76959368
53.0946958 18.67265903 162.8527414
10.63291109 35.25462237 29.47970389
42.12927504 19.45285071 143.7180181
51.84757974 78.10739344 10.42278313
25.60047592 87.40178138 180.0355201
36.13265252 65.37356126 130.8695531
15.81819776 86.94805926 29.7475119
8.181937203 84.73317468 145.3285682
91.33130844 58.53341197 110.1084509
11.82354658 14.75440817 116.5076334
16.99727111 71.74425668 138.0285926
71.59241676 15.32800053 193.3630312
76.77660488 88.87309233 157.3304149
9.168208707 51.39962034 9.137549111
91.86176834 28.03943468 131.141044
74.81703647 30.25777964 28.46915903
54.64937629 83.17844853 72.35912829
56.83575961 49.97358489 50.91932163
86.47331461 14.32724554 74.23969435
10.13746456 45.64140094 25.29701196
8.004417896 42.01766901 186.4691147
13.23505791 22.80496872 70.0877722
78.00097675 50.66263096 135.6581964
43.76316326 45.07772298 54.36290926
91.0427569 64.79057045 133.3838084
43.62619267 35.32037627 153.3758311
69.3817561 30.00769799 155.2681179
23.30883116 73.48784687 106.2609472
32.32604206 70.68585044 161.2273755
22.59886507 41.31045381 100.3525707
11.31595197 58.42922255 175.3700187
31.87270394 57.09865307 97.97063352
37.55913481 59.14194092 41.57723103
50.87291363 33.83326292 66.17808718
79.50589076 11.31354946 15.92786284
49.92626082 76.25397257 59.86465363
43.92966313 78.92191909 127.6818267
24.90052673 23.58611598 112.7307695
34.81202089 33.37259142 48.37377439
15.27989529 65.74348404 21.9566064
36.76575624 18.96112163 127.6686762
63.20240423 84.14598868 94.38191401
51.21827767 85.9948086 154.2086624
41.32599271 55.13115396 178.4253421
10.85910796 11.3518543 147.8085991
20.90861045 23.86116399 138.6583663
85.43258869 51.13482767 174.6897955
77.74403895 91.78465358 135.3824855
90.24457259 67.60413036 104.1762572
64.82843451 57.56530473 41.45592415
31.663543 9.336233632 9.967678047
20.1623945 65.98296778 159.2569306
53.60316471 30.14566744 172.6733832
50.17634066 50.03475884 145.8314646
32.35667598 55.14177956 7.598467485
18.76415383 46.48510634 114.5428426
80.40041764 21.48891198 184.5670751
27.74612459 54.53818529 78.19283771
71.59885033 32.27564123 53.41912635
82.68962204 35.54287136 119.2861085
38.3805918 9.810482654 191.6615208
54.17340829 20.22537034 86.59825977
69.41382679 60.36612561 144.6048516
91.3190226 31.39069534 55.22204766
15.00271469 55.55347514 185.762162
57.12263685 71.59688046 73.61148607
69.73178473 43.13688517 47.20936307
11.04749982 43.93638658 133.8632544
19.80354712 87.36079803 67.31665901
73.41178358 74.84422604 118.1887508
84.49122331 59.32087819 80.47940616
75.95215651 9.282939178 151.7500898
73.24209561 11.63794674 133.2020413
36.24278907 8.537310284 80.45274077
53.37703156 90.03806005 53.78135758
23.88866954 9.848022043 157.0817916
89.47900023 22.13487943 193.2442332
48.50330905 7.883213067 71.68319077
69.69446508 64.31489657 107.3623032
61.16657528 9.592333274 62.84033684
8.422753552 57.42741727 115.6966744
33.56129325 43.64125272 28.93106265
32.59826586 75.86360051 188.7880717
10.24621155 88.63420818 48.00263914
69.63989721 13.53381171 98.92870801
47.6955684 91.39528281 15.94151406
9.923044143 88.65579361 114.1767917
85.56598594 49.24307457 159.3025765
78.89207268 85.1240862 86.51200148
18.94412048 21.89713861 121.6288307
36.06592803 26.02095371 22.57979128
73.28823639 71.22399129 95.31666092
40.82214515 35.66851516 174.0791971
30.35970728 47.43053477 144.3632746
92.11782281 84.17047985 65.4181391
91.13099802 90.15780014 46.52939238
80.14130338 13.07646476 90.42724802
76.44266929 20.00963824 151.4681076
44.9130396 68.72586417 180.0354838
60.61379612 41.01307038 170.9214192
38.35792047 21.29860711 8.593108822
51.82924546 19.51687291 9.385288573
89.85854937 85.68299794 94.8160886
68.31228383 57.15095874 187.5118939
69.26226699 8.443839118 12.16625906
31.22003008 77.75923535 171.546657
88.0066113 10.44217681 29.56198294
78.01289458 67.06219095 179.7331125
7.072558565 32.72253648 129.5158029
61.72857684 14.45839816 168.3340762
18.52553187 43.90065618 147.2221499
26.50006507 54.1364909 53.24675769
68.98970398 68.95277722 74.04475758
92.66665604 69.62214798 58.9016435
60.33158747 52.77323207 89.30804896
20.20645428 60.79713407 67.50904953
79.61702578 29.84971911 134.4900399
32.72129667 58.46951492 67.82992755
10.71358249 36.35609894 100.2394573
16.02464758 23.11274681 192.9462456
75.0185968 73.48517068 143.1590404
90.79623694 75.51844674 152.1399508
43.59242031 46.74379636 187.2721159
32.62986914 84.5692236 27.694188
88.91001377 53.63232179 148.3515416
75.49846375 51.77332454 170.6032758
44.02882005 50.90749936 87.58967109
62.4503604 90.51238777 80.89453488
88.82611457 44.8181188 193.5309839
84.51015151 65.68724258 192.2490457
54.48086179 48.6083237 20.97003409
54.88830661 25.46481336 126.3661493
7.747351559 31.45854571 47.94448588
11.60766725 9.155291713 188.3947577
68.09530558 89.01293585 117.7734312
61.0154215 39.23750943 76.45092768
90.53863965 38.63129928 9.173600692
69.38469366 41.18564909 180.0173077
90.66178967 9.37965443 47.40914606
69.27042625 60.90469991 13.77191999
41.59815494 24.58951306 165.738728
32.90785507 60.7302897 28.84600222
63.52591172 62.41541044 27.31931134
33.5139544 64.65207635 76.56238224
73.69241396 93.55741891 105.2115122
69.38978472 22.94481798 164.4770763
7.919005667 46.97201639 55.01574566
54.16844945 19.33345531 30.0504639
82.68118617 49.63077193 7.324769995
19.1105231 50.96233926 174.7112838
91.90777625 32.00950633 110.0351601
66.48244256 44.74030578 156.8435745
70.43661352 22.08876589 92.48001387
29.03789353 83.7979777 55.8246169
88.1604251 26.05083492 24.66691557
21.53314821 92.57893089 144.6681295
82.91152953 47.8820208 124.6706326
94.64162898 83.72665664 77.34559487
51.08421145 60.97989457 60.17572531
93.3432269 11.04362533 67.03155164
75.43220839 50.02997863 106.6820684
14.04718121 57.66348572 164.124354
62.25013699 68.73661501 39.75968717
94.26927419 36.15984617 120.2860221
58.59664055 68.56187552 12.14010642
87.92900491 37.48960542 179.0481971
83.50591156 39.95717267 150.1683186
47.98227918 8.56818594 15.14863603
7.144695904 53.00091702 144.3300062
19.92520563 73.75060024 9.292164739
59.62505348 21.28676109 137.0908048
6.597741442 5.074700888 105.5175741
82.09480633 70.32063697 112.7623222
67.45232396 73.97357075 192.1705026
39.81382671 91.63816616 27.14112485
91.96864565 12.64581259 96.25285735
82.79365419 39.6261336 103.7376074
91.14252501 10.75965397 156.066516
84.4255996 18.27870098 160.8550896
78.11228758 80.36095584 190.5427617
45.10970029 76.63351926 170.692249
13.85531748 66.12753287 191.6117439
7.420543171 7.362778645 133.0358313
53.49659059 6.711729507 110.7778419
22.42150553 81.47473542 16.30086547
8.524994929 46.31329052 109.6585787
90.78149073 51.10678301 80.92259798
32.21482865 25.57924467 170.8804592
33.69130462 48.37846179 118.8860107
38.35350823 26.6190175 56.63458942
58.33490685 11.8211684 147.1317354
8.295979093 60.63995735 136.8927846
20.81174349 11.16750659 176.0303932
85.82838407 41.61244489 35.14751592
91.0983334 34.33349011 29.66893878
28.21112544 50.8786632 169.6219946
5.294424767 85.51642228 102.5204595
88.8540131 71.27516273 142.8843869
29.51814243 85.29628158 139.8126867
7.677414216 38.12879113 172.4458108
16.96545118 81.73876634 103.2421775
12.11476372 11.76328993 97.85861566
21.97511689 54.04172162 98.34003344
24.78486845 12.40147499 84.33341571
56.09113994 53.18971086 175.6648298
36.61242051 91.28665041 54.41549164
25.52714252 69.14937207 18.56285658
45.79808948 93.75959528 74.03245228
62.40687543 48.44498204 125.188831
26.04735982 7.907988703 57.40431809
76.92624252 34.75507287 40.86169122
85.89855448 73.33589557 181.8957101
29.71102678 40.60064301 42.38269298
80.29720848 56.3431418 191.1386515
15.09455476 33.57241235 114.6632222
65.28498264 83.43191398 34.87111074
47.09236525 28.68508934 132.3789536
10.1747737 47.64582265 167.7624437
79.5114222 9.375958811 189.7210333
8.851906333 12.12463857 83.09970451
89.73600084 24.13632476 148.8504218
87.05746881 37.86888902 68.2743019
6.812333938 60.75452628 25.92027167
26.86469124 13.39470922 187.992182
67.77609598 91.91722308 21.97389203
53.54226791 8.489818138 179.0754649
48.37409411 8.977964106 170.6436641
9.397412872 7.532551097 26.72258267
44.74463717 16.3770923 65.19620277
65.81912112 27.28120477 82.69684637
92.90855843 57.40788187 188.4453899
40.39346415 65.92545542 99.57127
81.95589117 75.23027075 157.0494015
20.85469288 29.80431145 40.36226009
68.64324345 33.70587872 134.1237556
90.26622201 92.23958457 184.4366739
83.38332341 59.03095687 53.18458402
92.04829176 73.77703298 19.5960465
91.4281475 68.02279502 76.36749051
17.14893431 75.7754313 67.35958803
40.56678232 37.45569083 123.0693129
80.53864238 90.82891766 175.7322376
43.42447686 38.1171385 88.88090042
48.63979244 40.72681805 78.13729861
47.20709798 31.37533323 107.7393974
87.73948434 94.1722548 70.5730331
5.665481499 94.32074422 153.3538291
59.33877535 7.338773575 7.554670696
91.98705326 52.77612192 29.90364224
65.65935998 22.19095656 109.183217
9.850446099 89.08153065 17.26769591
93.40062907 22.77898852 94.25616606
73.43228918 93.33861301 80.52061441
13.60376718 92.98636456 137.3900063
64.56831751 11.15188027 110.8229846
60.53568137 54.34667447 164.5473809
6.259427554 74.70470193 67.63563673
59.70274073 84.41256406 7.005779079
8.257304722 85.20669367 59.88056463
81.13685629 75.50137326 99.98958583
79.20128974 62.52404873 71.58871861
41.36422992 62.24063929 54.6062944
73.67401415 14.32778923 29.65740814
49.02510599 64.70746253 108.5760442
84.31684161 30.71525108 6.091551023
57.14145637 92.26362906 111.5141737
24.85892538 27.15422864 177.3050601
14.96063862 41.96417966 43.33002649
58.65633565 82.67173987 61.17967345
92.61849902 47.15891517 120.2032057
58.11337221 89.19548174 139.0761374
33.23424823 60.52612634 193.1841817
54.63063483 27.33599938 195.14037
25.92764924 43.92264036 4.482978247
44.10743927 89.78905121 118.8244091
57.61524979 78.36459037 85.29418132
77.72538129 41.16546075 169.9317544
24.82372512 71.0906797 34.40738033
85.91149224 60.50614168 119.2021571
54.83256083 44.37522759 63.26214246
85.33666412 51.73398931 98.15430325
9.211458222 68.92780272 125.101791
14.51510713 80.7569307 130.4691492
82.73831787 88.92627394 39.54076623
35.31260997 46.33766965 88.11668254
74.22210872 59.12918452 33.82447259
6.950377306 90.76560994 73.24358265
48.5172841 29.17607603 96.78703937
10.04206626 78.67418682 117.9167909
63.24165699 18.802002 6.546827226
70.10212589 93.64382921 33.77809827
6.926002038 15.42795757 105.8941792
8.039513457 76.36294784 174.6685693
20.92540165 56.51692566 19.73586696
65.35179726 57.12081511 70.02421337
7.913261886 33.47658155 194.9836074
54.82136598 82.73149575 40.22930539
5.735471147 21.86939171 82.85275634
47.68471844 85.1005718 89.18135809
91.67512165 75.52911577 8.921055312
69.92320832 63.09298516 134.0422535
51.8732243 32.01319202 142.2942047
9.288139758 74.30786272 146.5816844
53.72599552 51.36860552 82.12301118
9.52344269 8.781528155 42.30375938
69.20574586 7.945111855 172.2491593
23.79444366 93.05357282 119.6738498
71.96889409 53.53629562 159.3504996
31.00441693 57.11182091 153.4190439
93.00071054 57.85216984 15.78961923
21.40660957 8.646148917 133.1533335
17.9562145 18.83077778 107.1557799
8.532884512 75.58402156 103.7001195
18.18884814 39.99545356 179.0174051
65.61701748 82.5717398 131.5769404
17.39098025 20.11098618 12.14518855
71.87965096 70.25909898 18.00215176
88.23229759 92.97748933 124.9210166
33.69989321 21.23785816 107.0607715
18.80027237 44.1923143 88.71342023
16.47297488 33.56445679 171.1707899
74.81624272 35.67702482 162.2965274
90.7898904 88.17981497 105.7075745
5.580469497 32.15970254 86.29240432
53.00085853 22.26211895 46.80755523
86.54986376 80.49785926 47.68326599
48.74907208 31.2444965 83.64016913
68.84475991 79.92850021 70.61028307
89.94424403 18.84342961 169.6490369
89.91633999 81.50194499 191.5318206
47.64159287 60.51684684 69.24604595
16.68154235 74.64460959 28.71159976
9.339805781 26.58663357 111.2933988
93.7200177 60.77618464 154.601738
91.03393 42.91908276 58.89590754
58.64667336 11.98361783 193.1756368
17.0240599 31.73800975 19.94967171
84.75329977 17.56507488 102.2077083
48.33146229 30.89875061 161.9389796
46.70029888 95.54915914 194.5206381
69.88311332 23.40368797 175.5467736
69.91973796 38.02748849 19.60693387
67.97247784 50.94260121 8.181880135
16.9492765 86.59447514 39.92699406
15.57622211 32.39703366 189.7521052
27.39307171 8.601116945 101.4724122
57.04107877 37.50214697 28.06092657
61.13671918 91.45611325 13.2991435
13.6733749 91.36018933 164.252609
58.55705726 57.79226144 6.0991035
27.71080711 53.95423737 133.3841381
85.71370955 37.1400697 18.41303967
46.1785894 71.24174608 19.94272694
89.07668922 34.03195447 85.42112968
60.45330638 39.01930461 194.8728459
31.32767526 33.01511979 123.7957292
72.80797714 65.46954416 51.57743868
10.09863953 81.47667342 36.26489753
40.36831802 92.37464481 154.179502
62.98520967 91.36575442 46.58754512
22.00161564 58.14767256 87.69095588
5.691359292 79.09257453 88.46825999
38.32415934 63.82849827 90.41299029
63.66560959 32.58880499 181.3040941
64.09984488 14.44874069 154.9702165
91.36316494 17.76564035 57.20978675
18.12866999 66.07486849 126.2473229
28.73609815 92.48374779 74.50266976
45.84165142 53.38259848 48.84428607
33.86648202 71.61622487 7.735994647
8.574570424 91.80912034 178.8952479
36.01991034 33.00126461 12.3993142
42.59114093 54.49085138 107.4784745
38.27035011 78.23839943 87.44129658
46.71640323 6.457124466 122.408146
36.31452657 17.80368032 47.90379585
31.32362945 63.21141205 170.4432148
92.04916211 90.86556113 17.89446979
77.57961497 7.852376487 77.34562084
46.82848744 65.23519246 191.7501639
20.03379771 32.43074732 106.0016616
18.79198412 40.59839816 157.6314492
69.2600324 26.28674923 37.93126395
8.141199956 71.87500705 94.10790648
48.77859127 87.3104567 178.5046068
36.50365944 48.11225203 62.66961278
60.21942637 16.5286527 51.33575823
68.2897185 72.1767904 9.081508051
84.75853876 50.0542845 114.5003633
5.663527608 58.92073429 64.24481481
10.35947072 47.39929074 177.8135406
52.62023579 94.00911243 84.1406827
66.10118235 9.812625339 25.83089028
63.3081869 24.63845864 146.6393778
54.25327039 83.65245268 129.5481277
57.68240472 40.69715964 140.7901259
58.85681976 8.078600787 137.6236786
55.41303377 72.11390031 103.0075586
55.40403196 61.66052413 40.18486037
41.26433541 40.81484649 133.1585844
61.75945868 54.50528283 154.2796729
24.88670569 79.86524863 161.001108
19.85424925 46.95172719 185.2262481
5.569835622 46.05913592 77.1546101
85.87888441 30.71369728 42.44738287
56.55228171 8.329679844 47.83794728
11.104477 7.502599594 52.7105636
29.28181919 75.15436583 46.8750303
68.29061866 89.12322205 185.2927957
20.93875785 7.205475187 6.514563949
30.46635948 6.159019277 37.13483098
92.08147996 73.61496934 114.7714325
73.19963122 95.74375535 168.9778843
92.18945143 74.04631935 37.44498681
36.25407062 65.24156638 108.6594458
47.66084275 22.17508152 114.9230425
34.19935182 19.00356636 62.09636474
52.82056186 57.6260175 27.0796545
7.238482095 39.74873737 16.11612149
61.71608787 57.9865631 60.10090556
91.69763472 69.62274879 93.55225899
62.10248302 31.83418687 18.16257007
93.38638091 7.013603853 84.49961891
48.78492458 9.099373777 187.8275284
22.2176276 23.23209402 86.01219577
48.06209014 34.06217113 32.38918532
62.95159082 9.779938453 185.4494661
23.62045703 73.12019658 150.7066469
71.92742475 33.65242485 87.33416724
25.97270728 89.07510092 190.4114861
39.53932445 71.33890472 47.14063616
6.991967754 70.67996155 184.7209241
7.012029396 41.08494968 118.0874412
92.58069064 53.8291649 6.679799362
18.11012804 76.77959593 95.13348136
92.4259594 23.72724488 33.84489011
46.47335798 64.47399304 77.46735756
42.49758066 37.75149387 61.6443276
46.47269531 74.30076851 85.13591884
61.31192011 36.53971362 67.34606644
91.85254091 12.4739774 190.517691
72.55101271 51.88113684 55.5167384
81.5132137 65.75855718 91.06243744
58.85796759 11.34835425 88.71727451
77.8159444 80.75327343 41.00583468
92.08126439 69.3882529 123.0246884
53.23915801 62.59635377 160.1179683
44.13277749 67.67242611 155.2704322
62.59410665 94.08625948 165.5583057
14.82664054 32.48545158 91.42293813
53.8756956 73.27315064 193.5969712
80.84587204 56.37240097 25.79185847
38.06115183 7.241000032 92.29808584
41.42790092 7.083224651 40.00891938
40.13068958 39.57982004 17.93883957
79.98472292 86.67110251 99.19791283
76.75834539 35.17672988 143.594257
48.08580132 65.77599322 121.3908328
66.22468541 41.86297272 58.14280453
61.33246776 50.87982847 27.92996353
25.9370149 92.45182491 13.84692963
57.86596941 73.90902682 24.36030193
5.323988641 95.15514688 59.4176601
22.70095496 62.49745006 110.4168549
92.53793829 75.15102181 85.83961262
9.380498968 20.11306906 6.297662074
66.02449541 74.33420298 135.9201377
63.41808318 19.08693976 40.81734564
11.04937463 59.10595753 76.98106501
24.60632291 76.10179437 80.5416757
84.74804309 79.69717755 118.2874782
69.38544397 34.51467273 169.5048681
9.166198474 51.57034979 192.9805876
68.03901691 6.278551232 34.365971
45.27058289 77.4995023 26.39143996
8.736609157 38.62020971 73.00165355
47.5848619 24.81917163 151.3148832
18.07390475 86.37243367 7.979420191
15.05862575 84.46875003 178.9656794
21.25221703 76.84514944 55.03380579
91.29022379 57.78008581 87.87367973
58.02047432 4.791745678 161.7830175
9.735096942 7.300209041 172.1076776
88.62762289 7.864696855 57.10294053
81.26464421 64.16623747 130.5739294
43.1698437 74.39112705 7.230394664
13.48338151 43.35745251 64.45499005
69.14597453 30.67473531 143.4683846
45.75089028 91.33396619 144.1816239
68.66324202 78.91006193 156.460768
10.76837593 21.86661182 146.6863297
18.24227302 45.68287537 53.56404256
44.68556121 23.17930215 175.6880062
36.19751831 4.609307623 122.3949271
92.01614556 49.80773063 136.4498644
47.42370685 74.55614381 149.3588551
40.31424783 70.38473995 73.27089423
79.31175353 74.8834092 69.33928157
48.82362737 17.92932725 20.05330157
55.8709624 7.323460747 21.4820518
45.98412075 91.61676559 104.7953648
19.98439221 46.04369519 125.9762814
82.47130237 41.2610008 26.20165257
7.628643352 87.20110106 131.322702
34.05515998 80.76714881 101.1607233
51.71761399 51.1712031 121.8017497
51.73173266 16.42490858 106.1284226
52.83134224 76.26307056 48.06545595
93.54908712 10.18980865 167.2178993
51.04490699 63.17529938 49.22845007
49.53597147 10.46848283 151.8037689
57.68592175 34.08529475 134.4256241
43.23078452 54.51851798 193.0445166
50.78609063 75.96818876 33.96545908
57.15738436 61.6156815 72.41462205
18.98367077 39.15035113 136.6935667
50.00123157 40.75012869 9.884340758
77.04753335 8.749775858 111.7081649
69.01337717 89.02155999 7.88526619
34.76082213 81.49435224 79.63083737
9.991449418 48.0819908 97.78813635
78.93479092 70.28305757 58.80831907
6.49967243 90.72735634 83.87636088
21.11433775 89.9856162 50.65505297
69.37430738 32.4435858 73.57119451
5.744581692 12.68864301 180.4543007
88.00455234 14.61348012 181.1018123
7.943086851 16.77247998 192.6960034
93.89938077 23.47111812 68.19972782
30.40868556 37.10938769 145.8598457
27.22882755 18.55481573 13.10681309
93.15321917 38.99279438 75.09726884
81.46824796 10.618931 45.78857235
83.08386073 60.69736376 104.5551781
79.94377426 87.75367346 109.5441146
34.83903146 32.03981902 181.7392001
94.4256839 64.11877414 165.2978324
22.00756087 65.52884424 100.3904855
53.90320481 91.93475393 122.7125065
57.5007072 33.29571144 163.9054417
18.31039156 9.931602567 90.89819835
71.15994264 66.93801944 37.53147063
88.97462199 95.33001179 60.77784601
13.09703407 50.02059146 157.1067
44.28743698 24.81113277 123.9295976
24.47626215 28.03912851 128.4427408
31.75780144 17.9337553 86.98695441
23.48031513 18.82234428 72.87563801
80.40146306 92.90265475 117.9480246
8.417888383 41.74782451 142.9327114
85.49489969 41.43327135 51.13727946
77.53500312 42.94008923 115.6887073
40.87472852 45.01604997 37.73732948
60.91532625 69.28023002 160.825153
9.849369945 90.00463895 7.872828138
94.22754739 82.52785554 128.3310028
75.13126313 64.02243661 190.4248058
70.90042353 18.47613538 142.1689213
91.30522208 19.26010558 42.08754861
30.85895708 23.9999338 38.89730073
74.41179448 37.46501853 108.8279999
77.34551548 6.501280356 162.8999339
93.67732477 12.36855674 130.4150258
30.33938748 53.04139888 185.961193
42.15942148 35.93721386 25.79938516
77.03580832 41.45135946 53.98593441
14.29124236 56.68369092 58.02312369
17.03745593 92.57761924 85.84892627
30.44037884 93.66042689 63.58374686
86.87585861 5.765520473 178.2680903
93.27013538 46.83921112 182.590053
33.05722285 49.00535337 107.7122589
88.47616629 74.0867074 67.25644709
48.54902869 40.60412859 103.5472708
54.96914039 20.56620271 57.213813
76.67700277 20.96713361 136.0340466
16.85897294 82.07896082 139.840081
92.19434138 23.73390842 78.35835959
95.26468949 9.775781279 117.227259
19.01393718 93.46894989 156.6297825
55.84538829 50.49489068 11.73902382
91.7674073 43.87199098 24.52290533
6.711479147 79.0118804 193.6347662
41.80537889 43.59257446 109.2206558
91.98792276 63.22713278 29.18242974
94.02122345 72.66167858 186.2193582
74.85768966 92.00168011 44.5052384
31.15132845 75.54408228 134.8000801
91.22926583 31.96695861 194.1903628
78.99318734 39.46847618 130.9809715
16.18552804 4.994339719 125.0124695
55.25127379 90.16233966 102.0998349
49.74978069 7.352338045 161.4604567
24.83808433 6.228007233 24.90005584
30.58145219 12.10544688 123.343303
45.75415335 26.60098049 76.47590351
70.78047783 9.975340945 62.54093201
63.20125253 89.03540814 193.9665159
6.763418 24.27492013 119.8326467
93.26724976 75.05309078 168.8895469
83.22698345 59.07233159 34.34639864
29.18920387 19.2780563 160.2926262
93.83531404 93.47161791 29.14508186
41.7607163 37.36948221 189.4387762
90.22350631 7.623125702 17.00008472
16.22822329 8.926945946 78.2403392
31.84450636 30.17915932 162.0134252
9.961324793 60.02781777 151.0021609
79.50607636 25.05797936 18.13034028
39.24006853 52.01108601 139.7443453
76.12418548 60.51594006 96.65145029
92.59525764 22.48286849 160.531913
6.602547734 33.59263546 64.87977172
95.43594443 31.81422684 65.06328716
20.36765451 89.77746064 76.68490896
24.63590291 88.75808728 24.87991106
31.13461461 93.84186273 96.73715536
51.15822916 88.05293343 7.260886404
87.73898068 54.40884268 130.3427133
9.870791818 20.40686234 130.4952408
9.149189255 94.44787472 35.9091231
75.66354058 41.02521038 32.53701675
15.09518595 31.58798215 124.0205394
57.86172451 36.46390286 47.06325225
66.28210023 56.96107093 51.2952938
78.84388227 21.44356262 122.2182254
16.61956112 79.65800186 82.89235768
51.40077185 11.73516347 80.43647782
45.46869995 82.24486317 17.45212793
94.3019367 50.21097142 165.840318
17.15719929 7.993136497 105.7620138
72.16503848 8.320898468 182.1700412
44.76037656 68.73268266 65.5380537
87.92836406 88.75054584 170.8574244
35.21651942 48.51050472 72.44092332
77.13967969 21.64105025 10.6611799
44.31579068 70.10815479 133.4151718
44.56372656 24.4821781 45.44780536
31.77443932 38.09366532 85.78356956
74.41136852 41.93780265 100.1340007
90.54482482 87.75593847 117.9469899
22.18746899 92.52704217 168.2759599
9.734237653 16.9303152 172.9079166
29.52172441 92.93559343 46.23636767
20.10425279 54.75740791 149.5542223
83.04975101 45.14917518 185.259796
27.16320063 43.09504143 154.0761347
50.01820444 93.57805385 65.58035409
80.86411432 40.62498707 5.218173176
21.6276669 50.90341968 9.978545871
58.45958812 27.98659332 9.684057263
28.52317032 39.27786175 17.07503869
31.00468263 68.57373654 151.617903
60.42808126 6.677293163 80.50197989
18.502385 29.18942434 7.076275204
56.45353782 61.00735427 18.77553948
58.70584945 7.723070158 99.33664747
96.32871624 11.61809975 104.9752866
94.59228423 24.98864213 175.0860294
6.035908364 41.88649781 90.49507022
66.4820565 90.37552634 151.9489344
81.22314732 5.041501359 23.92976496
67.0569891 14.26314517 73.12513539
22.55187232 75.48370252 129.9961995
60.10343284 16.98738364 99.63547757
36.53885793 32.17937781 194.3255956
30.36777079 25.54131678 140.8936087
25.98273799 28.31904085 67.28418115
81.93206652 9.274466575 129.2531367
50.74899239 44.81690914 193.923358
83.2273826 60.65461582 43.05559858
35.90955721 78.38681753 179.8006439
71.53109399 12.90604346 119.1232704
61.57002505 25.04081872 92.31781322
6.99244948 60.92443117 186.61427
16.43205112 46.59172043 194.0303056
88.8794434 4.114969882 141.9040986
37.04951596 28.80128698 130.9186418
71.09139491 94.69626595 53.82584908
4.559712914 68.06781704 82.46257747
83.88421027 22.52285392 128.893017
57.25688574 70.5357138 132.8820734
92.99933232 26.26902181 183.866812
48.23866879 17.36266253 190.8390481
64.09348503 5.996451278 71.71946572
83.20041693 81.32533037 145.9381845
39.83301491 47.03097265 152.0219176
93.86055691 46.07270755 13.463006
42.18105149 71.58966019 56.18396373
30.51984805 92.93375362 134.8944691
72.55618324 14.32297793 159.3158789
79.3894615 45.02483944 62.66772564
55.31526381 61.83537612 101.866992
55.26719937 94.07947647 72.10932122
29.4563223 15.94241271 23.28317737
49.47251113 13.73838982 128.2862448
91.63639907 27.94621364 16.16779451
37.6560317 80.82541579 56.85372369
29.26565006 65.24760306 86.37639156
76.05634428 6.16045551 142.0135728
54.53093778 47.75707386 158.0940761
62.39983017 53.36933413 78.92941575
35.02825768 47.09065496 192.0351509
87.77730776 27.69567849 122.3552279
34.76150667 21.41719391 193.7779133
76.17119416 91.94348963 60.00060885
42.53887051 68.67538452 27.73952596
37.67573049 50.64212054 22.07584955
32.90797778 66.85942099 37.66858272
94.15111953 50.03231734 155.6356508
48.15284563 57.19606517 115.0135445
63.07286591 45.41766176 17.22450751
35.57597302 76.6607926 40.69397905
18.26649335 30.24912068 73.47905846
60.19638421 23.98822301 116.9520808
68.33274605 6.991844221 125.6007017
18.43776108 12.17527083 194.8078408
70.52686682 4.763834691 90.86587444
93.48232641 59.97098509 178.4540851
7.073738343 83.95420408 169.5232594
84.83747366 49.71102999 20.97788008
48.54889166 71.68546063 96.23605672
93.5595039 54.62753509 38.62602045
7.792382697 67.32348872 170.6508342
94.67778005 35.96673169 148.5886501
41.69398818 59.27994964 24.3096869
54.65013377 93.53429873 146.6690554
66.72913078 17.8781073 182.4449983
11.88456176 65.62744494 112.8830854
83.35408146 60.26206821 162.5980908
75.59199468 94.61584992 25.84093788
86.14136734 91.76887972 84.40075558
23.1564759 59.75476299 169.3151675
23.77990553 17.70028198 62.92674869
47.68457854 93.89663482 96.15746136
74.81632259 40.54105429 154.3819728
51.79144584 55.07161684 155.0804493
32.83725345 23.18977173 119.9551664
17.49510706 95.07813564 110.9139949
54.89346504 59.9743945 121.2559926
28.06305607 8.186035296 48.39451336
70.37896272 55.46093593 113.6538338
57.81881803 84.1282181 120.1749358
88.5355062 6.357385801 8.004131589
29.51522043 52.23109755 26.46636528
46.67956342 16.31496391 36.69384721
88.43410971 44.48040245 108.9239996
96.46202745 31.92594044 6.4768115
7.618133979 64.28882825 15.60447938
7.013550494 36.70598213 109.925824
7.342013792 33.09797602 4.347029986
41.54531454 8.243123963 163.8826756
27.19750904 6.606482554 91.79617502
27.10060317 6.853456214 181.5585355
50.04621472 77.43543338 183.873502
24.30128746 16.63158322 129.4093346
68.51239931 95.68840086 93.41087506
77.58987852 6.132752455 35.25122
61.59859527 45.00212923 183.9490403
41.70234135 39.38828642 8.041458892
59.89983146 47.66968548 70.40492089
52.6055041 19.45308193 146.6158549
90.69155413 51.15943434 51.92577014
6.192989388 76.3770646 77.61061924
61.58203515 91.95517336 130.2295396
21.0929287 49.05123901 62.34741946
94.68389674 12.44758867 141.0797957
32.17489642 5.736093537 161.2161856
20.07024116 10.07362746 144.186607
41.37289012 10.63168964 127.9023153
15.27990571 55.61848417 27.98169141
65.27707473 72.11379406 29.92715676
93.47819868 16.29723194 24.00535283
81.25371446 79.0882636 18.66735869
54.30726982 47.56522326 166.9884133
3.490503334 66.99218202 177.5815942
43.02539104 15.07695373 182.6818194
88.23692444 93.34218553 193.7512129
6.657522958 88.6657176 92.36293128
68.38567014 64.27437469 5.045944412
68.58845248 80.53265182 61.29709052
41.4339766 29.20616578 68.64448597
10.92601326 66.8197592 65.84951154
51.52651557 30.028502 182.3060914
50.34613352 92.03492325 40.36715618
55.33514525 83.54031425 17.68063131
93.62202598 74.85082695 135.8977573
32.66912024 48.94010574 14.71943692
3.979911681 74.18398061 131.1375298
79.67359921 21.64711746 26.41350286
33.96962169 90.59610866 174.6078674
9.255233181 4.812160761 117.4472228
53.92441477 29.78084319 114.6279187
83.67651663 30.19846909 32.73754803
5.890558623 30.01597463 77.56619904
6.767195802 3.610935944 153.1070008
25.25517179 68.90058604 187.9358846
41.60788329 8.769919294 101.0449256
58.81234333 76.17997726 124.2372154
71.13808226 48.4547604 127.8425057
78.19382856 83.5910207 76.27998464
26.73809377 14.9493726 169.167047
64.81753232 60.49378217 179.35712
64.82933195 57.11609357 103.9933473
78.26869435 7.760974931 98.24022333
44.56376953 35.46635525 43.68279384
83.70680923 27.1116915 71.35551979
79.87466015 13.56057211 119.7961993
41.22244367 15.80200187 76.70832277
77.50534443 61.13461353 170.7905059
84.27134815 59.47558104 179.7537062
42.19999479 86.11063138 6.326468762
32.60677034 93.67083111 195.5989205
26.61666777 6.270792201 170.0227613
75.72997488 59.21276437 6.687449879
93.13150851 90.58063551 132.8171339
54.63283932 37.00129324 123.6479587
31.32723838 45.68425261 127.1461429
84.73644528 84.62317997 180.8879638
6.482120473 95.89200299 141.5308972
94.8503265 43.14076059 98.11060526
7.205340072 5.868931266 162.4870246
52.67325607 65.86583161 5.200231444
78.420914 44.36373189 15.69004827
19.39140722 38.09341694 36.59717188
55.4043015 65.72140533 30.98897904
85.44700129 95.41298777 11.17203125
84.74785713 79.34869823 108.8227656
51.04142815 85.94324945 112.6289423
13.95011105 65.84518708 146.4033338
32.49798331 91.4898228 115.7785997
4.787867625 29.42615857 57.2809146
56.97958579 94.63238875 186.2221632
5.20096903 95.9710384 126.7472485
89.52300524 3.774673109 117.0266251
9.131966832 69.53410999 6.131830584
37.02603868 69.35973278 194.1189823
33.40568799 41.61682182 8.927194721
94.11118152 86.98853051 34.76106934
86.32420698 59.73526795 6.4476173
24.41360049 17.77805257 97.63815255
5.242857414 58.70558616 161.1279533
34.8291429 91.77889999 147.381395
46.78965025 32.18211607 119.2100981
36.00376449 23.22063571 179.1948676
81.5558946 28.72260386 105.0478926
84.3417822 92.00805922 151.0335939
73.1080687 75.70760026 31.87239056
92.85918349 23.35298339 50.59275703
68.83175596 72.45533625 180.1801529
16.61952825 73.00186768 75.63247994
48.58798833 51.79692729 60.8752806
61.58726679 75.55981076 50.86309955
44.02819732 56.71259256 79.63434914
70.37644029 53.58762953 178.3714175
32.78087527 46.29924689 96.89062398
95.90442161 73.67322381 47.80047834
6.767953009 58.18192249 126.7903154
32.40659069 94.33954331 182.0574275
33.60013905 57.32949634 109.5917152
66.34377497 94.42122759 136.6936568
19.39099604 36.13867071 48.43958707
46.60568711 41.1431102 142.1277818
89.59993028 67.12462189 158.7669707
90.42966839 60.36920092 71.64731502
85.69952161 95.3293084 31.61657138
19.42718718 55.1610513 45.43421271
76.76728489 25.48291555 144.0981658
48.59186172 6.935596288 45.42210344
66.8070686 48.61075191 117.4915294
66.98545981 6.649572704 196.401799
77.19588439 4.939768499 68.43420028
69.90281147 94.2596795 177.132579
66.23316955 5.217088277 133.6110896
71.95241821 15.59281247 6.056834431
34.96411056 46.27712171 48.82695176
59.35357272 94.83738321 92.00771416
49.32645412 96.24567881 5.574524054
49.66128745 19.57010608 135.0626343
62.8543211 58.25384774 132.6535936
5.65013843 87.34618785 159.4975382
19.0228898 91.18708412 93.94307152
10.31162217 26.97632997 102.0081793
77.92746257 32.89662915 74.52840839
4.493721127 4.512984441 84.42144847
92.77977534 78.51493956 178.0285366
28.38770917 74.48252306 143.4255676
59.66492958 55.37000325 139.2541473
21.1741847 81.25774504 146.7927679
91.46166915 20.18988281 137.1386277
91.10472186 5.832834578 36.9638411
38.68470655 63.52161268 62.90017935
24.57748939 26.14912282 100.2071428
60.22451254 22.9544359 154.5047347
57.59720324 69.27284237 47.56916911
67.63539727 5.167498702 163.5538287
29.02240035 14.60320088 149.7602888
18.6249155 64.82503506 117.3770109
71.36560399 51.10724136 74.8190348
67.49394092 31.58940797 44.4053998
64.34396456 39.95747331 128.9084188
43.01216157 18.92693013 104.3792727
79.75147664 95.97924424 89.69830022
84.1347058 14.89833321 152.4281687
64.08104699 32.88487341 27.31739885
64.56847417 5.24662148 104.3480113
62.79285293 48.4600002 41.23330632
57.12429036 16.09261555 21.68694388
57.76844076 50.43919007 100.0964519
30.94802814 20.7110581 30.58404366
31.38697363 45.9953294 181.057768
45.16213416 62.39256034 6.461983682
86.12691725 17.14019599 21.29193225
83.94613325 22.38877503 50.28182306
95.61320553 84.26282512 168.9794881
81.42348122 57.75813921 141.7593248
53.15063485 39.48630275 56.17717633
90.00874079 66.28324369 11.56190888
7.736365292 82.87011941 25.73087912
78.08529108 32.14143757 180.5694614
45.81345754 55.82715233 38.80436793
4.285466501 54.23964986 75.66044723
59.66959919 17.76920187 14.52099366
37.61405774 4.724906651 151.6269236
24.10232278 67.19655832 196.4991075
51.52957951 70.76799121 174.1327394
6.540486743 66.01522751 44.78670739
44.48757739 75.20357712 107.0043672
11.09289045 54.74873078 18.56624951
26.23374784 84.84199443 4.443830546
57.25597723 27.78486621 25.36874617
74.81600706 45.27711722 161.4091251
76.68946157 49.99284271 83.31617689
5.610904257 24.0485702 172.9048983
4.615895846 52.26279437 133.3172998
4.936882815 16.21503509 73.42853944
17.37633954 39.30957963 121.4637749
72.99529926 81.49607977 92.62598447
84.60787578 31.77894876 78.32876576
66.30023782 80.27946729 121.2565607
92.00026295 60.72318005 55.70406122
61.61313002 84.98919899 157.2486756
23.60108864 65.5943791 134.2199854
40.54830288 18.60539157 19.67642383
49.36054832 6.757557268 101.0282975
24.2129465 21.84614554 44.25785338
50.1491798 61.72501379 150.8346843
92.24153429 23.19205834 104.7801943
55.00331088 5.712476375 57.22363221
29.35040209 13.27600534 42.3557276
96.16199222 48.7040679 44.17384911
61.03484052 85.05212536 147.2212857
44.94514489 75.12722952 194.384238
50.46269423 30.76486401 6.64816917
51.8193256 36.44792976 194.2217197
5.159719665 6.090767138 94.44691286
17.18457021 80.68938194 74.44712936
61.83743685 95.11543961 103.8787643
20.85542685 22.84192857 33.12083777
94.55132275 55.78408806 121.2477263
84.55337569 30.80064894 151.0917872
17.06410904 92.7986515 176.9306535
95.72660359 82.8570818 24.73092261
64.76439615 4.279767329 142.6865315
16.74343398 94.27928323 23.86409024
32.36818422 95.14568269 19.93379174
42.87572503 16.02860212 120.8887435
4.589493335 5.244651401 60.30624148
47.1653633 5.067661982 4.06447919
5.139378364 18.41607117 157.8365922
82.3234032 24.45963034 96.10878897
27.00393448 49.56463523 87.88527404
63.61759823 69.44347271 83.35688583
48.27946767 61.86328637 17.18483297
36.67317134 80.43432766 164.8797037
29.02205616 5.671732019 148.0269818
39.08838231 46.86844499 80.03945204
34.65246995 84.42103448 93.004717
19.08762027 5.600790289 167.1841879
74.87848104 84.99740743 122.3466901
20.86091619 91.61053408 59.23382963
73.36698764 28.97030171 118.6901048
66.50558227 72.38015671 110.8451159
3.667714582 77.09651645 57.72491713
61.35193548 63.08768738 53.29420122
73.09968036 35.03536243 124.753446
73.8480479 61.04205744 22.98157295
22.62247717 73.19181415 167.5049163
90.88451685 62.15615262 143.5969232
7.563790681 58.96460104 35.15523875
40.9561491 94.92297686 169.4069466
4.938875265 26.38897967 92.58667257
75.45288494 24.11776431 194.613113
28.55083729 81.58647952 110.1283814
56.78856929 92.0142397 20.59734121
93.83476334 31.5574107 44.80059804
90.79958752 86.04823421 6.489217007
22.87731225 59.36766523 190.0368497
60.62856463 46.53491339 148.0341308
36.03499973 92.98688328 106.2425004
86.49606779 6.93620441 194.5002605
17.06438994 18.4903108 182.1991138
36.82480465 70.8732924 175.7552217
26.35713923 96.24468649 152.8119307
89.85761676 77.46731907 99.53745069
6.950610664 91.32684376 25.35604322
86.23079027 27.86442793 160.0325883
74.82384358 52.79218312 121.0410485
33.49510339 91.97511325 5.279681999
77.0145612 79.09934047 4.205384532
17.39376775 61.10847546 50.28403353
47.12285764 96.44740467 124.512597
3.461211674 68.05294115 141.9669042
48.53350526 84.79882305 65.0218299
40.21556215 42.98290977 179.8761266
95.58179181 67.09646206 86.47103152
73.30366841 83.65923384 30.05840676
9.749735904 79.24597253 51.3586243
22.87738069 51.79943541 193.4934332
96.53143035 94.31234992 94.00191272
94.88054812 65.05053958 21.36992728
77.03135438 6.934157717 5.833779313
21.18144371 4.291663742 97.72526539
19.68167412 86.5684466 115.4820977
49.11261711 54.38896899 163.233303
66.84146463 17.92369888 33.49025912
19.29199561 51.06980714 105.9913849
49.88390107 40.68644295 23.7117846
28.15353959 83.73673593 73.49374261
47.81555207 3.612182795 194.4620337
84.35751236 52.0362741 75.06496518
19.70489217 23.84953021 78.1176143
77.33086492 59.87947323 110.5505508
65.81915181 22.74685586 73.99948774
13.76399871 44.7072908 35.29475443
29.80896284 32.23533647 39.05297855
55.99730689 60.55294413 80.74758662
95.35895983 50.33526101 195.8776914
94.31694019 86.22047334 176.4094093
26.75410326 65.64887682 124.2142616
3.991150898 76.53643879 46.44549143
10.96515686 94.3232827 103.6114318
20.92537497 61.67691247 29.41256949
54.64541331 28.41492879 155.8529529
29.05932723 18.24089054 79.39225422
35.14635437 3.34174268 178.8593536
91.86611402 79.01033712 54.45517287
60.1288868 36.01127066 58.29024768
91.31696226 50.16747211 104.0808336
51.38131294 22.34481482 64.66725324
25.8103977 65.84569711 7.222243398
4.756974935 62.55207332 72.4203746
72.12845428 14.51959142 108.6085478
3.799054162 11.7038686 140.0561067
55.19116027 56.48575715 95.8434326
29.87285356 28.11441702 80.26013029
66.67434375 48.45014238 170.3976944
69.85799743 21.59378855 45.34133618
41.40368134 6.233911846 8.859500074
68.65409006 50.93915615 33.12457386
7.073639858 77.53322517 164.1204882
24.85927009 38.99271664 173.8795902
33.22052894 29.25100649 63.58485035
15.26564111 14.85016087 127.3231876
68.84081745 39.10967543 147.7218664
76.92459487 80.8227794 152.1109109
83.16066985 46.03995077 142.9708368
28.85495542 39.20574274 110.0522552
34.77485383 57.73990865 136.3304662
37.0110234 49.30422365 169.8994685
84.37167286 48.131315 55.5362353
77.69836295 53.1012253 68.97522702
83.69721482 19.97541985 32.98008739
78.88470396 72.41416594 187.054325
47.47366696 4.738541408 85.22785725
21.9647615 5.338098898 16.71455979
94.30098802 48.57884249 174.436814
61.96051196 62.87464062 153.8537477
27.48483947 34.61388063 5.345760047
48.04680953 95.46369291 156.7251674
76.6458579 49.62676732 181.1611613
92.87405462 6.424609897 184.7505176
71.84235527 75.71767443 44.2801394
39.6398698 69.92481237 82.16829997
39.69744045 81.71874674 33.3812838
13.87949892 78.20803652 3.36248163
39.43192041 75.56594013 66.48248412
67.45907548 31.38261058 107.8040618
85.06590914 82.62575434 71.82509654
93.06103519 49.49964738 90.59574969
44.76439923 92.81147905 34.46509932
79.0480161 65.09497905 138.3518345
69.85839496 22.7753187 52.86295558
60.85649674 26.28158674 166.5275046
66.89659702 65.91684588 188.5270572
59.89944305 29.12022777 71.13847521
46.66100595 47.59473128 175.9855599
23.40454376 96.83712202 185.6263851
67.89398079 57.27583317 169.8598711
51.57449335 60.46312197 179.6743823
95.4598617 91.17158393 153.2193883
46.80769092 59.97662166 97.66381311
25.16912706 33.06171044 166.514048
36.86408717 96.54608671 72.51322129
7.876895454 37.20531023 56.90082649
18.35824409 43.57374793 165.7584935
51.36730786 40.87508328 148.1291091
88.30534645 4.464610164 131.9920182
46.8057296 44.78869146 122.5636732
94.32067797 28.65294707 167.355365
91.9697081 84.20509239 85.68460111
88.68202178 23.14833922 114.5575798
13.29401547 19.66720869 78.95583851
6.959902941 51.15221615 184.5011497
81.74084749 12.06982744 66.66005961
22.69681207 45.39632296 44.34702656
78.93590727 79.57779453 59.07124982
93.05456757 47.73387535 65.37804103
55.6662078 95.28519783 194.1311827
87.88144666 95.56512862 137.6207116
84.91059386 95.64682747 167.8488161
91.90246383 60.17585168 96.03189821
35.70259065 75.45447296 107.0117211
6.635094707 15.38409524 91.69633286
61.20825592 42.55550826 98.00105116
7.257975226 7.369931642 75.54717231
49.91385929 9.819986184 61.82709402
25.71313283 76.91501439 180.2103191
7.421298719 13.89985609 126.5914294
41.36946526 53.90143208 59.19442928
86.27928455 74.03056908 53.05220419
62.01737973 77.39796471 41.65861207
35.51529401 36.28958255 34.52410873
27.33906625 41.76069954 92.28045452
38.95848732 6.152153904 59.97216291
35.59410413 73.69109172 17.51270757
86.12389727 7.876680296 149.1768051
93.63280283 14.55805844 35.44542289
87.2779954 95.92725654 22.49998866
6.074565732 42.96014113 46.54189044
19.83151459 70.70490184 60.65294242
17.34211292 95.03492402 42.85085877
57.13426593 83.35710523 169.6078748
53.53294235 15.4256992 40.98068975
57.63021551 16.05379823 112.5132306
5.534191104 3.263358709 142.1162136
58.67416178 76.09100193 187.5301862
27.10909436 52.31487997 123.8716223
44.82021213 22.38701535 14.65486505
36.26332501 93.81387044 40.56703035
34.76298251 14.84615626 184.1629359
76.97472419 94.66534696 7.198548556
83.97773858 8.76967933 83.04918026
35.03618114 12.15452035 54.67889232
84.38486029 65.19351581 62.63120264
21.55832353 5.114666767 193.6006284
60.65012594 93.7689942 26.85432508
51.555989 79.25211447 122.1634974
73.9406223 96.4393221 14.87455154
22.11545309 18.97405747 5.153860756
8.15338278 95.90181685 94.95221808
63.65757135 24.85145075 31.56015282
57.65698173 55.45909224 34.29520696
82.13017845 53.97917402 89.87336715
45.81584287 56.24103171 140.6658768
80.56551913 70.48322723 18.74278597
33.86970952 49.61725417 157.6072096
19.94132184 66.28732633 92.58706109
30.16616669 84.69144995 43.14549249
38.42264195 19.50240894 114.9301909
85.21169171 95.09000176 107.4503626
42.63592267 88.01513309 83.1104098
70.45604246 87.5242511 88.84083254
13.30991609 3.855217814 157.1476232
43.73051447 21.95368117 195.8150317
6.403800813 60.15064785 8.991013942
11.53284813 82.57857516 69.12042523
93.16467337 8.254761521 76.01973572
43.57089578 80.69298571 180.4553259
26.35702085 85.64838183 152.3802078
46.03910905 94.42799452 58.29251645
32.38327907 48.73346028 42.1019734
32.39324309 56.27055387 17.16304241
61.75035071 9.125859964 41.53482117
58.26044781 41.1519846 161.4200081
39.73213895 40.48006645 145.3310327
41.3253384 65.05432436 172.2670697
79.6906062 67.1268943 100.0433548
42.93152304 63.80882964 139.7064758
16.35616761 26.41780905 46.67798285
35.95400653 41.51210016 157.3765771
16.09015686 16.06838043 139.341688
23.66460488 21.77947643 170.6031849
41.67547567 6.861061638 181.8589556
4.232086173 33.73648404 158.579044
28.91550501 18.97737849 135.094764
40.4735897 83.86452079 23.27163534
73.43037092 56.4099219 47.38714651
50.34138222 37.20147127 168.0000321
35.31368476 54.65144006 86.73981001
81.45248356 92.43756027 19.76517352
83.12201508 31.25423356 92.17248501
5.271133827 42.62018166 5.133665175
42.43990222 87.40295102 59.28023538
66.40253837 80.86325538 185.6576684
93.8358856 94.1686034 38.22728846
8.191942912 76.63489692 138.494366
25.60027889 96.01899477 174.5794438
18.3647659 30.79993589 132.7247236
42.7892632 77.79951365 75.42898878
66.50677216 74.58699984 101.5999442
59.49611401 5.662583037 171.6699384
39.49154418 28.71666788 158.1972066
40.5134794 86.92788163 176.19651
60.22431503 93.8219012 39.19474768
12.14489789 5.454579972 180.0076467
27.04261478 54.80127713 105.3446288
14.506932 95.31193085 73.99917683
43.0787399 83.09020535 147.6447861
19.07937225 4.833325181 52.54911937
17.86615622 42.09936501 28.86209869
68.34383062 82.83111718 194.8020742
24.15911358 39.53441692 116.5144046
84.50994867 74.39863911 191.3677953
84.19386808 30.58201515 142.2131894
95.10328651 68.87324477 177.9124043
5.04650616 53.72004109 153.2912636
55.49979479 54.95769781 67.78627674
40.95616773 86.96467797 165.3180905
43.91216441 95.43820117 47.76346557
72.08789489 32.60951969 193.3469529
80.26308968 56.09173239 128.2430268
58.58678318 36.55346894 102.0275229
96.41891626 24.30377624 111.4972967
5.743437189 11.15124944 155.5343715
8.260368803 15.84821488 47.72343652
4.138154987 94.36017545 12.96793943
43.07890787 82.42419819 157.8485754
5.183505688 36.4710117 40.51480284
76.68941748 86.21037789 166.0510626
94.44513046 88.15048462 194.2934838
96.86624774 95.97629248 172.2802562
76.33012998 3.467491284 129.5609469
77.34491749 94.00134854 144.5317434
5.406017704 32.39399959 117.5407819
25.15524928 5.993913655 123.479512
23.0534114 3.455681449 81.97512394
62.50585415 30.12737173 128.0202252
63.07231864 52.98355851 15.71692349
96.40170702 32.49673679 81.83774325
78.41526677 26.57267729 54.56423674
86.14417647 5.566460265 64.71571695
83.69619766 12.88950324 37.01613933
44.40819755 60.90213983 185.0380186
96.72468538 94.35878531 82.0996353
42.60894243 93.79867837 181.2137463
70.72623201 87.53357227 73.53909228
31.69796972 42.47258315 68.80610347
27.51319313 60.44748252 162.1478772
