28 2
43.0721590 -89.4016810 
43.0721541 -89.4015013
43.0721531 -89.4013175 
43.0721492 -89.4011378
43.0721467 -89.4010379 
43.0721448 -89.4008421
43.0721683 -89.4007080 
43.0722452 -89.4006731
43.0723858 -89.4006396 
43.0725440 -89.4006081
43.0727282 -89.4005920 
43.0728869 -89.4005987
43.0730466 -89.4006054 
43.0731181 -89.4006041
43.0732131 -89.4006470 
43.0732337 -89.4008213
43.0732395 -89.4011593 
43.0732454 -89.4014892
43.0731984 -89.4017145 
43.0730005 -89.4018003
43.0727928 -89.4018057 
43.0725087 -89.4018111
43.0724362 -89.4018137 
43.0723774 -89.4018084
43.0723069 -89.4017923 
43.0722266 -89.4017574
43.0721952 -89.4017306 
43.0721727 -89.4017051
