 40             2
 43.0732367     -89.3998165
 43.0732465     -89.4003892
 43.0732515     -89.4006265
 43.0732583     -89.4009981
 43.0732632     -89.4013346
 43.0732676     -89.4016545
 43.0732853     -89.4020133
 43.0732824     -89.4022305
 43.0732588     -89.4023995
 43.0731276     -89.4024397
 43.0730149     -89.4024558
 43.0728209     -89.4024639
 43.0725453     -89.4024703
 43.0722817     -89.4024730
 43.0721632     -89.4024663
 43.0721328     -89.4021484
 43.0721279     -89.4018708
 43.0721152     -89.4014095
 43.0721181     -89.4011440
 43.0721181     -89.4009200
 43.0721064     -89.4004721
 43.0721044     -89.4000519
 43.0720917     -89.3996764
 43.0720927     -89.3993264
 43.0720848     -89.3989321
 43.0720711     -89.3983313
 43.0720682     -89.3980081
 43.0720692     -89.3978042
 43.0720721     -89.3975883
 43.0722396     -89.3974341
 43.0724042     -89.3974354
 43.0726767     -89.3974276
 43.0729040     -89.3974195
 43.0730911     -89.3974195
 43.0731947     -89.3977805
 43.0731907     -89.3981520
 43.0731917     -89.3986952
 43.0732152     -89.3990150
 43.0732446     -89.3993704
 43.0732456     -89.3995970
 