0.000000 0.000000 0.000000 0.000000
0.010000 0.000000 0.000000 0.000000
0.020000 0.000000 0.000000 0.000000
0.030000 0.000000 0.000000 0.000000
0.040000 0.000000 0.000000 0.000000
0.050000 0.000000 0.000000 0.000000
0.060000 0.000000 0.000000 0.000000
0.070000 0.000000 0.000000 0.000000
0.080000 0.000000 0.000000 0.000000
0.090000 0.000000 0.000000 0.000000
0.100000 0.000000 0.000000 0.000000
0.110000 0.000000 0.000000 0.000000
0.120000 0.000000 0.000000 0.000000
0.130000 0.000000 0.000000 0.000000
0.140000 0.000000 0.000000 0.000000
0.150000 0.000000 0.000000 0.000000
0.160000 0.000000 0.000000 0.000000
0.170000 0.000000 0.000000 0.000000
0.180000 0.000000 0.000000 0.000000
0.190000 0.000000 0.000000 0.000000
0.200000 0.000000 0.000000 0.000000
0.210000 0.000000 0.000000 0.000000
0.220000 0.000000 0.000000 0.000000
0.230000 0.000000 0.000000 0.000000
0.240000 0.000000 0.000000 0.000000
0.250000 0.000000 0.000000 0.000000
0.260000 0.000000 0.000000 0.000000
0.270000 0.000000 0.000000 0.000000
0.280000 0.000000 0.000000 0.000000
0.290000 0.000000 0.000000 0.000000
0.300000 0.000000 0.000000 0.000000
0.310000 0.000000 0.000000 0.000000
0.320000 0.000000 0.000000 0.000000
0.330000 0.000000 0.000000 0.000000
0.340000 0.000000 0.000000 0.000000
0.350000 0.000000 0.000000 0.000000
0.360000 0.000000 0.000000 0.000000
0.370000 0.000000 0.000000 0.000000
0.380000 0.000000 0.000000 0.000000
0.390000 0.000000 0.000000 0.000000
0.400000 0.000000 0.000000 0.000000
0.410000 0.000000 0.000000 0.000000
0.420000 0.000000 0.000000 0.000000
0.430000 0.000000 0.000000 0.000000
0.440000 0.000000 0.000000 0.000000
0.450000 0.000000 0.000000 0.000000
0.460000 0.000000 0.000000 0.000000
0.470000 0.000000 0.000000 0.000000
0.480000 0.000000 0.000000 0.000000
0.490000 0.000000 0.000000 0.000000
0.500000 0.000000 0.000000 0.000000
0.510000 0.000000 0.000000 0.000000
0.520000 0.000000 0.000000 0.000000
0.530000 0.000000 0.000000 0.000000
0.540000 0.000000 0.000000 0.000000
0.550000 0.000000 0.000000 0.000000
0.560000 0.000000 0.000000 0.000000
0.570000 0.000000 0.000000 0.000000
0.580000 0.000000 0.000000 0.000000
0.590000 0.000000 0.000000 0.000000
0.600000 0.000000 0.000000 0.000000
0.610000 0.000000 0.000000 0.000000
0.620000 0.000000 0.000000 0.000000
0.630000 0.000000 0.000000 0.000000
0.640000 0.000000 0.000000 0.000000
0.650000 0.000000 0.000000 0.000000
0.660000 0.000000 0.000000 0.000000
0.670000 0.000000 0.000000 0.000000
0.680000 0.000000 0.000000 0.000000
0.690000 0.000000 0.000000 0.000000
0.700000 0.000000 0.000000 0.000000
0.710000 0.000000 0.000000 0.000000
0.720000 0.000000 0.000000 0.000000
0.730000 0.000000 0.000000 0.000000
0.740000 0.000000 0.000000 0.000000
0.750000 0.000000 0.000000 -216.704697
0.760000 0.000000 0.000000 -138.757858
0.770000 0.000000 0.000000 -75.475189
0.780000 0.000000 0.000000 -126.037926
0.790000 0.000000 0.000000 -125.339394
0.800000 0.000000 0.000000 -115.967178
0.810000 0.000000 0.000000 -141.574615
0.820000 0.000000 0.000000 -143.918427
0.830000 0.000000 0.000000 -15.356336
0.839999 0.000000 0.000000 -183.604599
0.849999 0.000000 0.000000 -108.812263
0.859999 0.000000 0.000000 -130.220413
0.869999 0.000000 0.000000 -139.272049
0.879999 0.000000 0.000000 -141.468384
0.889999 0.000000 0.000000 -121.156578
0.899999 0.000000 0.000000 -86.695114
0.909999 0.000000 0.000000 -96.294914
0.919999 0.000000 0.000000 -64.001297
0.929999 0.000000 0.000000 -170.793198
0.939999 0.000000 0.000000 -70.993431
0.949999 0.000000 0.000000 -40.127510
0.959999 0.000000 0.000000 -243.178940
0.969999 0.000000 0.000000 -56.813087
0.979999 0.000000 0.000000 -83.654358
0.989999 0.000000 0.000000 -288.705444
0.999999 0.000000 0.000000 -68.482407
1.009999 0.000000 0.000000 -77.533661
1.019999 0.000000 0.000000 -233.442780
1.029999 0.000000 0.000000 -110.911095
1.039999 0.000000 0.000000 -157.164032
1.049999 0.000000 0.000000 -228.219467
1.059999 0.000000 0.000000 -224.337540
1.069999 0.000000 0.000000 -128.802811
1.079999 0.000000 0.000000 -276.031281
1.089999 0.000000 0.000000 -317.378448
1.099999 0.000000 0.000000 -109.624138
1.109999 0.000000 0.000000 -140.976044
1.119999 0.000000 0.000000 -321.372803
1.129999 0.000000 0.000000 -222.941559
1.139999 0.000000 0.000000 -152.243317
1.149999 0.000000 0.000000 -137.527771
1.159999 0.000000 0.000000 -245.180054
1.169999 0.000000 0.000000 -210.159409
1.179999 0.000000 0.000000 -172.599960
1.189999 0.000000 0.000000 -129.067749
1.199999 0.000000 0.000000 -223.267120
1.209999 0.000000 0.000000 -235.780746
1.219999 0.000000 0.000000 -191.879395
1.229999 0.000000 0.000000 -241.033356
1.239999 0.000000 0.000000 -224.404297
1.249999 0.000000 0.000000 -225.380768
1.259999 0.000000 0.000000 -227.421249
1.269999 0.000000 0.000000 -205.844955
1.279999 0.000000 0.000000 -357.911102
1.289999 0.000000 0.000000 -293.870209
1.299999 0.000000 0.000000 -200.416336
1.309999 0.000000 0.000000 -162.888885
1.319999 0.000000 0.000000 -194.742294
1.329999 0.000000 0.000000 -132.706833
1.339999 0.000000 0.000000 -258.734192
1.349999 0.000000 0.000000 -347.227631
1.359999 0.000000 0.000000 -214.860657
1.369999 0.000000 0.000000 -308.065094
1.379999 0.000000 0.000000 -173.595642
1.389999 0.000000 0.000000 -326.787933
1.399999 0.000000 0.000000 -200.407257
1.409999 0.000000 0.000000 -320.993744
1.419999 0.000000 0.000000 -244.855469
1.429999 0.000000 0.000000 -265.356873
1.439999 0.000000 0.000000 -182.846619
1.449999 0.000000 0.000000 -328.184357
1.459999 0.000000 0.000000 -172.043152
1.469999 0.000000 0.000000 -219.763474
1.479999 0.000000 0.000000 -316.240692
1.489999 0.000000 0.000000 -312.149902
1.499999 0.000000 0.000000 -325.976105
1.509999 0.000000 0.000000 -239.884491
1.519999 0.000000 0.000000 -272.669006
1.529999 0.000000 0.000000 -446.175842
1.539999 0.000000 0.000000 -268.176758
1.549999 0.000000 0.000000 -303.172455
1.559999 0.000000 0.000000 -290.917847
1.569999 0.000000 0.000000 -240.109894
1.579999 0.000000 0.000000 -349.080078
1.589999 0.000000 0.000000 -313.715759
1.599999 0.000000 0.000000 -301.047546
1.609999 0.000000 0.000000 -413.144226
1.619999 0.000000 0.000000 -386.474792
1.629999 0.000000 0.000000 -278.394043
1.639999 0.000000 0.000000 -161.806244
1.649999 0.000000 0.000000 -246.843460
1.659999 0.000000 0.000000 -252.854553
1.669999 0.000000 0.000000 -256.023499
1.679999 0.000000 0.000000 -392.435120
1.689999 0.000000 0.000000 -294.606781
1.699999 0.000000 0.000000 -314.716034
1.709999 0.000000 0.000000 -232.295258
1.719999 0.000000 0.000000 -241.521729
1.729999 0.000000 0.000000 -454.929352
1.739999 0.000000 0.000000 -322.952026
1.749999 0.000000 0.000000 -274.844421
1.759999 0.000000 0.000000 -358.835083
1.769999 0.000000 0.000000 -389.743073
1.779999 0.000000 0.000000 -303.313446
1.789999 0.000000 0.000000 -272.296722
1.799999 0.000000 0.000000 -488.578217
1.809999 0.000000 0.000000 -543.236023
1.819999 0.000000 0.000000 -344.306915
1.829999 0.000000 0.000000 -397.693817
1.839999 0.000000 0.000000 -360.497498
1.849999 0.000000 0.000000 -458.293121
1.859999 0.000000 0.000000 -315.589478
1.869999 0.000000 0.000000 -457.865387
1.879999 0.000000 0.000000 -256.413147
1.889999 0.000000 0.000000 -378.383362
1.899999 0.000000 0.000000 -375.260071
1.909999 0.000000 0.000000 -264.211639
1.919999 0.000000 0.000000 -413.035858
1.929999 0.000000 0.000000 -303.030457
1.939999 0.000000 0.000000 -484.213501
1.949998 0.000000 0.000000 -411.850098
1.959998 0.000000 0.000000 -504.495819
1.969998 0.000000 0.000000 -321.632324
1.979998 0.000000 0.000000 -315.891785
1.989998 0.000000 0.000000 -385.849670
1.999998 0.000000 0.000000 -500.034027
2.009999 0.000000 0.000000 -390.497162
2.019999 0.000000 0.000000 -437.157379
2.029999 0.000000 0.000000 -324.559662
2.039999 0.000000 0.000000 -395.036072
2.049999 0.000000 0.000000 -526.156250
2.059999 0.000000 0.000000 -450.497864
2.069999 0.000000 0.000000 -413.229675
2.079998 0.000000 0.000000 -501.220154
2.089998 0.000000 0.000000 -503.639740
2.099998 0.000000 0.000000 -448.367828
2.109998 0.000000 0.000000 -488.390472
2.119998 0.000000 0.000000 -438.482880
2.129998 0.000000 0.000000 -440.441742
2.139998 0.000000 0.000000 -393.042816
2.149998 0.000000 0.000000 -427.870117
2.159998 0.000000 0.000000 -477.518829
2.169998 0.000000 0.000000 -471.230957
2.179998 0.000000 0.000000 -535.913818
2.189998 0.000000 0.000000 -371.621155
2.199998 0.000000 0.000000 -560.536926
2.209998 0.000000 0.000000 -480.396301
2.219998 0.000000 0.000000 -497.884735
2.229998 0.000000 0.000000 -501.411560
2.239998 0.000000 0.000000 -488.927032
2.249998 0.000000 0.000000 -394.907227
2.259998 0.000000 0.000000 -460.339539
2.269998 0.000000 0.000000 -503.764984
2.279998 0.000000 0.000000 -470.841400
2.289998 0.000000 0.000000 -501.356354
2.299998 0.000000 0.000000 -444.161957
2.309998 0.000000 0.000000 -620.396729
2.319998 0.000000 0.000000 -510.373016
2.329998 0.000000 0.000000 -550.051025
2.339998 0.000000 0.000000 -488.953278
2.349998 0.000000 0.000000 -604.002930
2.359998 0.000000 0.000000 -583.374939
2.369998 0.000000 0.000000 -397.862427
2.379998 0.000000 0.000000 -440.173950
2.389998 0.000000 0.000000 -402.887909
2.399998 0.000000 0.000000 -605.433594
2.409998 0.000000 0.000000 -525.257202
2.419998 0.000000 0.000000 -441.701752
2.429998 0.000000 0.000000 -461.046814
2.439998 0.000000 0.000000 -503.161987
2.449998 0.000000 0.000000 -527.716736
2.459998 0.000000 0.000000 -574.357971
2.469998 0.000000 0.000000 -403.369385
2.479998 0.000000 0.000000 -471.781921
2.489998 0.000000 0.000000 -641.531494
2.499998 0.000000 0.000000 -553.192566
2.509998 0.000000 0.000000 -518.950928
2.519998 0.000000 0.000000 -620.574768
2.529998 0.000000 0.000000 -629.833557
2.539998 0.000000 0.000000 -692.317078
2.549998 0.000000 0.000000 -639.818848
2.559998 0.000000 0.000000 -561.876648
2.569998 0.000000 0.000000 -438.296112
2.579998 0.000000 0.000000 -564.669800
2.589998 0.000000 0.000000 -652.013123
2.599998 0.000000 0.000000 -556.564087
2.609998 0.000000 0.000000 -650.332153
2.619998 0.000000 0.000000 -486.741028
2.629998 0.000000 0.000000 -573.092896
2.639998 0.000000 0.000000 -689.949524
2.649998 0.000000 0.000000 -631.613159
2.659998 0.000000 0.000000 -672.925354
2.669998 0.000000 0.000000 -613.483032
2.679998 0.000000 0.000000 -572.166321
2.689998 0.000000 0.000000 -577.678406
2.699998 0.000000 0.000000 -636.956177
2.709998 0.000000 0.000000 -602.261963
2.719998 0.000000 0.000000 -686.009521
2.729998 0.000000 0.000000 -630.553894
2.739998 0.000000 0.000000 -685.057556
2.749998 0.000000 0.000000 -580.139771
2.759998 0.000000 0.000000 -593.477783
2.769998 0.000000 0.000000 -582.192261
2.779998 0.000000 0.000000 -529.696289
2.789998 0.000000 0.000000 -683.242920
2.799998 0.000000 0.000000 -657.593750
2.809998 0.000000 0.000000 -606.911560
2.819998 0.000000 0.000000 -649.413635
2.829998 0.000000 0.000000 -607.322815
2.839998 0.000000 0.000000 -661.368042
2.849998 0.000000 0.000000 -569.323364
2.859998 0.000000 0.000000 -774.112061
2.869998 0.000000 0.000000 -618.548401
2.879998 0.000000 0.000000 -536.677917
2.889998 0.000000 0.000000 -557.340637
2.899998 0.000000 0.000000 -529.856445
2.909998 0.000000 0.000000 -575.949097
2.919998 0.000000 0.000000 -679.266113
2.929998 0.000000 0.000000 -682.916870
2.939998 0.000000 0.000000 -651.535889
2.949998 0.000000 0.000000 -664.583191
2.959998 0.000000 0.000000 -633.497803
2.969998 0.000000 0.000000 -684.171997
2.979998 0.000000 0.000000 -567.562195
2.989998 0.000000 0.000000 -706.460388
2.999998 0.000000 0.000000 -698.564697
3.009998 0.000000 0.000000 -703.669678
3.019998 0.000000 0.000000 -625.651550
3.029998 0.000000 0.000000 -675.876038
3.039998 0.000000 0.000000 -663.479675
3.049998 0.000000 0.000000 -776.532837
3.059998 0.000000 0.000000 -747.049683
3.069998 0.000000 0.000000 -688.345276
3.079998 0.000000 0.000000 -755.484375
3.089998 0.000000 0.000000 -673.128113
3.099998 0.000000 0.000000 -644.642761
3.109998 0.000000 0.000000 -633.959717
3.119998 0.000000 0.000000 -713.173279
3.129997 0.000000 0.000000 -690.351562
3.139997 0.000000 0.000000 -831.880432
3.149997 0.000000 0.000000 -684.835999
3.159997 0.000000 0.000000 -653.290405
3.169997 0.000000 0.000000 -694.862061
3.179997 0.000000 0.000000 -711.477966
3.189997 0.000000 0.000000 -881.261719
3.199997 0.000000 0.000000 -669.557312
3.209997 0.000000 0.000000 -696.310120
3.219997 0.000000 0.000000 -747.124451
3.229997 0.000000 0.000000 -674.342957
3.239997 0.000000 0.000000 -723.131836
3.249997 0.000000 0.000000 -791.307129
3.259997 0.000000 0.000000 -687.252930
3.269997 0.000000 0.000000 -753.733154
3.279997 0.000000 0.000000 -834.760132
3.289997 0.000000 0.000000 -807.481873
3.299997 0.000000 0.000000 -833.800049
3.309997 0.000000 0.000000 -685.507568
3.319997 0.000000 0.000000 -719.679260
3.329997 0.000000 0.000000 -728.281189
3.339997 0.000000 0.000000 -841.117126
3.349997 0.000000 0.000000 -728.934204
3.359997 0.000000 0.000000 -754.962402
3.369997 0.000000 0.000000 -793.998596
3.379997 0.000000 0.000000 -807.129089
3.389997 0.000000 0.000000 -829.575500
3.399997 0.000000 0.000000 -849.782043
3.409997 0.000000 0.000000 -750.293335
3.419997 0.000000 0.000000 -775.461792
3.429997 0.000000 0.000000 -835.043152
3.439997 0.000000 0.000000 -804.833557
3.449997 0.000000 0.000000 -806.679688
3.459997 0.000000 0.000000 -752.100647
3.469997 0.000000 0.000000 -761.191406
3.479997 0.000000 0.000000 -717.912048
3.489997 0.000000 0.000000 -777.714844
3.499997 0.000000 0.000000 -734.328857
3.509997 0.000000 0.000000 -815.516052
3.519997 0.000000 0.000000 -854.519165
3.529997 0.000000 0.000000 -750.464539
3.539997 0.000000 0.000000 -849.660461
3.549997 0.000000 0.000000 -828.102295
3.559997 0.000000 0.000000 -749.829895
3.569997 0.000000 0.000000 -915.885498
3.579997 0.000000 0.000000 -751.812195
3.589997 0.000000 0.000000 -827.936462
3.599997 0.000000 0.000000 -811.680359
3.609997 0.000000 0.000000 -810.008606
3.619997 0.000000 0.000000 -919.519104
3.629997 0.000000 0.000000 -825.237915
3.639997 0.000000 0.000000 -799.394714
3.649997 0.000000 0.000000 -800.550537
3.659997 0.000000 0.000000 -790.294312
3.669997 0.000000 0.000000 -796.064087
3.679997 0.000000 0.000000 -838.153442
3.689997 0.000000 0.000000 -746.711121
3.699997 0.000000 0.000000 -743.813232
3.709997 0.000000 0.000000 -800.709167
3.719997 0.000000 0.000000 -1004.336426
3.729997 0.000000 0.000000 -824.975159
3.739997 0.000000 0.000000 -870.093201
3.749997 0.000000 0.000000 -900.080444
3.759997 0.000000 0.000000 -855.300781
3.769997 0.000000 0.000000 -918.954956
3.779997 0.000000 0.000000 -869.008362
3.789997 0.000000 0.000000 -844.893921
3.799997 0.000000 0.000000 -837.791992
3.809997 0.000000 0.000000 -778.288208
3.819997 0.000000 0.000000 -844.330383
3.829997 0.000000 0.000000 -872.173523
3.839997 0.000000 0.000000 -972.785889
3.849997 0.000000 0.000000 -786.325500
3.859997 0.000000 0.000000 -952.506042
3.869997 0.000000 0.000000 -824.934631
3.879997 0.000000 0.000000 -855.188232
3.889997 0.000000 0.000000 -997.168274
3.899997 0.000000 0.000000 -1023.019470
3.909997 0.000000 0.000000 -971.851013
3.919997 0.000000 0.000000 -942.328918
3.929997 0.000000 0.000000 -855.464539
3.939997 0.000000 0.000000 -862.237427
3.949997 0.000000 0.000000 -976.647339
3.959997 0.000000 0.000000 -870.652405
3.969997 0.000000 0.000000 -973.581116
3.979997 0.000000 0.000000 -961.559570
3.989997 0.000000 0.000000 -1109.433472
3.999997 0.000000 0.000000 -892.954590
4.009997 0.000000 0.000000 -928.537903
4.019997 0.000000 0.000000 -1010.398804
4.029997 0.000000 0.000000 -886.519836
4.039998 0.000000 0.000000 -896.399475
4.049998 0.000000 0.000000 -928.035583
4.059998 0.000000 0.000000 -914.645081
4.069998 0.000000 0.000000 -946.995728
4.079998 0.000000 0.000000 -945.435547
4.089999 0.000000 0.000000 -1033.195435
4.099999 0.000000 0.000000 -1039.576660
4.109999 0.000000 0.000000 -960.946289
4.119999 0.000000 0.000000 -870.465576
4.130000 0.000000 0.000000 -1001.783997
4.140000 0.000000 0.000000 -862.572632
4.150000 0.000000 0.000000 -959.077759
4.160000 0.000000 0.000000 -960.941406
4.170001 0.000000 0.000000 -1084.756836
4.180001 0.000000 0.000000 -916.716431
4.190001 0.000000 0.000000 -968.022461
4.200001 0.000000 0.000000 -949.231323
4.210001 0.000000 0.000000 -1017.669678
4.220002 0.000000 0.000000 -957.857483
4.230002 0.000000 0.000000 -941.961548
4.240002 0.000000 0.000000 -1015.866516
4.250002 0.000000 0.000000 -915.566406
4.260003 0.000000 0.000000 -1250.549683
4.270003 0.000000 0.000000 -983.687500
4.280003 0.000000 0.000000 -1058.875732
4.290003 0.000000 0.000000 -1012.161072
4.300004 0.000000 0.000000 -1047.857056
4.310004 0.000000 0.000000 -1040.570190
4.320004 0.000000 0.000000 -929.635071
4.330004 0.000000 0.000000 -1001.367249
4.340004 0.000000 0.000000 -969.404480
4.350005 0.000000 0.000000 -993.839417
4.360005 0.000000 0.000000 -1054.924805
4.370005 0.000000 0.000000 -1117.282349
4.380005 0.000000 0.000000 -1017.601074
4.390006 0.000000 0.000000 -986.923157
4.400006 0.000000 0.000000 -1025.349121
4.410006 0.000000 0.000000 -1045.075684
4.420006 0.000000 0.000000 -969.714966
4.430007 0.000000 0.000000 -1056.713257
4.440007 0.000000 0.000000 -1043.473755
4.450007 0.000000 0.000000 -995.693176
4.460007 0.000000 0.000000 -1119.318359
4.470007 0.000000 0.000000 -1004.759155
4.480008 0.000000 0.000000 -1094.107422
4.490008 0.000000 0.000000 -1024.174194
4.500008 0.000000 0.000000 -1118.270264
4.510008 0.000000 0.000000 -1141.596069
4.520009 0.000000 0.000000 -1101.932129
4.530009 0.000000 0.000000 -1037.227905
4.540009 0.000000 0.000000 -1021.440125
4.550009 0.000000 0.000000 -990.208679
4.560009 0.000000 0.000000 -1067.069336
4.570010 0.000000 0.000000 -1026.487305
4.580010 0.000000 0.000000 -996.095764
4.590010 0.000000 0.000000 -1097.373535
4.600010 0.000000 0.000000 -1077.317871
4.610011 0.000000 0.000000 -1031.086304
4.620011 0.000000 0.000000 -1055.986328
4.630011 0.000000 0.000000 -1055.872314
4.640011 0.000000 0.000000 -1041.510010
4.650012 0.000000 0.000000 -1075.272217
4.660012 0.000000 0.000000 -1067.891113
4.670012 0.000000 0.000000 -1117.531616
4.680012 0.000000 0.000000 -1100.687378
4.690012 0.000000 0.000000 -1080.224976
4.700013 0.000000 0.000000 -1060.434204
4.710013 0.000000 0.000000 -1119.468384
4.720013 0.000000 0.000000 -1080.041992
4.730013 0.000000 0.000000 -1130.748413
4.740014 0.000000 0.000000 -1071.199219
4.750014 0.000000 0.000000 -1080.463379
4.760014 0.000000 0.000000 -1082.629517
4.770014 0.000000 0.000000 -1150.627441
4.780015 0.000000 0.000000 -1145.358887
4.790015 0.000000 0.000000 -1162.773926
4.800015 0.000000 0.000000 -1173.470459
4.810015 0.000000 0.000000 -1121.633301
4.820015 0.000000 0.000000 -1130.398804
4.830016 0.000000 0.000000 -1153.131470
4.840016 0.000000 0.000000 -1084.863037
4.850016 0.000000 0.000000 -1140.096069
4.860016 0.000000 0.000000 -1088.592407
4.870017 0.000000 0.000000 -1133.707764
4.880017 0.000000 0.000000 -1146.879639
4.890017 0.000000 0.000000 -1123.699585
4.900017 0.000000 0.000000 -1032.198242
4.910017 0.000000 0.000000 -1151.377197
4.920018 0.000000 0.000000 -1186.612061
4.930018 0.000000 0.000000 -1245.162964
4.940018 0.000000 0.000000 -1154.240601
4.950018 0.000000 0.000000 -1122.431152
4.960019 0.000000 0.000000 -1119.583008
4.970019 0.000000 0.000000 -1172.251587
4.980019 0.000000 0.000000 -1158.884888
4.990019 0.000000 0.000000 -1179.107178
5.000020 0.000000 0.000000 -1130.832642
5.010020 0.000000 0.000000 -1189.980591
5.020020 0.000000 0.000000 -1115.715942
5.030020 0.000000 0.000000 -1206.665161
5.040020 0.000000 0.000000 -1226.482056
5.050021 0.000000 0.000000 -1177.192627
5.060021 0.000000 0.000000 -1215.723511
5.070021 0.000000 0.000000 -1124.965576
5.080021 0.000000 0.000000 -1143.340698
5.090022 0.000000 0.000000 -1194.596802
5.100022 0.000000 0.000000 -1190.930664
5.110022 0.000000 0.000000 -1120.528564
5.120022 0.000000 0.000000 -1197.156372
5.130023 0.000000 0.000000 -1280.189209
5.140023 0.000000 0.000000 -1160.192871
5.150023 0.000000 0.000000 -1261.559082
5.160023 0.000000 0.000000 -1245.447754
5.170023 0.000000 0.000000 -1194.352661
5.180024 0.000000 0.000000 -1145.788208
5.190024 0.000000 0.000000 -1260.080322
5.200024 0.000000 0.000000 -1244.058716
5.210024 0.000000 0.000000 -1189.275513
5.220025 0.000000 0.000000 -1282.054199
5.230025 0.000000 0.000000 -1226.849365
5.240025 0.000000 0.000000 -1212.249390
5.250025 0.000000 0.000000 -1214.880737
5.260026 0.000000 0.000000 -1226.321899
5.270026 0.000000 0.000000 -1263.157837
5.280026 0.000000 0.000000 -1258.403198
5.290026 0.000000 0.000000 -1206.804077
5.300026 0.000000 0.000000 -1263.323608
5.310027 0.000000 0.000000 -1278.401367
5.320027 0.000000 0.000000 -1218.390015
5.330027 0.000000 0.000000 -1358.038086
5.340027 0.000000 0.000000 -1267.684326
5.350028 0.000000 0.000000 -1252.620972
5.360028 0.000000 0.000000 -1265.568115
5.370028 0.000000 0.000000 -1203.764648
5.380028 0.000000 0.000000 -1300.361084
5.390028 0.000000 0.000000 -1249.917847
5.400029 0.000000 0.000000 -1303.405029
5.410029 0.000000 0.000000 -1297.657227
5.420029 0.000000 0.000000 -1286.127197
5.430029 0.000000 0.000000 -1235.397949
5.440030 0.000000 0.000000 -1277.282837
5.450030 0.000000 0.000000 -1324.042480
5.460030 0.000000 0.000000 -1273.829590
5.470030 0.000000 0.000000 -1216.069702
5.480031 0.000000 0.000000 -1280.780640
5.490031 0.000000 0.000000 -1248.513306
5.500031 0.000000 0.000000 -1264.986938
5.510031 0.000000 0.000000 -1280.431519
5.520031 0.000000 0.000000 -1304.443604
5.530032 0.000000 0.000000 -1289.102417
5.540032 0.000000 0.000000 -1307.333740
5.550032 0.000000 0.000000 -1303.695312
5.560032 0.000000 0.000000 -1316.951660
5.570033 0.000000 0.000000 -1345.981689
5.580033 0.000000 0.000000 -1284.022339
5.590033 0.000000 0.000000 -1344.522217
5.600033 0.000000 0.000000 -1373.893188
5.610034 0.000000 0.000000 -1232.513550
5.620034 0.000000 0.000000 -1228.472900
5.630034 0.000000 0.000000 -1425.951904
5.640034 0.000000 0.000000 -1337.809937
5.650034 0.000000 0.000000 -1305.168335
5.660035 0.000000 0.000000 -1348.062256
5.670035 0.000000 0.000000 -1290.961914
5.680035 0.000000 0.000000 -1311.629272
5.690035 0.000000 0.000000 -1305.457642
5.700036 0.000000 0.000000 -1372.228271
5.710036 0.000000 0.000000 -1444.229858
5.720036 0.000000 0.000000 -1302.307739
5.730036 0.000000 0.000000 -1384.941040
5.740036 0.000000 0.000000 -1350.461548
5.750037 0.000000 0.000000 -1372.062866
5.760037 0.000000 0.000000 -1410.323364
5.770037 0.000000 0.000000 -1357.465454
5.780037 0.000000 0.000000 -1373.438354
5.790038 0.000000 0.000000 -1374.710571
5.800038 0.000000 0.000000 -1405.440308
5.810038 0.000000 0.000000 -1349.891479
5.820038 0.000000 0.000000 -1351.373779
5.830039 0.000000 0.000000 -1305.629028
5.840039 0.000000 0.000000 -1403.606689
5.850039 0.000000 0.000000 -1418.183472
5.860039 0.000000 0.000000 -1393.566895
5.870039 0.000000 0.000000 -1333.523193
5.880040 0.000000 0.000000 -1374.185303
5.890040 0.000000 0.000000 -1402.466553
5.900040 0.000000 0.000000 -1337.601196
5.910040 0.000000 0.000000 -1341.843262
5.920041 0.000000 0.000000 -1378.798218
5.930041 0.000000 0.000000 -1358.996948
5.940041 0.000000 0.000000 -1416.160767
5.950041 0.000000 0.000000 -1339.534790
5.960042 0.000000 0.000000 -1411.761719
5.970042 0.000000 0.000000 -1432.424927
5.980042 0.000000 0.000000 -1459.029907
5.990042 0.000000 0.000000 -1482.030518
6.000042 0.000000 0.000000 -1438.629761
6.010043 0.000000 0.000000 -1458.366821
6.020043 0.000000 0.000000 -1427.356934
6.030043 0.000000 0.000000 -1381.175049
6.040043 0.000000 0.000000 -1536.776489
6.050044 0.000000 0.000000 -1469.752441
6.060044 0.000000 0.000000 -1504.254150
6.070044 0.000000 0.000000 -1377.366821
6.080044 0.000000 0.000000 -1451.707642
6.090044 0.000000 0.000000 -1451.533691
6.100045 0.000000 0.000000 -1433.322144
6.110045 0.000000 0.000000 -1404.166504
6.120045 0.000000 0.000000 -1408.047607
6.130045 0.000000 0.000000 -1424.126343
6.140046 0.000000 0.000000 -1448.837280
6.150046 0.000000 0.000000 -1425.145752
6.160046 0.000000 0.000000 -1366.680908
6.170046 0.000000 0.000000 -1474.000122
6.180047 0.000000 0.000000 -1502.039795
6.190047 0.000000 0.000000 -1478.829102
6.200047 0.000000 0.000000 -1492.486572
6.210047 0.000000 0.000000 -1441.744751
6.220047 0.000000 0.000000 -1469.165771
6.230048 0.000000 0.000000 -1506.669189
6.240048 0.000000 0.000000 -1512.105103
6.250048 0.000000 0.000000 -1443.104004
6.260048 0.000000 0.000000 -1424.984863
6.270049 0.000000 0.000000 -1462.010010
6.280049 0.000000 0.000000 -1517.010010
6.290049 0.000000 0.000000 -1484.895264
6.300049 0.000000 0.000000 -1489.956421
6.310050 0.000000 0.000000 -1563.311523
6.320050 0.000000 0.000000 -1549.260010
6.330050 0.000000 0.000000 -1462.417358
6.340050 0.000000 0.000000 -1387.452637
6.350050 0.000000 0.000000 -1672.893555
6.360051 0.000000 0.000000 -1489.954102
6.370051 0.000000 0.000000 -1530.298340
6.380051 0.000000 0.000000 -1477.871216
6.390051 0.000000 0.000000 -1487.934692
6.400052 0.000000 0.000000 -1478.192261
6.410052 0.000000 0.000000 -1584.227295
6.420052 0.000000 0.000000 -1531.013428
6.430052 0.000000 0.000000 -1628.846802
6.440053 0.000000 0.000000 -1539.406860
6.450053 0.000000 0.000000 -1528.274048
6.460053 0.000000 0.000000 -1634.798340
6.470053 0.000000 0.000000 -1630.500244
6.480053 0.000000 0.000000 -1707.316895
6.490054 0.000000 0.000000 -1434.457275
6.500054 0.000000 0.000000 -1490.376099
6.510054 0.000000 0.000000 -1605.636597
6.520054 0.000000 0.000000 -1459.663208
6.530055 0.000000 0.000000 -1582.054321
6.540055 0.000000 0.000000 -1553.414673
6.550055 0.000000 0.000000 -1533.108765
6.560055 0.000000 0.000000 -1599.528564
6.570055 0.000000 0.000000 -1570.890259
6.580056 0.000000 0.000000 -1516.109741
6.590056 0.000000 0.000000 -1580.416260
6.600056 0.000000 0.000000 -1503.863281
6.610056 0.000000 0.000000 -1637.266479
6.620057 0.000000 0.000000 -1555.912720
6.630057 0.000000 0.000000 -1601.132324
6.640057 0.000000 0.000000 -1596.572754
6.650057 0.000000 0.000000 -1654.700562
6.660058 0.000000 0.000000 -1524.087769
6.670058 0.000000 0.000000 -1542.185913
6.680058 0.000000 0.000000 -1618.495117
6.690058 0.000000 0.000000 -1671.981445
6.700058 0.000000 0.000000 -1561.766968
6.710059 0.000000 0.000000 -1648.662720
6.720059 0.000000 0.000000 -1489.423950
6.730059 0.000000 0.000000 -1644.573853
6.740059 0.000000 0.000000 -1614.144775
6.750060 0.000000 0.000000 -1520.583008
6.760060 0.000000 0.000000 -1624.561279
6.770060 0.000000 0.000000 -1626.216553
6.780060 0.000000 0.000000 -1543.798096
6.790061 0.000000 0.000000 -1605.460449
6.800061 0.000000 0.000000 -1605.734009
6.810061 0.000000 0.000000 -1669.904541
6.820061 0.000000 0.000000 -1637.906982
6.830061 0.000000 0.000000 -1646.398804
6.840062 0.000000 0.000000 -1539.510498
6.850062 0.000000 0.000000 -1669.042969
6.860062 0.000000 0.000000 -1636.902100
6.870062 0.000000 0.000000 -1632.636475
6.880063 0.000000 0.000000 -1654.244263
6.890063 0.000000 0.000000 -1643.219849
6.900063 0.000000 0.000000 -1550.873901
6.910063 0.000000 0.000000 -1666.905884
6.920063 0.000000 0.000000 -1727.158081
6.930064 0.000000 0.000000 -1650.866211
6.940064 0.000000 0.000000 -1638.482300
6.950064 0.000000 0.000000 -1668.647217
6.960064 0.000000 0.000000 -1642.512451
6.970065 0.000000 0.000000 -1631.848267
6.980065 0.000000 0.000000 -1661.073242
6.990065 0.000000 0.000000 -1632.988892
7.000065 0.000000 0.000000 -1696.496338
7.010066 0.000000 0.000000 -1571.380127
7.020066 0.000000 0.000000 -1636.888794
7.030066 0.000000 0.000000 -1719.475098
7.040066 0.000000 0.000000 -1680.222778
7.050066 0.000000 0.000000 -1632.164062
7.060067 0.000000 0.000000 -1689.860962
7.070067 0.000000 0.000000 -1710.140259
7.080067 0.000000 0.000000 -1883.126465
7.090067 0.000000 0.000000 -1624.796875
7.100068 0.000000 0.000000 -1655.092651
7.110068 0.000000 0.000000 -1668.949585
7.120068 0.000000 0.000000 -1727.889771
7.130068 0.000000 0.000000 -1742.712769
7.140069 0.000000 0.000000 -1741.917725
7.150069 0.000000 0.000000 -1668.288330
7.160069 0.000000 0.000000 -1727.754028
7.170069 0.000000 0.000000 -1626.197266
7.180069 0.000000 0.000000 -1762.063477
7.190070 0.000000 0.000000 -1568.472900
7.200070 0.000000 0.000000 -1772.388306
7.210070 0.000000 0.000000 -1721.971313
7.220070 0.000000 0.000000 -1727.149902
7.230071 0.000000 0.000000 -1735.615479
7.240071 0.000000 0.000000 -1692.240723
7.250071 0.000000 0.000000 -1686.006714
7.260071 0.000000 0.000000 -1698.811646
7.270072 0.000000 0.000000 -1774.094360
7.280072 0.000000 0.000000 -1705.385864
7.290072 0.000000 0.000000 -1632.842896
7.300072 0.000000 0.000000 -1762.977539
7.310072 0.000000 0.000000 -1744.501587
7.320073 0.000000 0.000000 -1778.133423
7.330073 0.000000 0.000000 -1774.004883
7.340073 0.000000 0.000000 -1778.222168
7.350073 0.000000 0.000000 -1883.320435
7.360074 0.000000 0.000000 -1720.228638
7.370074 0.000000 0.000000 -1760.542480
7.380074 0.000000 0.000000 -1773.404541
7.390074 0.000000 0.000000 -1760.010254
7.400074 0.000000 0.000000 -1749.192139
7.410075 0.000000 0.000000 -1739.828125
7.420075 0.000000 0.000000 -1747.796753
7.430075 0.000000 0.000000 -1750.191772
7.440075 0.000000 0.000000 -1861.711792
7.450076 0.000000 0.000000 -1758.589722
7.460076 0.000000 0.000000 -1723.820923
7.470076 0.000000 0.000000 -1797.842651
7.480076 0.000000 0.000000 -1755.609863
7.490077 0.000000 0.000000 -1772.518677
7.500077 0.000000 0.000000 -1774.241455
7.510077 0.000000 0.000000 -1769.488281
7.520077 0.000000 0.000000 -1794.918091
7.530077 0.000000 0.000000 -1795.829224
7.540078 0.000000 0.000000 -1733.322998
7.550078 0.000000 0.000000 -1798.134155
7.560078 0.000000 0.000000 -1723.189697
7.570078 0.000000 0.000000 -1770.841187
7.580079 0.000000 0.000000 -1844.588135
7.590079 0.000000 0.000000 -1814.140137
7.600079 0.000000 0.000000 -1872.057861
7.610079 0.000000 0.000000 -1775.432861
7.620080 0.000000 0.000000 -1884.803345
7.630080 0.000000 0.000000 -1853.888428
7.640080 0.000000 0.000000 -1767.963135
7.650080 0.000000 0.000000 -1818.966797
7.660080 0.000000 0.000000 -1892.882935
7.670081 0.000000 0.000000 -1851.763306
7.680081 0.000000 0.000000 -1854.891357
7.690081 0.000000 0.000000 -1808.620605
7.700081 0.000000 0.000000 -1903.605347
7.710082 0.000000 0.000000 -1834.098022
7.720082 0.000000 0.000000 -1850.813354
7.730082 0.000000 0.000000 -1817.847900
7.740082 0.000000 0.000000 -1842.436279
7.750082 0.000000 0.000000 -1825.698242
7.760083 0.000000 0.000000 -1805.404175
7.770083 0.000000 0.000000 -1880.151611
7.780083 0.000000 0.000000 -1870.213257
7.790083 0.000000 0.000000 -1810.104492
7.800084 0.000000 0.000000 -1947.678345
7.810084 0.000000 0.000000 -1869.792725
7.820084 0.000000 0.000000 -1866.739502
7.830084 0.000000 0.000000 -1955.584961
7.840085 0.000000 0.000000 -1872.932617
7.850085 0.000000 0.000000 -1882.370972
7.860085 0.000000 0.000000 -1850.469849
7.870085 0.000000 0.000000 -1841.446655
7.880085 0.000000 0.000000 -1856.057861
7.890086 0.000000 0.000000 -1856.605103
7.900086 0.000000 0.000000 -1935.760742
7.910086 0.000000 0.000000 -1873.163574
7.920086 0.000000 0.000000 -1862.286621
7.930087 0.000000 0.000000 -1901.780762
7.940087 0.000000 0.000000 -1872.534546
7.950087 0.000000 0.000000 -1849.084595
7.960087 0.000000 0.000000 -1892.985596
7.970088 0.000000 0.000000 -1926.197388
7.980088 0.000000 0.000000 -1878.578003
7.990088 0.000000 0.000000 -1852.762329
8.000088 0.000000 0.000000 -1950.209106
8.010088 0.000000 0.000000 -1932.837402
8.020088 0.000000 0.000000 -1919.260864
8.030088 0.000000 0.000000 -2004.165527
8.040089 0.000000 0.000000 -1939.676880
8.050089 0.000000 0.000000 -1943.407837
8.060089 0.000000 0.000000 -1901.236328
8.070089 0.000000 0.000000 -1883.853516
8.080090 0.000000 0.000000 -2047.410034
8.090090 0.000000 0.000000 -1895.302490
8.100090 0.000000 0.000000 -1952.248169
8.110090 0.000000 0.000000 -1876.450195
8.120090 0.000000 0.000000 -1975.096924
8.130091 0.000000 0.000000 -1957.425049
8.140091 0.000000 0.000000 -1954.189087
8.150091 0.000000 0.000000 -1928.928955
8.160091 0.000000 0.000000 -1956.465820
8.170092 0.000000 0.000000 -1895.274048
8.180092 0.000000 0.000000 -1923.665894
8.190092 0.000000 0.000000 -1887.400879
8.200092 0.000000 0.000000 -1960.803345
8.210093 0.000000 0.000000 -1956.977417
8.220093 0.000000 0.000000 -1978.219116
8.230093 0.000000 0.000000 -1957.543091
8.240093 0.000000 0.000000 -1928.832397
8.250093 0.000000 0.000000 -2033.377441
8.260094 0.000000 0.000000 -1975.486206
8.270094 0.000000 0.000000 -1976.490967
8.280094 0.000000 0.000000 -1999.730225
8.290094 0.000000 0.000000 -1958.691895
8.300095 0.000000 0.000000 -2035.139771
8.310095 0.000000 0.000000 -1960.158691
8.320095 0.000000 0.000000 -1913.499634
8.330095 0.000000 0.000000 -1900.007324
8.340096 0.000000 0.000000 -2054.143555
8.350096 0.000000 0.000000 -2044.968140
8.360096 0.000000 0.000000 -2002.922974
8.370096 0.000000 0.000000 -2029.165283
8.380096 0.000000 0.000000 -2009.120239
8.390097 0.000000 0.000000 -1987.601440
8.400097 0.000000 0.000000 -2025.620850
8.410097 0.000000 0.000000 -2028.701660
8.420097 0.000000 0.000000 -1925.472412
8.430098 0.000000 0.000000 -1997.611816
8.440098 0.000000 0.000000 -1997.583252
8.450098 0.000000 0.000000 -1990.357666
8.460098 0.000000 0.000000 -1973.727173
8.470098 0.000000 0.000000 -2040.449341
8.480099 0.000000 0.000000 -2023.959351
8.490099 0.000000 0.000000 -2094.602539
8.500099 0.000000 0.000000 -2097.909912
8.510099 0.000000 0.000000 -2048.219727
8.520100 0.000000 0.000000 -2022.513550
8.530100 0.000000 0.000000 -2059.792725
8.540100 0.000000 0.000000 -2055.843262
8.550100 0.000000 0.000000 -2096.004395
8.560101 0.000000 0.000000 -1998.745239
8.570101 0.000000 0.000000 -2042.639282
8.580101 0.000000 0.000000 -1995.017700
8.590101 0.000000 0.000000 -2050.232178
8.600101 0.000000 0.000000 -2013.394165
8.610102 0.000000 0.000000 -2048.100342
8.620102 0.000000 0.000000 -2045.520264
8.630102 0.000000 0.000000 -2017.446167
8.640102 0.000000 0.000000 -2059.278076
8.650103 0.000000 0.000000 -2084.453613
8.660103 0.000000 0.000000 -2022.794556
8.670103 0.000000 0.000000 -2121.826904
8.680103 0.000000 0.000000 -2065.827881
8.690104 0.000000 0.000000 -2127.502930
8.700104 0.000000 0.000000 -1974.881226
8.710104 0.000000 0.000000 -2074.957275
8.720104 0.000000 0.000000 -2077.060059
8.730104 0.000000 0.000000 -2118.393311
8.740105 0.000000 0.000000 -2140.033203
8.750105 0.000000 0.000000 -2033.726074
8.760105 0.000000 0.000000 -2083.128174
8.770105 0.000000 0.000000 -2082.960693
8.780106 0.000000 0.000000 -2069.398926
8.790106 0.000000 0.000000 -2026.470825
8.800106 0.000000 0.000000 -2070.526611
8.810106 0.000000 0.000000 -1979.486450
8.820107 0.000000 0.000000 -2088.586914
8.830107 0.000000 0.000000 -2070.625977
8.840107 0.000000 0.000000 -2073.293457
8.850107 0.000000 0.000000 -2125.627686
8.860107 0.000000 0.000000 -2109.535156
8.870108 0.000000 0.000000 -2141.759033
8.880108 0.000000 0.000000 -2119.630371
8.890108 0.000000 0.000000 -2096.845947
8.900108 0.000000 0.000000 -2083.582275
8.910109 0.000000 0.000000 -2052.061768
8.920109 0.000000 0.000000 -2124.320312
8.930109 0.000000 0.000000 -2103.937500
8.940109 0.000000 0.000000 -2191.585449
8.950109 0.000000 0.000000 -2071.691895
8.960110 0.000000 0.000000 -2202.607666
8.970110 0.000000 0.000000 -2152.961182
8.980110 0.000000 0.000000 -2094.219971
