36
0  -0.01  0
0  -0.00666667  0
0  -0.00333333  0
0  0  0
0  0.00333333  0
0  0.00666667  0
0  0.01  0
0.2  -0.01  0
0.2  -0.00666667  0
0.2  -0.00333333  0
0.2  0  0
0.2  0.00333333  0
0.2  0.00666667  0
0.2  0.01  0
0.0166667  -0.01  0
0.0333333  -0.01  0
0.05  -0.01  0
0.0666667  -0.01  0
0.0833333  -0.01  0
0.1  -0.01  0
0.116667  -0.01  0
0.133333  -0.01  0
0.15  -0.01  0
0.166667  -0.01  0
0.183333  -0.01  0
0.0166667  0.01  0
0.0333333  0.01  0
0.05  0.01  0
0.0666667  0.01  0
0.0833333  0.01  0
0.1  0.01  0
0.116667  0.01  0
0.133333  0.01  0
0.15  0.01  0
0.166667  0.01  0
0.183333  0.01  0
