#POINT_DATA 4930
#SCALARS radius float 1
#LOOKUP_TABLE default
3.18409
3.5168
3.189
3.00116
3.28328
3.2258
3.16533
3.18233
3.20918
3.24901
3.02505
3.61468
3.32238
3.06687
3.08838
3.66302
3.69588
3.4448
3.41053
3.55794
3.54613
3.48467
3.32164
3.15523
3.20901
3.17956
3.43076
3.49886
3.02785
3.12503
3.00186
3.81278
3.07607
3.48707
3.41157
3.00686
3.59088
3.3773
3.90327
3.42923
3.00964
3.52013
3.14665
3.16189
3.06152
3.386
3.59015
3.70073
3.19462
3.87789
3.03388
3.09322
3.88406
3.11308
3.31469
3.7151
3.22596
3.17462
3.3947
3.084
3.32065
3.57203
3.68331
3.59972
3.04905
3.24709
3.12502
3.42076
3.68548
3.27663
3.01533
3.16903
3.53047
3.10089
3.09972
3.36637
3.11171
3.05432
3.07296
3.09152
3.88726
3.53696
3.1068
3.35018
3.0381
3.2417
3.15159
3.16449
3.46154
3.05964
3.14628
3.12548
3.15868
3.12237
3.29503
3.06828
3.35089
3.35976
3.86645
3.44778
3.48218
3.01906
3.00731
3.32376
3.48965
3.08
3.27218
3.02286
3.54672
3.02647
3.34209
3.34068
3.56353
3.51507
3.41465
3.1507
3.00885
3.03951
3.13646
3.27749
3.15771
3.02182
3.11757
3.10206
3.13752
3.25401
3.50107
3.51348
3.62328
3.03317
3.03815
3.48305
3.39065
3.38831
3.18189
3.42391
3.18293
3.48051
3.37358
3.05769
3.00344
3.75867
3.12621
3.06572
3.07056
3.20368
3.22065
3.54255
3.16272
3.06436
3.04284
3.06691
3.94311
3.96316
3.01918
3.57551
3.50149
3.49825
3.1141
3.06658
3.28976
3.71541
3.81198
3.23596
3.06365
3.32686
3.0697
3.26656
3.08485
3.11451
3.25551
3.22263
3.58576
3.27273
3.68642
3.16416
3.70145
3.36972
3.12181
3.34813
3.04996
3.38712
3.05619
3.05912
3.26347
3.53217
3.00518
3.01945
3.07801
3.09986
3.01038
3.31135
3.15656
3.10344
3.64496
3.99397
3.08953
3.08067
3.10668
3.28317
3.61181
3.02001
3.86335
3.20252
3.14429
3.26164
3.13734
3.75479
3.08413
3.01403
3.12933
3.09646
3.73544
3.12037
3.49511
3.66767
3.21898
3.29937
3.41125
3.84074
3.26462
3.01232
3.61911
3.21529
3.18015
3.41088
3.16514
3.64318
3.23668
3.31795
3.05795
3.08201
3.10528
3.73012
3.06572
3.14633
3.26322
3.14577
3.19234
3.40025
3.09696
3.2421
3.03823
3.2492
3.07926
3.25165
3.08973
3.35232
3.80705
3.23799
3.08242
3.78052
3.3624
3.01738
3.53942
3.01096
3.04985
3.38608
3.62656
3.47224
3.32599
3.70864
3.03844
3.04428
3.05114
3.5889
3.82189
3.67807
3.16876
3.22226
3.22415
3.06124
3.03958
3.28972
3.8634
3.19429
3.56112
3.11962
3.27366
3.07246
3.0157
3.1207
3.26875
3.47909
3.1972
3.03311
3.01002
3.82384
3.27829
3.0873
3.64547
3.23651
3.55037
3.2418
3.361
3.03094
3.03944
3.33285
3.67745
3.95262
3.53551
3.98811
3.06864
3.29535
3.20502
3.75723
3.07438
3.16313
3.02667
3.43514
3.2921
3.45459
3.02251
3.42713
3.43051
3.32123
3.01413
3.10548
3.20113
3.06345
3.3229
3.05507
3.03858
3.13583
3.13255
3.37108
3.46122
3.52674
3.02778
3.64438
3.83085
3.03833
3.15244
3.5707
3.47469
3.16766
3.03113
3.18236
3.00047
3.02693
3.02749
3.11372
3.01663
3.41673
3.00603
3.33726
3.72061
3.01552
3.22459
3.00175
3.02952
3.54079
3.13878
3.70421
3.12972
3.59287
3.26605
3.56892
3.08749
3.26766
3.2043
3.00277
3.2686
3.25214
3.84474
3.35346
3.74179
3.51013
3.28675
3.58163
3.00348
3.09069
3.05122
3.11153
3.84718
3.07708
3.03766
3.1301
3.78185
3.99928
3.10466
3.05831
3.25696
3.20463
3.70141
3.27781
3.49445
3.93449
3.67225
3.03412
3.036
3.07428
3.06066
3.52919
3.25923
3.42834
3.03545
3.63117
3.54089
3.56238
3.17803
3.15177
3.68924
3.1207
3.22332
3.20595
3.15438
3.18112
3.05164
3.10072
3.05336
3.65095
3.24746
3.30144
3.16687
3.35268
3.9257
3.80116
3.08564
3.11674
3.67654
3.11487
3.10823
3.20525
3.10272
3.27596
3.72094
3.06313
3.15127
3.04549
3.34514
3.36657
3.09054
3.25224
3.44921
3.06967
3.60516
3.05774
3.62092
3.81197
3.23728
3.77718
3.10457
3.15807
3.22345
3.00963
3.17854
3.01645
3.58013
3.21971
3.78599
3.07642
3.04053
3.04726
3.15251
3.09543
3.73975
3.15307
3.97087
3.02968
3.19098
3.59056
3.08386
3.24914
3.31454
3.14307
3.05005
3.07411
3.66549
3.9991
3.36412
3.08507
3.24265
3.51069
3.95918
3.01261
3.27739
3.35103
3.11958
3.07926
3.1431
3.43775
3.11319
3.46068
3.93916
3.28815
3.45208
3.04919
3.30341
3.00864
3.68863
3.23199
3.20883
3.01704
3.15257
3.58989
3.6349
3.21178
3.2808
3.70428
3.06373
3.3588
3.223
3.06151
3.19992
3.26059
3.09927
3.02383
3.22511
3.27329
3.03698
3.37859
3.38397
3.45543
3.1107
3.26634
3.11884
3.78357
3.89514
3.17595
3.13905
3.76187
3.23402
3.45024
3.85358
3.60033
3.00416
3.02458
3.15306
3.95702
3.19898
3.07123
3.85149
3.99861
3.36548
3.77285
3.02347
3.91103
3.82102
3.38562
3.01039
3.1404
3.74376
3.19592
3.73044
3.26578
3.1802
3.2298
3.07176
3.38977
3.43735
3.17207
3.44476
3.22031
3.23052
3.18775
3.47032
3.20807
3.35766
3.04711
3.55563
3.00392
3.50702
3.52806
3.64538
3.90586
3.09534
3.07712
3.51909
3.03001
3.60988
3.12733
3.36681
3.0996
3.24396
3.01684
3.02474
3.06918
3.5061
3.95677
3.22033
3.01437
3.0958
3.11876
3.12566
3.04208
3.03384
3.16225
3.38147
3.02942
3.22753
3.57243
3.3531
3.40229
3.01227
3.28464
3.19835
3.69133
3.69221
3.03188
3.27972
3.15667
3.22181
3.04782
3.01746
3.06381
3.46132
3.05393
3.19272
3.1167
3.48413
3.43701
3.30246
3.60446
3.05418
3.39018
3.055
3.17088
3.4198
3.12766
3.13497
3.13736
3.66955
3.1345
3.2196
3.49903
3.26888
3.42047
3.85225
3.0309
3.32684
3.1161
3.14799
3.04342
3.6904
3.2181
3.20703
3.34416
3.29263
3.43357
3.03575
3.69684
3.29812
3.88665
3.00681
3.22316
3.35525
3.6794
3.09806
3.53346
3.54076
3.12979
3.46107
3.20975
3.54201
3.0856
3.45292
3.0666
3.10352
3.21477
3.308
3.29961
3.30896
3.70916
3.26177
3.58729
3.68288
3.02836
3.25649
3.13829
3.02221
3.83769
3.89965
3.06483
3.0855
3.0034
3.31427
3.13594
3.62566
3.56128
3.27432
3.09352
3.12777
3.77074
3.4482
3.18765
3.95863
3.01391
3.00676
3.21975
3.26778
3.54765
3.06381
3.18262
3.95549
3.01623
3.16152
3.48924
3.30898
3.10477
3.7371
3.08387
3.14147
3.21672
3.58252
3.24707
3.00166
3.12472
3.10837
3.12946
3.02626
3.04461
3.04567
3.03205
3.25599
3.53219
3.1518
3.46287
3.07692
3.29688
3.36291
3.14171
3.15649
3.39201
3.33145
3.76496
3.97187
3.33782
3.11898
3.52552
3.00982
3.0832
3.66811
3.30539
3.03349
3.0298
3.09986
3.13863
3.87226
3.2145
3.10446
3.56338
3.07561
3.2598
3.22192
3.30403
3.30301
3.81922
3.32892
3.11032
3.08712
3.61949
3.50849
3.3022
3.39848
3.16894
3.81878
3.36846
3.10607
3.03544
3.05215
3.93941
3.26602
3.29485
3.47674
3.31279
3.06907
3.00935
3.06852
3.06261
3.11004
3.0263
3.19094
3.10039
3.36246
3.48814
3.40891
3.1166
3.01783
3.12988
3.21533
3.4095
3.71134
3.50982
3.67315
3.22249
3.32485
3.15903
3.38737
3.0887
3.17917
3.24681
3.06245
3.22443
3.03543
3.01376
3.05826
3.01021
3.42427
3.26951
3.36233
3.69528
3.95219
3.08483
3.14662
3.19451
3.07582
3.02671
3.11352
3.93141
3.02279
3.54111
3.07699
3.10742
3.97336
3.44586
3.39028
3.08668
3.22273
3.20868
3.47401
3.60261
3.03061
3.06704
3.06889
3.2611
3.36877
3.48102
3.18734
3.08674
3.11684
3.23698
3.14997
3.27891
3.01491
3.27108
3.18867
3.01265
3.41925
3.99274
3.13353
3.66092
3.49706
3.11461
3.17841
3.98254
3.82176
3.03167
3.93116
3.0374
3.26072
3.2938
3.05309
3.61381
3.51709
3.338
3.93287
3.42352
3.14858
3.03741
3.95818
3.23354
3.10218
3.15395
3.09292
3.01322
3.44328
3.56757
3.05162
3.31238
3.68566
3.48302
3.72002
3.21402
3.08605
3.00662
3.01081
3.30218
3.55872
3.55794
3.39032
3.36339
3.47632
3.83326
3.01278
3.05473
3.12557
3.06195
3.82644
3.57724
3.76983
3.06642
3.09039
3.1492
3.4458
3.00198
3.28532
3.09655
3.45193
3.00163
3.04064
3.12361
3.33157
3.20327
3.02274
3.85085
3.0348
3.07325
3.88796
3.18513
3.02218
3.3367
3.0376
3.1205
3.47307
3.07802
3.38307
3.10977
3.00924
3.24132
3.60433
3.1239
3.03192
3.88097
3.70231
3.50255
3.24527
3.08555
3.32391
3.03964
3.2375
3.40785
3.17313
3.2717
3.43031
3.05676
3.31916
3.42777
3.06105
3.00773
3.2785
3.71532
3.62649
3.46647
3.11766
3.24952
3.08803
3.27628
3.1409
3.40378
3.13453
3.09775
3.26332
3.22818
3.71782
3.26578
3.12248
3.13745
3.10156
3.82898
3.57358
3.14934
3.41295
3.1229
3.00076
3.2443
3.28627
3.00573
3.0994
3.33554
3.06614
3.3406
3.82786
3.595
3.18037
3.20702
3.7209
3.03402
3.34115
3.3028
3.04152
3.52923
3.00543
3.93123
3.11586
3.14695
3.1866
3.20573
3.65099
3.33087
3.78592
3.31654
3.10485
3.49279
3.31923
3.23367
3.14764
3.18659
3.30114
3.86081
3.01175
3.28722
3.20504
3.1754
3.03067
3.92203
3.11616
3.23677
3.11621
3.37137
3.81418
3.77332
3.06141
3.02984
3.54588
3.14203
3.56924
3.31164
3.08291
3.1541
3.65615
3.22802
3.10514
3.28103
3.41742
3.66227
3.22338
3.08057
3.13055
3.01581
3.28386
3.06517
3.20924
3.17556
3.2479
3.27516
3.10575
3.09712
3.09299
3.8307
3.27457
3.90798
3.8817
3.10841
3.54039
3.24541
3.15833
3.67709
3.48044
3.22344
3.15413
3.89699
3.0689
3.09167
3.61456
3.45418
3.35371
3.16294
3.28251
3.80577
3.56603
3.09164
3.08168
3.06938
3.16686
3.85208
3.62855
3.33763
3.2294
3.43704
3.59625
3.02286
3.02928
3.30769
3.52825
3.12623
3.06938
3.09326
3.78122
3.24267
3.28338
3.02678
3.14258
3.1277
3.69822
3.07969
3.20806
3.25214
3.06199
3.21207
3.19277
3.00834
3.11924
3.76872
3.03733
3.15729
3.3448
3.06136
3.0497
3.21119
3.22574
3.04967
3.07013
3.07177
3.03588
3.13495
3.02158
3.1499
3.51676
3.59178
3.16787
3.19508
3.44128
3.77098
3.12505
3.29958
3.28794
3.42153
3.39113
3.36702
3.03462
3.37304
3.10023
3.36855
3.13123
3.06167
3.05195
3.05089
3.33374
3.05519
3.37093
3.10154
3.1651
3.22115
3.01711
3.73514
3.23927
3.04377
3.111
3.2451
3.8525
3.63313
3.10965
3.20248
3.80507
3.17891
3.0231
3.19999
3.06482
3.23657
3.45162
3.14763
3.15669
3.64058
3.65883
3.10992
3.2578
3.07927
3.18772
3.17543
3.4498
3.82497
3.09147
3.46023
3.05485
3.82655
3.24691
3.26508
3.21502
3.77512
3.15636
3.01051
3.67964
3.42635
3.19045
3.06683
3.7484
3.72704
3.04026
3.02251
3.14417
3.32184
3.37539
3.01507
3.26542
3.69593
3.56591
3.01655
3.04801
3.03614
3.60931
3.20188
3.55336
3.7009
3.54791
3.18223
3.32265
3.26095
3.46455
3.4655
3.89731
3.64357
3.22743
3.11612
3.94011
3.62747
3.50785
3.72154
3.73843
3.22642
3.45601
3.44169
3.47059
3.49248
3.64467
3.52419
3.10896
3.00485
3.81814
3.02658
3.10364
3.1671
3.17984
3.04244
3.13048
3.68434
3.56526
3.18014
3.85963
3.22479
3.18361
3.18392
3.44797
3.33008
3.05118
3.30749
3.191
3.0746
3.18672
3.58785
3.89849
3.09353
3.5418
3.36019
3.02705
3.08882
3.10881
3.0968
3.81502
3.64354
3.22383
3.14915
3.20908
3.44376
3.76828
3.05493
3.03097
3.26992
3.64218
3.07405
3.20171
3.26613
3.12878
3.0622
3.31762
3.65586
3.29156
3.78562
3.75342
3.49741
3.02522
3.07177
3.01656
3.5065
3.29619
3.06682
3.11585
3.20392
3.38668
3.96164
3.29307
3.46797
3.23123
3.48026
3.0411
3.13668
3.05703
3.92857
3.56543
3.15385
3.33916
3.54843
3.28856
3.17805
3.33734
3.13426
3.19783
3.12548
3.09298
3.21255
3.1442
3.53055
3.5986
3.30443
3.00732
3.6814
3.71964
3.11224
3.32675
3.88209
3.74324
3.10709
3.13046
3.8351
3.04792
3.38735
3.07324
3.13828
3.21977
3.33598
3.22351
3.36744
3.12558
3.53464
3.57111
3.06376
3.0501
3.42655
3.18194
3.12446
3.05566
3.33615
3.28271
3.18967
3.1778
3.21426
3.4536
3.24445
3.04035
3.33756
3.00624
3.42404
3.44548
3.30803
3.21909
3.39236
3.55526
3.20213
3.15392
3.04591
3.69439
3.0403
3.20099
3.0329
3.40045
3.09391
3.16633
3.2211
3.19885
3.89079
3.12862
3.22736
3.52765
3.32687
3.20493
3.56892
3.12502
3.95876
3.08173
3.45803
3.12716
3.17106
3.78471
3.32735
3.03139
3.00987
3.65825
3.54551
3.5773
3.32483
3.09936
3.31689
3.1738
3.96729
3.6056
3.30026
3.01889
3.21918
3.19036
3.52775
3.62016
3.29574
3.15374
3.02959
3.20362
3.0985
3.07837
3.07057
3.0533
3.79556
3.27412
3.7441
3.01267
3.56731
3.20694
3.19095
3.10413
3.19567
3.35195
3.97951
3.62692
3.21888
3.2482
3.56967
3.0027
3.03352
3.2242
3.04185
3.45122
3.62949
3.46067
3.42678
3.05707
3.01181
3.89404
3.45326
3.14376
3.26875
3.31182
3.47963
3.29263
3.16002
3.09227
3.11434
3.35091
3.0937
3.08807
3.20779
3.04743
3.58136
3.03151
3.0521
3.21612
3.40653
3.8422
3.29453
3.22483
3.50478
3.5067
3.12231
3.4236
3.05985
3.21905
3.64966
3.78783
3.07027
3.01102
3.03024
3.09556
3.01381
3.23547
3.90118
3.06359
3.24715
3.30784
3.10581
3.35293
3.51054
3.07083
3.13041
3.21423
3.61646
3.97778
3.17401
3.13718
3.12217
3.62087
3.16582
3.66861
3.1555
3.31335
3.60874
3.16036
3.03098
3.37388
3.61456
3.31726
3.0241
3.79672
3.08043
3.29269
3.68035
3.76114
3.10359
3.01248
3.47634
3.65788
3.04545
3.06212
3.384
3.25118
3.08676
3.36174
3.00203
3.44293
3.08302
3.13626
3.02141
3.02117
3.7005
3.01083
3.52062
3.06762
3.03334
3.02467
3.43352
3.10068
3.18796
3.25995
3.22423
3.27592
3.02322
3.49542
3.0227
3.22268
3.45673
3.31979
3.75909
3.94193
3.02034
3.05508
3.95191
3.00419
3.02549
3.12965
3.02729
3.22608
3.18165
3.02632
3.52596
3.07163
3.05672
3.15935
3.64357
3.06338
3.06374
3.38771
3.11215
3.05813
3.04456
3.88479
3.57117
3.78827
3.15827
3.26085
3.78365
3.05559
3.02776
3.08673
3.14305
3.13972
3.38261
3.25083
3.11405
3.17378
3.30681
3.14573
3.65412
3.51183
3.31885
3.81834
3.01821
3.06425
3.42451
3.1847
3.93238
3.30449
3.21756
3.53037
3.01307
3.53103
3.08952
3.02777
3.11214
3.02298
3.39085
3.62427
3.26413
3.57287
3.36578
3.75858
3.25869
3.2435
3.44298
3.26091
3.15731
3.14582
3.08484
3.5593
3.01752
3.43288
3.40426
3.12342
3.66489
3.74644
3.24694
3.43935
3.25553
3.1789
3.48535
3.29451
3.43294
3.06841
3.41988
3.06766
3.72665
3.27281
3.3376
3.07729
3.38837
3.1651
3.17003
3.89891
3.38406
3.49498
3.22645
3.13599
3.59027
3.99932
3.09222
3.26481
3.36952
3.12924
3.15832
3.09917
3.18186
3.25986
3.5146
3.58308
3.64754
3.0506
3.07994
3.00098
3.0291
3.02276
3.01767
3.6264
3.0201
3.03083
3.38323
3.53593
3.12082
3.18916
3.03232
3.14921
3.20921
3.36152
3.29471
3.07118
3.62248
3.68656
3.01758
3.01348
3.78444
3.01279
3.39605
3.00691
3.03098
3.8999
3.1151
3.72612
3.12474
3.24682
3.64361
3.26722
3.21526
3.27188
3.27672
3.29012
3.09675
3.63921
3.26581
3.71279
3.15921
3.02663
3.49753
3.47047
3.27322
3.05458
3.04986
3.07371
3.08589
3.00628
3.24471
3.60965
3.07333
3.28279
3.16929
3.08385
3.12881
3.88687
3.0191
3.26803
3.34187
3.78721
3.08443
3.26651
3.323
3.05292
3.34158
3.3786
3.72496
3.16833
3.05768
3.0347
3.15817
3.36403
3.12621
3.37764
3.18446
3.17716
3.28773
3.40711
3.41439
3.10413
3.65842
3.6409
3.05136
3.33472
3.37547
3.13977
3.13665
3.19493
3.1788
3.23019
3.21742
3.98054
3.54428
3.2769
3.20903
3.78813
3.13176
3.55606
3.12833
3.11987
3.43518
3.09534
3.0823
3.48378
3.63478
3.77378
3.09177
3.1403
3.11466
3.39681
3.33388
3.10277
3.34875
3.76047
3.5778
3.90079
3.16895
3.42714
3.36029
3.16769
3.43995
3.34812
3.1973
3.39641
3.81358
3.07743
3.18197
3.19126
3.13172
3.73494
3.46864
3.14041
3.90925
3.00566
3.05091
3.67475
3.04162
3.03253
3.08523
3.64206
3.12161
3.04419
3.10938
3.42418
3.14861
3.00882
3.03604
3.85582
3.89683
3.799
3.1182
3.1423
3.11354
3.5817
3.44914
3.00127
3.00142
3.28052
3.00429
3.19615
3.01751
3.48237
3.53908
3.54925
3.27692
3.37686
3.00792
3.52653
3.14862
3.16862
3.18036
3.18557
3.02444
3.28503
3.02233
3.06369
3.29075
3.22436
3.60838
3.0658
3.89382
3.12005
3.08968
3.05368
3.13944
3.30218
3.46005
3.37166
3.26356
3.01816
3.00187
3.09871
3.28223
3.11856
3.4795
3.02401
3.45637
3.01291
3.15047
3.74801
3.07851
3.1014
3.2334
3.16263
3.03994
3.88294
3.30056
3.04676
3.00817
3.54292
3.2598
3.25821
3.79311
3.02008
3.07743
3.49676
3.64069
3.1081
3.00544
3.61519
3.08795
3.10861
3.20367
3.36277
3.26885
3.50838
3.00904
3.87335
3.28726
3.43958
3.12886
3.71326
3.2908
3.20217
3.51605
3.03296
3.07366
3.62922
3.93191
3.06526
3.85142
3.43339
3.53697
3.96944
3.00967
3.24386
3.02371
3.0269
3.14531
3.9458
3.4266
3.13597
3.05254
3.538
3.22826
3.05507
3.18043
3.06909
3.64758
3.04153
3.43682
3.04226
3.00015
3.17212
3.10608
3.39139
3.63134
3.53021
3.03007
3.59313
3.49386
3.99441
3.10318
3.49575
3.87323
3.08578
3.70731
3.37871
3.12586
3.81356
3.04361
3.0178
3.46304
3.01096
3.34267
3.14546
3.48404
3.19882
3.50966
3.65111
3.01493
3.00086
3.02545
3.11788
3.84602
3.13484
3.3208
3.817
3.10451
3.26352
3.02891
3.08769
3.07302
3.46592
3.37488
3.8155
3.22799
3.1685
3.41955
3.07534
3.81994
3.28388
3.22773
3.13227
3.21026
3.44334
3.10116
3.3909
3.80604
3.67957
3.39217
3.04257
3.00268
3.04276
3.00484
3.19668
3.17137
3.22976
3.31623
3.08352
3.33532
3.05662
3.11219
3.34837
3.00783
3.66528
3.42204
3.11922
3.26122
3.30499
3.97084
3.58754
3.29831
3.01642
3.25206
3.09858
3.79925
3.02881
3.22792
3.54514
3.92706
3.11596
3.01011
3.01464
3.00396
3.64325
3.86547
3.26325
3.51114
3.0721
3.0436
3.12981
3.22825
3.23993
3.22009
3.38991
3.17329
3.14575
3.54054
3.10718
3.08706
3.10204
3.08482
3.56247
3.21088
3.36364
3.36446
3.68156
3.0464
3.4425
3.03771
3.24226
3.21339
3.0477
3.68385
3.19885
3.73199
3.12315
3.09285
3.64188
3.62331
3.08324
3.96841
3.23866
3.06609
3.07631
3.19237
3.1564
3.08003
3.29573
3.98891
3.73436
3.6347
3.72818
3.0608
3.4873
3.12386
3.40739
3.11266
3.9385
3.0024
3.31723
3.49487
3.185
3.64036
3.43242
3.17962
3.11262
3.05048
3.21452
3.16721
3.65971
3.01579
3.25348
3.22616
3.03024
3.10814
3.73144
3.00456
3.31377
3.26083
3.19194
3.03541
3.13182
3.59753
3.20772
3.73698
3.0461
3.18809
3.04649
3.54476
3.11368
3.04503
3.06891
3.88526
3.4587
3.31918
3.01666
3.01776
3.30393
3.19947
3.13654
3.52814
3.93878
3.41785
3.35494
3.99426
3.17984
3.15481
3.04708
3.07982
3.15987
3.35352
3.01709
3.1741
3.10204
3.80219
3.05344
3.07702
3.03002
3.48716
3.69841
3.15678
3.11665
3.08274
3.07322
3.10707
3.85601
3.35715
3.66886
3.15498
3.41866
3.17562
3.02177
3.06401
3.07661
3.4281
3.19671
3.57332
3.96983
3.69534
3.22769
3.04408
3.8076
3.27797
3.71985
3.20877
3.44546
3.04363
3.44027
3.15341
3.50265
3.28427
3.96794
3.33746
3.12875
3.05561
3.15741
3.5952
3.15707
3.16748
3.19067
3.03706
3.67626
3.31465
3.20209
3.42803
3.02987
3.74433
3.25208
3.84093
3.90583
3.53016
3.65016
3.36222
3.06211
3.34502
3.12983
3.26183
3.67239
3.00842
3.46934
3.02072
3.29437
3.08591
3.15438
3.00196
3.16361
3.10076
3.18744
3.44602
3.1214
3.16154
3.60577
3.07759
3.02966
3.16672
3.72123
3.00262
3.66357
3.32841
3.14906
3.16346
3.17816
3.46316
3.66707
3.10335
3.38074
3.29888
3.36418
3.22216
3.88524
3.39295
3.56569
3.86867
3.06648
3.63892
3.77593
3.13274
3.15885
3.1516
3.25779
3.88334
3.67279
3.74891
3.21755
3.65331
3.17772
3.05327
3.00569
3.44311
3.88838
3.43795
3.31596
3.79368
3.74051
3.0533
3.0119
3.52123
3.60154
3.12133
3.55068
3.19286
3.12697
3.69043
3.06074
3.04809
3.02494
3.09248
3.74996
3.31471
3.29829
3.76412
3.06296
3.986
3.65638
3.17042
3.02572
3.01697
3.4059
3.7369
3.46703
3.00872
3.12612
3.61803
3.01926
3.55581
3.11005
3.01133
3.22657
3.04478
3.13105
3.19185
3.94722
3.28157
3.15917
3.03694
3.16896
3.14768
3.06379
3.22287
3.41117
3.84119
3.16014
3.62893
3.72414
3.66801
3.06137
3.05064
3.2955
3.88236
3.16402
3.19284
3.65197
3.16445
3.57014
3.28488
3.4646
3.06619
3.30729
3.39615
3.00413
3.34029
3.0704
3.33214
3.34927
3.51964
3.07086
3.06586
3.03178
3.82284
3.03509
3.83914
3.70205
3.16668
3.67024
3.02648
3.26254
3.24433
3.35488
3.47472
3.07422
3.18406
3.26691
3.10886
3.12536
3.25888
3.95156
3.05912
3.41055
3.64303
3.48074
3.88894
3.42054
3.3848
3.75365
3.15487
3.09365
3.23336
3.93697
3.17445
3.30799
3.78795
3.05904
3.34762
3.24788
3.13259
3.08846
3.45061
3.59125
3.10332
3.22
3.17832
3.04219
3.61797
3.00927
3.0436
3.78642
3.15157
3.63591
3.36826
3.06564
3.16146
3.32699
3.00073
3.51983
3.02035
3.6493
3.21887
3.70235
3.09174
3.03152
3.00146
3.05578
3.04455
3.0158
3.25737
3.09438
3.18532
3.48916
3.07576
3.19134
3.67057
3.67975
3.11084
3.16562
3.052
3.64362
3.30002
3.3383
3.441
3.29769
3.48083
3.00124
3.25567
3.725
3.02693
3.10245
3.10864
3.0602
3.15835
3.45855
3.39157
3.07957
3.33862
3.81044
3.1508
3.33114
3.25071
3.11649
3.17595
3.33328
3.05685
3.16064
3.4985
3.72399
3.22266
3.23747
3.18503
3.04776
3.04692
3.93204
3.01858
3.02029
3.49953
3.79406
3.46097
3.50295
3.81361
3.1129
3.25092
3.87347
3.99882
3.60227
3.05456
3.1419
3.88555
3.628
3.02357
3.97303
3.0787
3.19011
3.8809
3.04182
3.73579
3.4616
3.1241
3.05486
3.05376
3.05748
3.07386
3.43895
3.02754
3.95824
3.29118
3.64839
3.0243
3.2666
3.54312
3.33463
3.11077
3.05033
3.16178
3.35852
3.10948
3.14252
3.1238
3.09564
3.26411
3.52242
3.78801
3.60133
3.78172
3.06576
3.01703
3.46154
3.1064
3.84773
3.90332
3.22947
3.61123
3.05282
3.44103
3.23979
3.47278
3.3835
3.54546
3.00907
3.0126
3.19297
3.57402
3.34841
3.48487
3.08888
3.13026
3.19592
3.19199
3.39933
3.42636
3.51404
3.02287
3.23225
3.00733
3.72904
3.32013
3.24841
3.34375
3.08797
3.15956
3.11515
3.22862
3.56285
3.14699
3.09016
3.80275
3.47865
3.42914
3.0993
3.01104
3.64854
3.16685
3.18318
3.48478
3.0509
3.39601
3.39683
3.01585
3.32883
3.97646
3.34562
3.22482
3.17843
3.01966
3.38747
3.1601
3.00737
3.56082
3.04864
3.30781
3.15467
3.04148
3.35019
3.22648
3.02682
3.30151
3.15962
3.53314
3.03084
3.34519
3.11822
3.0071
3.6576
3.04732
3.07095
3.74288
3.13203
3.12122
3.05347
3.03963
3.11828
3.37002
3.41748
3.01726
3.00621
3.17498
3.56915
3.42346
3.55767
3.55143
3.52287
3.46498
3.07355
3.29147
3.00035
3.26548
3.70251
3.27319
3.33401
3.10745
3.1957
3.33057
3.0983
3.45648
3.70881
3.22278
3.0683
3.19022
3.19629
3.58463
3.2255
3.72885
3.27265
3.03965
3.12041
3.12131
3.38191
3.27559
3.255
3.0594
3.44929
3.13984
3.36574
3.0816
3.22851
3.28688
3.22739
3.66755
3.01776
3.31432
3.0678
3.1922
3.12476
3.29685
3.00218
3.16613
3.04268
3.99193
3.19058
3.10755
3.05645
3.18017
3.31461
3.00697
3.40176
3.08091
3.37474
3.48288
3.00483
3.3992
3.07189
3.10685
3.53082
3.2183
3.03203
3.0532
3.15316
3.68877
3.13248
3.12944
3.51903
3.43509
3.43452
3.66641
3.15746
3.34489
3.1406
3.09572
3.40905
3.56228
3.34534
3.45747
3.29799
3.3843
3.07564
3.02524
3.36927
3.63157
3.01322
3.04125
3.57075
3.04977
3.48446
3.12751
3.43903
3.75855
3.04593
3.99692
3.40942
3.02099
3.18818
3.44596
3.10147
3.00683
3.36002
3.04886
3.91905
3.0737
3.08536
3.0371
3.17669
3.35817
3.12848
3.25741
3.12321
3.18755
3.18342
3.08438
3.02853
3.31452
3.21892
3.75574
3.96974
3.71747
3.25962
3.62948
3.40858
3.20211
3.02712
3.25951
3.08733
3.21248
3.37336
3.63058
3.05435
3.35328
3.11624
3.07156
3.11665
3.15572
3.05277
3.19651
3.44366
3.24913
3.20114
3.54633
3.8895
3.21189
3.53808
3.12865
3.21155
3.34622
3.14576
3.32982
3.58226
3.0868
3.03055
3.93009
3.68592
3.46655
3.33046
3.12842
3.22241
3.05478
3.13954
3.0404
3.0001
3.04205
3.51882
3.79531
3.0591
3.87086
3.56356
3.17861
3.32737
3.89446
3.0329
3.34067
3.95752
3.06676
3.14245
3.02521
3.66213
3.80763
3.17776
3.35746
3.44752
3.02417
3.22687
3.10035
3.11375
3.00348
3.12179
3.13838
3.06328
3.06523
3.75651
3.56414
3.45525
3.76909
3.47316
3.45834
3.38668
3.59969
3.13802
3.05381
3.16626
3.3168
3.03773
3.46427
3.14987
3.07741
3.61925
3.16472
3.63471
3.02556
3.42577
3.13559
3.30041
3.28111
3.75721
3.20689
3.26532
3.18226
3.82605
3.19583
3.24706
3.07032
3.03306
3.90584
3.58451
3.2382
3.64535
3.13629
3.50864
3.27699
3.49097
3.15066
3.24873
3.25536
3.17913
3.02304
3.46302
3.30228
3.79267
3.12789
3.00806
3.91857
3.22218
3.00858
3.34514
3.14007
3.15005
3.61909
3.07622
3.52777
3.45519
3.60048
3.19536
3.19726
3.12256
3.33349
3.09212
3.02023
3.06239
3.39332
3.03185
3.47977
3.27401
3.2004
3.19417
3.18643
3.10865
3.82484
3.00163
3.26634
3.27577
3.00006
3.06751
3.06722
3.03792
3.89176
3.84759
3.22821
3.53026
3.10706
3.44569
3.16923
3.46033
3.00623
3.0575
3.49125
3.72331
3.23762
3.31111
3.51104
3.0666
3.02472
3.2384
3.66575
3.57093
3.56096
3.26595
3.58073
3.01586
3.0836
3.02275
3.07627
3.55145
3.48099
3.16469
3.83093
3.17369
3.20837
3.0909
3.25374
3.48004
3.2399
3.04574
3.26793
3.46411
3.11356
3.0925
3.95948
3.01945
3.15601
3.08617
3.01868
3.33605
3.58337
3.27493
3.13769
3.08035
3.09641
3.66497
3.90428
3.22781
3.12997
3.01604
3.45358
3.13186
3.23879
3.25343
3.2809
3.23416
3.32896
3.10603
3.11196
3.53466
3.00516
3.4525
3.01057
3.68545
3.16023
3.21399
3.55234
3.49636
3.51601
3.06402
3.25036
3.08671
3.1641
3.82792
3.21567
3.30471
3.46226
3.83337
3.49541
3.00323
3.69603
3.16533
3.04989
3.45094
3.4586
3.66859
3.24635
3.55332
3.03974
3.29439
3.0178
3.18301
3.62545
3.49307
3.20236
3.19595
3.33716
3.09614
3.05443
3.0703
3.03647
3.96744
3.98279
3.16551
3.51913
3.91995
3.25612
3.33529
3.15392
3.07123
3.62653
3.46223
3.31178
3.02556
3.30088
3.5111
3.62051
3.26256
3.06229
3.16223
3.01712
3.24627
3.41095
3.06442
3.18387
3.25266
3.00901
3.58923
3.07633
3.65876
3.16073
3.12008
3.41873
3.15611
3.47027
3.81621
3.31594
3.46303
3.01355
3.22419
3.64483
3.18253
3.06326
3.59759
3.09176
3.51061
3.19718
3.02611
3.72715
3.34892
3.2234
3.10278
3.08294
3.07531
3.10439
3.155
3.0836
3.14092
3.30302
3.50238
3.08401
3.00313
3.4651
3.00076
3.06703
3.14889
3.57115
3.68282
3.34153
3.09097
3.01608
3.66141
3.94244
3.83299
3.37723
3.35771
3.46798
3.08276
3.06172
3.93393
3.03547
3.05677
3.03188
3.1153
3.58433
3.43829
3.10117
3.34454
3.46007
3.0294
3.0678
3.26661
3.2443
3.36597
3.08744
3.9026
3.21013
3.004
3.39231
3.18628
3.09195
3.18037
3.96325
3.08289
3.00238
3.46411
3.49566
3.68022
3.051
3.14519
3.1116
3.64417
3.0206
3.64077
3.11175
3.73495
3.18649
3.12603
3.34773
3.29871
3.8116
3.83314
3.66885
3.11499
3.16356
3.36191
3.57101
3.64851
3.10522
3.36168
3.04166
3.15337
3.79511
3.08476
3.55053
3.6474
3.22502
3.52423
3.05537
3.1949
3.38464
3.14324
3.13995
3.14349
3.50909
3.02697
3.38816
3.34126
3.44547
3.06318
3.32268
3.95713
3.19948
3.12873
3.25506
3.42363
3.13171
3.08177
3.06898
3.52406
3.06974
3.05078
3.04537
3.2304
3.59655
3.02016
3.48819
3.20476
3.18481
3.30499
3.71313
3.02837
3.4127
3.38735
3.05816
3.46009
3.37123
3.23382
3.05835
3.67273
3.22158
3.94124
3.28673
3.13468
3.14513
3.2187
3.48097
3.05363
3.48691
3.08672
3.15546
3.35114
3.14076
3.9619
3.22404
3.65148
3.31045
3.35163
3.01241
3.07001
3.50881
3.35106
3.01741
3.27247
3.76811
3.1826
3.28173
3.68985
3.0499
3.1241
3.00234
3.85885
3.32758
3.57919
3.17279
3.16717
3.04478
3.09056
3.54219
3.08138
3.19346
3.07504
3.03158
3.17899
3.80533
3.02305
3.13393
3.79823
3.01146
3.834
3.0984
3.0784
3.45161
3.19608
3.21984
3.37816
3.12706
3.50895
3.07879
3.21523
3.19558
3.89502
3.15124
3.19054
3.58233
3.39093
3.56664
3.79846
3.19891
3.23651
3.07527
3.59386
3.52423
3.02076
3.70921
3.26143
3.52502
3.21167
3.15238
3.0249
3.00877
3.15001
3.88937
3.4388
3.40958
3.20314
3.23989
3.35074
3.29018
3.55697
3.3741
3.37311
3.0319
3.35791
3.29261
3.46004
3.015
3.23073
3.13095
3.26676
3.61452
3.16007
3.52601
3.70549
3.51107
3.7966
3.02323
3.61001
3.16188
3.13407
3.7446
3.07568
3.37543
3.03927
3.83281
3.40979
3.01581
3.78166
3.02589
3.40292
3.16218
3.40455
3.30272
3.05811
3.27102
3.36488
3.32295
3.20907
3.30843
3.38796
3.88751
3.15056
3.35364
3.31326
3.02171
3.34358
3.02062
3.09041
3.63198
3.05411
3.07583
3.0585
3.75553
3.03458
3.50584
3.45042
3.41506
3.10055
3.29822
3.02412
3.42219
3.42954
3.05551
3.28275
3.95075
3.87144
3.32465
3.38933
3.03372
3.08068
3.04239
3.01471
3.80125
3.60331
3.1241
3.58955
3.01829
3.08076
3.02685
3.3456
3.04448
3.31495
3.50456
3.02305
3.8442
3.09325
3.27475
3.4811
3.09399
3.04
3.09934
3.18247
3.16966
3.59378
3.10532
3.34467
3.5289
3.5722
3.59817
3.02527
3.34228
3.3357
3.13252
3.36371
3.8491
3.36481
3.06548
3.34109
3.04941
3.36734
3.37607
3.60035
3.05717
3.06966
3.04023
3.64691
3.24061
3.07089
3.34153
3.03902
3.02398
3.28572
3.02209
3.32366
3.02805
3.13693
3.81696
3.54215
3.24821
3.7246
3.08859
3.41328
3.51324
3.38757
3.01592
3.0303
3.3632
3.27723
3.46283
3.17482
3.41846
3.27606
3.56921
3.08055
3.25578
3.66126
3.0741
3.26907
3.64465
3.04081
3.29775
3.86259
3.71621
3.53905
3.71553
3.10874
3.9983
3.57325
3.36538
3.21955
3.20063
3.11968
3.03902
3.65664
3.06824
3.14559
3.0158
3.11627
3.00825
3.37984
3.43147
3.09503
3.09611
3.46224
3.43807
3.90445
3.57166
3.00218
3.82533
3.47913
3.90861
3.07107
3.5169
3.0573
3.29995
3.24488
3.12002
3.37289
3.08432
3.07419
3.61632
3.97424
3.07428
3.18569
3.17738
3.00214
3.01508
3.95039
3.32814
3.48463
3.13748
3.94516
3.00027
3.33958
3.07672
3.10642
3.88305
3.493
3.11879
3.40373
3.08325
3.54792
3.16817
3.0909
3.16768
3.06458
3.36376
3.45141
3.86023
3.49572
3.45457
3.74527
3.22049
3.22255
3.09648
3.10713
3.3652
3.16632
3.62272
3.11599
3.13661
3.03821
3.17158
3.07201
3.38009
3.0818
3.04592
3.20686
3.04708
3.84886
3.04403
3.06381
3.05782
3.04989
3.14418
3.86713
3.40765
3.13983
3.42934
3.71687
3.1499
3.49249
3.3161
3.1017
3.19616
3.03951
3.03275
3.26266
3.04715
3.24763
3.00982
3.21506
3.39079
3.43248
3.04114
3.66142
3.15232
3.03956
3.01492
3.07899
3.30165
3.11572
3.15932
3.14996
3.01674
3.13786
3.674
3.24617
3.69252
3.25911
3.57838
3.81299
3.1098
3.04228
3.18981
3.07849
3.07855
3.32618
3.06084
3.69877
3.22231
3.08508
3.18772
3.67282
3.05298
3.02638
3.83134
3.13391
3.08332
3.21418
3.18452
3.41767
3.02436
3.36194
3.31534
3.04959
3.05473
3.162
3.24162
3.03066
3.32828
3.4239
3.00941
3.10166
3.21172
3.76848
3.07736
3.1059
3.19978
3.03882
3.147
3.40697
3.97241
3.93717
3.18116
3.25529
3.78154
3.10452
3.9041
3.23315
3.27259
3.018
3.06637
3.56577
3.43663
3.43237
3.45523
3.13426
3.03701
3.47899
3.05849
3.7245
3.43601
3.15944
3.44173
3.17916
3.51876
3.2184
3.82181
3.05964
3.17693
3.35606
3.25303
3.12065
3.22923
3.33886
3.47776
3.09118
3.22283
3.64878
3.1104
3.13304
3.2637
3.57045
3.52897
3.5935
3.02326
3.11146
3.35407
3.35189
3.30701
3.03348
3.69786
3.19449
3.37713
3.54503
3.22994
3.60081
3.47023
3.19199
3.29004
3.58012
3.07353
3.25382
3.14942
3.19571
3.41897
3.44969
3.75529
3.08768
3.01348
3.687
3.72182
3.05652
3.84834
3.06278
3.02089
3.36293
3.99802
3.68013
3.00778
3.36721
3.38804
3.35943
3.95184
3.18173
3.46826
3.09584
3.26757
3.05523
3.35496
3.03996
3.04366
3.21001
3.04389
3.53392
3.12126
3.1555
3.20717
3.28803
3.02518
3.22875
3.81208
3.22546
3.02434
3.40123
3.4219
3.82511
3.28091
3.97287
3.16007
3.06682
3.02831
3.0032
3.29926
3.54881
3.05193
3.82908
3.00772
3.58869
3.42767
3.68048
3.03892
3.00127
3.48547
3.40532
3.69308
3.53849
3.24754
3.49675
3.01879
3.43212
3.63912
3.45366
3.07841
3.27124
3.72695
3.02634
3.42866
3.99256
3.03605
3.09072
3.36825
3.66862
3.29329
3.12823
3.06293
3.04674
3.16252
3.10077
3.74387
3.08682
3.47782
3.09675
3.18649
3.2511
3.30086
3.0244
3.09692
3.19135
3.5328
3.35258
3.11397
3.17083
3.03518
3.59884
3.34957
3.13117
3.28939
3.01072
3.7298
3.31649
3.28687
3.21593
3.01507
3.49802
3.07225
3.76777
3.5545
3.25235
3.22446
3.21164
3.81246
3.11677
3.32267
3.40598
3.0745
3.30982
3.04654
3.17025
3.09709
3.20516
3.1721
3.04656
3.61833
3.42324
3.25119
3.31284
3.021
3.65783
3.27943
3.15063
3.02257
3.63304
3.38863
3.04689
3.28704
3.30353
3.30537
3.3025
3.07814
3.49863
3.05331
3.32336
3.56483
3.84424
3.16159
3.2017
3.11846
3.77328
3.27018
3.23279
3.7734
3.05391
3.56973
3.16252
3.26747
3.57784
3.09607
3.25258
3.18231
3.14158
3.81094
3.04289
3.0481
3.40198
3.01478
3.9813
3.06997
3.05601
3.22507
3.78042
3.09852
3.80715
3.08838
3.03865
3.47434
3.17241
3.09256
3.2539
3.37944
3.17198
3.0049
3.19877
3.21607
3.00937
3.16497
3.79178
3.95348
3.71526
3.76006
3.0651
3.37762
3.52299
3.84137
3.44987
3.27502
3.44986
3.19696
3.13718
3.79351
3.28664
3.19675
3.34318
3.32425
3.20772
3.14011
3.07633
3.43582
3.56819
3.25372
3.38977
3.29828
3.46827
3.35909
3.483
3.00607
3.12039
3.00748
3.58224
3.09613
3.04476
3.68455
3.01017
3.06909
3.28902
3.8887
3.16286
3.2183
3.4715
3.40002
3.94756
3.39991
3.08613
3.19298
3.10285
3.2568
3.89974
3.0041
3.03677
3.05621
3.00565
3.10082
3.28388
3.90237
3.76512
3.07793
3.24519
3.54312
3.13271
3.05084
3.0604
3.4333
3.35045
3.04592
3.31777
3.19307
3.27082
3.11608
3.80388
3.26958
3.16485
3.00083
3.22995
3.41385
3.4677
3.03465
3.13409
3.12195
3.04938
3.2662
3.5245
3.08136
3.74492
3.04084
3.12269
3.32717
3.19179
3.25024
3.88771
3.04931
3.1555
3.91612
3.01414
3.3727
3.57894
3.1122
3.42286
3.19463
3.16678
3.27668
3.15454
3.19251
3.03958
3.63558
3.48378
3.01371
3.90739
3.06328
3.57685
3.34522
3.32596
3.68487
3.66241
3.8752
3.2768
3.77811
3.38932
3.31368
3.14796
3.78665
3.12294
3.7769
3.11753
3.11435
3.21185
3.72998
3.08575
3.18984
3.39297
3.00428
3.93315
3.04029
3.07318
3.24734
3.32906
3.78561
3.70672
3.12663
3.04677
3.48732
3.33171
3.3605
3.00219
3.00405
3.29876
3.79696
3.93803
3.16821
3.00828
3.06564
3.21062
3.75037
3.41438
3.03717
3.13677
3.12159
3.03495
3.29057
3.67777
3.3504
3.22218
3.27024
3.1326
3.93047
3.67573
3.68855
3.31468
3.60394
3.29034
3.02176
3.41162
3.30439
3.24385
3.21877
3.46379
3.06867
3.27269
3.91912
3.27477
3.67884
3.82402
3.15205
3.14737
3.18259
3.42469
3.18822
3.73833
3.25132
3.13384
3.17342
3.00409
3.19135
3.61599
3.63665
3.13098
3.67501
3.24102
3.10901
3.28831
3.27366
3.81674
3.32917
3.15765
3.1229
3.08733
3.53015
3.26942
3.69294
3.50105
3.17049
3.01943
3.56062
3.31847
3.23843
3.68738
3.20557
3.98802
3.26868
3.48864
3.43319
3.53085
3.09359
3.66455
3.0402
3.35718
3.69633
3.44287
3.24056
3.80008
3.39572
3.2099
3.64396
3.0211
3.18369
3.49064
3.24663
3.87653
3.27805
3.85419
3.35114
3.12828
3.0276
3.10511
3.84559
3.3579
3.17279
3.03292
3.08742
3.03992
3.22594
3.43735
3.02157
3.94118
3.38356
3.02487
3.1358
3.23588
3.51917
3.00018
3.80791
3.00463
3.12875
3.08692
3.16756
3.21989
3.08102
3.89411
3.00013
3.04183
3.09205
3.4352
3.98115
3.3397
3.14179
3.58362
3.58998
3.04971
3.43954
3.18005
3.38595
3.86461
3.32012
3.40467
3.34056
3.10842
3.0123
3.13478
3.14327
3.98969
3.22504
3.11786
3.4137
3.08966
3.60787
3.38505
3.15875
3.72017
3.40775
3.29495
3.26507
3.67876
3.24162
3.45167
3.37736
3.10187
3.34368
3.13955
3.77797
3.30161
3.60869
3.48886
3.28014
3.60515
3.13446
3.09456
3.59523
3.13362
3.1045
3.08666
3.60238
3.45944
3.71653
3.07816
3.03612
3.09255
3.19565
3.19593
3.89224
3.74887
3.34931
3.19413
3.51847
3.08225
3.21782
3.67164
3.01403
3.25328
3.2144
3.46243
3.30059
3.46522
3.44817
3.06147
3.08895
3.891
3.45345
3.94507
3.30531
3.77652
3.17166
3.54324
3.06023
3.09584
3.15085
3.16949
3.019
3.36327
3.12673
3.01707
3.22604
3.09773
3.05817
3.19021
3.30338
3.04227
3.65239
3.60039
3.10061
3.00945
3.9661
3.25676
3.44456
3.1152
3.33264
3.09847
3.23676
3.02965
3.02726
3.33754
3.32352
3.09662
3.10595
3.23748
3.53686
3.54497
3.26021
3.07264
3.5891
3.14393
3.53756
3.84649
3.04737
3.27919
3.62622
3.23258
3.95926
3.39284
3.08537
3.21273
3.99029
3.50523
3.01198
3.3322
3.50244
3.87087
3.25523
3.34862
3.00303
3.02684
3.08426
3.10802
3.35651
3.47766
3.12041
3.25911
3.19991
3.01693
3.63708
3.04839
3.24459
3.02027
3.47991
3.31969
3.79606
3.30145
3.10587
3.07714
3.01602
3.46066
3.11281
3.2239
3.01424
3.24353
3.04898
3.21032
3.10304
3.51083
3.58215
3.07603
3.04963
3.26874
3.096
3.54275
3.39615
3.33733
3.00577
3.76234
3.41527
3.08737
3.71268
3.494
3.3987
3.36802
3.53224
3.24729
3.90828
3.09026
3.42863
3.01235
3.34963
3.83223
3.40119
3.10061
3.05383
3.71559
3.38297
3.4779
3.24897
3.21226
3.67763
3.18415
3.93115
3.38709
3.66808
3.32924
3.03492
3.05107
3.04466
3.39935
3.14889
3.04671
3.29658
3.10674
3.85165
3.19543
3.19371
3.06225
3.49552
3.69211
3.05041
3.21988
3.00298
3.23807
3.12476
3.2085
3.64754
3.89759
3.12518
3.71098
3.04772
3.49305
3.13079
3.40824
3.34131
3.31362
3.36507
3.20087
3.06415
3.24065
3.28447
3.00672
3.08133
3.89624
3.79077
3.07901
3.95775
3.43437
3.82304
3.04685
3.45393
3.86217
3.29795
3.15989
3.66461
3.99324
3.44923
3.06211
3.54692
3.06918
3.06048
3.55898
3.88201
3.80076
3.01972
3.00451
3.1609
3.68873
3.11404
3.05046
3.50284
3.19093
3.3061
3.03769
3.57812
3.16513
3.03597
3.39746
3.16276
3.08132
3.20149
3.24585
3.12723
3.66514
3.08928
3.55459
3.57741
3.29757
3.08326
3.11358
3.38486
3.02116
3.3383
3.02123
3.1039
3.48075
3.32963
3.49008
3.14439
3.56451
3.86921
3.36316
3.60896
3.59783
3.17084
3.62707
3.0186
3.36258
3.13115
3.09617
3.0449
3.05096
3.21377
3.39574
3.13365
3.03059
3.4659
3.49132
3.25738
3.04955
3.14003
3.37148
3.66554
3.57249
3.39519
3.22645
3.23432
3.12779
3.09146
3.00439
3.41887
3.51275
3.52537
3.23945
3.23564
3.12467
3.20746
3.00219
3.51395
3.03802
3.11688
3.9325
3.34841
3.06845
3.22226
3.71832
3.3575
3.05679
3.38762
3.14049
3.70704
3.15388
3.70835
3.8047
3.61915
3.85774
3.17599
3.35415
3.30279
3.62459
3.99289
3.07471
3.05268
3.26346
3.06904
3.34329
3.13067
3.92558
3.3849
3.17084
3.26073
3.34341
3.13
3.39042
3.47806
3.09338
3.33961
3.14533
3.7787
3.34468
3.04026
3.05103
3.16095
3.85085
3.39342
3.21701
3.04871
3.19389
3.37768
3.01449
3.04741
3.21918
3.56228
3.14187
3.00833
3.40295
3.25712
3.08735
3.56528
3.24616
3.08621
3.2944
3.00865
3.14091
3.03834
3.35777
3.04553
3.06088
3.90845
3.19142
3.09593
3.46392
3.53143
3.155
3.34048
3.51709
3.40113
3.78299
3.0194
3.57564
3.22364
3.53614
3.0676
3.3099
3.14248
3.01771
3.45019
3.05316
3.0302
3.29493
3.09092
3.16068
3.82207
3.59386
3.76684
3.14921
3.07196
3.03895
3.30873
3.01612
3.51619
3.30983
3.69991
3.00701
3.13825
3.51709
3.97933
3.17024
3.05161
3.56559
3.20442
3.05389
3.34554
3.02536
3.2179
3.29281
3.28849
3.00574
3.03352
3.05539
3.18668
3.79452
3.12727
3.04574
3.13979
3.20802
3.25631
3.45738
3.30148
3.02969
3.09522
3.1335
3.94248
3.08195
3.16107
3.65899
3.30252
3.39799
3.94333
3.04734
3.63509
3.02169
3.24025
3.10099
3.1379
3.20781
3.90247
3.02745
3.55531
3.88744
3.11916
3.0152
3.95496
3.30135
3.51212
3.27692
3.0315
3.12826
3.51484
3.26632
3.70156
3.37414
3.02237
3.58515
3.12681
3.48092
3.00479
3.66376
3.16262
3.23439
3.30478
3.04778
3.06099
3.12048
3.82393
3.89661
3.21268
3.31322
3.50578
3.25913
3.33966
3.8217
3.15511
3.06026
3.67937
3.72524
3.6684
3.29956
3.07383
3.30694
3.32597
3.37306
3.024
3.34651
3.16416
3.19108
3.37458
3.10539
3.09475
3.38155
3.23597
3.02584
3.56974
3.40701
3.08446
3.08889
3.2852
3.01427
3.33179
3.05678
3.2974
3.56449
3.30311
3.01137
3.03995
3.53713
3.12838
3.0622
3.20606
3.93081
3.295
3.42371
3.19762
3.23473
3.45244
3.87776
3.72466
3.7476
3.15042
3.09769
3.28465
3.50139
3.38284
3.85815
3.05056
3.15267
3.60102
3.28886
3.76781
3.23022
3.33852
3.16473
3.0647
3.38849
3.05938
3.2522
3.83584
3.31254
3.65234
3.25252
3.46598
3.92926
3.30527
3.12201
3.01042
3.25593
3.34919
3.40782
3.04435
3.9975
3.2041
3.56676
3.21856
3.01656
3.47218
3.12073
3.13624
3.34088
3.16476
3.52682
3.02307
3.53313
3.03928
3.013
3.60551
3.05293
3.2103
3.26238
3.41896
3.07985
3.17618
3.70349
3.78388
3.82711
3.20473
3.17407
3.24391
3.48599
3.06978
3.13503
3.37597
3.83007
3.32057
3.06699
3.01559
3.2354
3.45946
3.2451
3.1089
3.40793
3.16217
3.05241
3.26742
3.4237
3.82546
3.03805
3.33222
3.26739
3.03469
3.29774
3.11526
3.00591
3.77404
3.09261
3.10927
3.08027
3.10426
3.49727
3.10557
3.0522
3.97924
3.07101
3.11441
3.05014
3.01646
3.01131
3.00519
3.14893
3.80362
3.49089
3.17389
3.22956
3.07132
3.37428
3.31982
3.01178
3.00053
3.15962
3.33558
3.32553
3.36528
3.86263
3.07809
3.06899
3.13113
3.07642
3.09372
3.22224
3.08483
3.64803
3.50349
3.0191
3.10105
3.01832
3.03857
3.58682
3.66456
3.07875
3.41727
3.0676
3.03366
3.52492
3.01579
3.57192
3.29803
3.8952
3.0445
3.34181
3.06919
3.25753
3.15688
3.52956
3.59797
3.29239
3.00543
3.22823
3.77402
3.06005
3.15849
3.39178
3.29906
3.24432
3.17773
3.53941
3.1319
3.01848
3.79052
3.11234
3.37331
3.94897
3.29491
3.02289
3.01145
3.25206
3.46197
3.47289
3.06086
3.19669
3.06823
3.20347
3.87307
3.01397
3.38798
3.06119
3.24303
3.74473
3.40458
3.04313
3.86344
3.17413
3.92051
3.12146
3.06578
3.05408
3.08379
3.09833
3.15753
3.08074
3.52362
3.4836
3.38078
3.02418
3.13291
3.0801
3.19157
3.31022
3.76344
3.02261
3.38865
3.65857
3.65105
3.17032
3.89504
3.43756
3.18025
3.08284
3.69664
3.49861
3.07956
3.09115
3.27698
3.03459
3.07837
3.13573
3.23194
3.00109
3.09316
3.09928
3.09413
3.03309
3.30106
3.59075
3.3628
3.82933
3.29172
3.05434
3.03635
3.22432
3.85182
3.33419
3.60122
3.15566
3.49584
3.39092
3.65883
3.50106
3.05954
3.15582
3.06814
3.02861
3.52113
3.63482
3.15825
3.18861
3.53824
3.17925
3.75704
3.06339
3.05733
3.25384
3.22239
3.18005
3.33474
3.31175
3.29396
3.53768
3.39252
3.19772
3.03418
3.82033
3.02487
3.23184
3.7846
3.02837
3.00385
3.82434
3.38862
3.08066
3.43915
3.76457
3.31453
3.52804
3.00113
3.73433
3.28277
3.94293
3.69428
3.02236
3.26055
3.28134
3.51118
3.16277
3.29756
3.02111
3.60767
3.7402
3.03661
3.3022
3.12905
3.11552
3.15682
3.29027
3.05703
3.84143
3.08385
3.04536
3.07283
3.03581
3.30634
3.05203
3.17239
3.45087
3.64745
3.33256
3.00365
3.36262
3.01887
3.4795
3.01968
3.39436
3.10088
3.21931
3.79092
3.62763
3.12167
3.72817
3.37553
3.99829
3.06317
3.23659
3.12689
3.05359
3.23075
3.03554
3.03148
3.82956
3.24365
3.2213
3.05403
3.27807
3.62388
3.18893
3.16767
3.27032
3.24425
3.03166
3.15627
3.1051
3.54029
3.62113
3.04465
3.60287
3.16848
3.00914
3.278
3.2171
3.02972
3.18778
3.0309
3.73448
3.2642
3.30194
3.98157
3.07611
3.34691
3.30686
3.29672
3.40847
3.92122
3.85194
3.06792
3.99392
3.06396
3.57259
3.51457
3.04347
3.02614
3.70518
3.77775
3.27874
3.06632
3.40094
3.25792
3.16115
3.16755
3.01947
3.62846
3.82688
3.4806
3.20757
3.22801
3.2974
3.24308
3.31891
3.63008
3.03856
3.2639
3.04327
3.00174
3.68987
3.23054
3.32293
3.02764
3.25601
3.14414
3.99033
3.37163
3.24811
3.02732
3.61226
3.50444
3.11843
3.00426
3.21285
3.04101
3.10355
3.96982
3.07471
3.77298
3.38964
3.10005
3.72277
3.55203
3.74098
3.20838
3.34952
3.14811
3.08473
3.44641
3.4057
3.79266
3.06082
3.02034
3.4952
3.26735
3.35129
3.19243
3.54197
3.02596
3.24208
3.54644
3.00493
3.33564
3.371
3.39642
3.49695
3.12262
3.29075
3.17301
3.13907
3.15804
3.04373
3.05637
3.00581
3.55273
3.22841
3.1783
3.11956
3.37008
3.17877
3.62975
3.49574
3.25845
3.1853
3.40584
3.04102
3.03147
3.16712
3.3107
3.0536
3.21995
3.24871
3.45058
3.30405
3.85262
3.30186
3.73958
3.53585
3.00933
3.29392
3.05965
3.04672
3.13551
3.87243
3.61083
3.24928
3.06467
3.51546
3.434
3.1011
3.38181
3.63614
3.04354
3.07589
3.1799
3.22054
3.84473
3.23868
3.40977
3.13579
3.14259
3.23449
3.12938
3.24788
3.99986
3.28211
3.26197
3.11089
3.47802
3.3578
3.2181
3.00715
3.13586
3.83416
3.3061
3.03249
3.39889
3.87284
3.31421
3.31978
3.00719
3.15822
3.37025
3.41797
3.20645
3.01431
3.00502
3.19071
3.07135
3.78524
3.78636
3.07003
3.08392
3.13763
3.94729
3.24076
3.47701
3.27781
3.71276
3.23662
3.04212
3.08708
3.2942
3.65594
3.11928
3.06218
3.03254
3.08796
3.53069
3.41306
3.00729
3.1308
3.12855
3.38596
3.32281
3.93851
3.27536
3.12811
3.39339
3.54222
3.26378
3.71153
3.47745
3.00377
3.85844
3.34306
3.06819
3.16365
3.44636
3.29442
3.52374
3.30234
3.10499
3.15221
3.02957
3.05262
3.32434
3.15078
3.23934
3.07487
3.41133
3.76448
3.00694
3.35069
3.58183
3.39118
3.00911
3.09032
3.25456
3.10484
3.02144
3.06635
3.3114
3.96346
3.22087
3.04957
3.21843
3.46375
3.08157
3.1901
3.30081
3.25258
3.18849
3.09159
3.4237
3.38458
3.11982
3.21104
3.04946
3.91927
3.98508
3.6178
3.36998
3.26179
3.03901
3.45182
3.36019
3.63796
3.08872
3.06395
3.1666
3.11908
3.90928
3.43226
3.47219
3.00437
3.74617
3.23604
3.08725
3.01049
3.94253
3.1244
3.0908
3.5591
3.4114
3.08736
3.06086
3.48753
3.00337
3.48475
3.13321
3.4048
3.30863
3.02356
3.16138
3.30325
3.75748
3.3309
3.25031
3.05076
3.33414
3.00937
3.70611
3.08718
3.07608
3.04412
3.18384
3.56399
3.0905
3.02047
3.20777
3.55047
3.40762
3.10302
3.22765
3.01326
3.69296
3.31573
3.12589
3.10421
3.11905
3.00039
3.45673
3.03705
3.29837
3.02288
3.14125
3.75719
3.18764
3.05065
3.15094
3.42818
3.08566
3.06398
3.97277
3.3066
3.56421
3.1727
3.07421
3.20202
3.0509
3.20717
3.54672
3.0919
3.96334
3.17072
3.3214
3.06807
3.17512
3.58168
3.00759
3.71854
3.11975
3.03863
3.36837
3.35412
3.8798
3.46014
3.0421
3.70024
3.09778
3.10647
3.04269
3.11648
3.38399
3.27333
3.12304
3.71367
3.17775
3.12484
3.43762
3.03737
3.7343
3.3447
3.48203
3.03739
3.4907
3.01262
3.58121
3.07706
3.82872
3.09378
3.95667
3.02915
3.56744
3.10433
3.36937
3.30659
3.12378
3.08664
3.19705
3.36425
3.3143
3.06476
3.65408
3.22947
3.0153
3.86582
3.07476
3.20614
3.63629
3.51387
3.2542
3.27028
3.6079
3.08205
3.39573
3.93069
3.29188
3.04198
3.67832
3.21614
3.08883
3.81376
3.03767
3.12118
3.15907
3.1252
3.14801
3.29436
3.4385
3.73781
3.16204
3.55656
3.1801
3.24576
3.83788
3.39823
3.40105
3.07207
3.05168
3.24282
3.08395
3.66162
3.84362
3.18302
3.07522
3.66819
3.1692
3.91118
3.08643
3.74514
3.69375
3.36487
3.09159
3.18163
3.15244
3.01196
3.74772
3.1695
3.95154
3.97561
3.93441
3.04517
3.95106
3.11752
3.55719
3.03939
3.04466
3.52786
3.15264
3.28333
3.21977
3.04329
3.26941
3.03144
3.34346
3.78673
3.09671
3.44304
3.5433
3.17233
3.09878
3.68927
3.7681
3.07974
3.2071
3.01588
3.358