// ================================================================================
// CHRONO WORKBENCH - github.com/Concrete-Chrono-Development/chrono-preprocessor
//
// Copyright (c) 2023 
// All rights reserved. 
//
// Use of the code that generated this file is governed by a BSD-style license that
// can be found in the LICENSE file at the top level of the distribution and at
// github.com/Concrete-Chrono-Development/chrono-preprocessor/blob/main/LICENSE
//
// ================================================================================
// Node Data File
// ================================================================================
//
// Data Structure:
// X Y Z 
//
// ================================================================================
0 33.33333206 50
0 32.29346085 42.16331863
0 25 50
0 25 38.98809433
0 41.22135925 41.18603897
0 35.6739502 35.3913765
0 28.77282906 34.17488861
0 50 33.33333206
0 50 25
0 42.20433044 32.30332565
0 38.98809433 25
0 0 33.33333206
0 7.83668232 32.29346085
0 0 25
0 11.01190472 25
0 8.813961029 41.22135925
0 14.6086235 35.6739502
0 15.82511139 28.77282906
0 25 0
0 32.30332565 7.795669556
0 33.33333206 0
0 25 11.01190472
0 41.18603897 8.77863884
0 35.3913765 14.32604885
0 17.69667435 42.20433044
0 16.66666603 50
0 42.16331863 17.70653915
0 50 16.66666603
0 34.17488861 21.22717094
0 17.70653915 7.83668232
0 16.66666603 0
0 14.32604885 14.6086235
0 8.77863884 8.813961029
0 21.22717094 15.82511139
0 7.795669556 17.69667435
0 0 16.66666603
0 25 25
0 34.1397934 29.00144958
0 20.99855042 34.1397934
0 29.00144958 15.86020565
0 15.86020565 20.99855042
0 12.87765884 45.85642242
0 8.333333015 50
0 50 8.333333015
0 45.83733749 12.87129402
0 12.87129402 4.162660599
0 8.333333015 0
0 37.12870407 45.83733749
0 41.66666794 50
0 4.143577099 12.87765884
0 0 8.333333015
0 37.12234116 4.143577099
0 41.66666794 0
0 45.85642242 37.12234116
0 50 41.66666794
0 4.162660599 37.12870407
0 0 41.66666794
0 4.28682375 45.72200775
0 0 50
0 4.277993202 4.28682375
0 0 0
0 50 0
0 45.71317673 4.277993202
0 50 50
0 45.72200775 45.71317673
50 32.29346085 42.16331863
50 33.33333206 50
50 25 50
50 25 38.98809433
50 41.22135925 41.18603897
50 35.6739502 35.3913765
50 28.77282906 34.17488861
50 50 33.33333206
50 42.20433044 32.30332565
50 50 25
50 38.98809433 25
50 0 25
50 7.83668232 32.29346085
50 0 33.33333206
50 11.01190472 25
50 14.6086235 35.6739502
50 8.813961029 41.22135925
50 15.82511139 28.77282906
50 33.33333206 0
50 32.30332565 7.795669556
50 25 0
50 25 11.01190472
50 41.18603897 8.77863884
50 35.3913765 14.32604885
50 42.16331863 17.70653915
50 50 16.66666603
50 34.17488861 21.22717094
50 17.69667435 42.20433044
50 16.66666603 50
50 17.70653915 7.83668232
50 16.66666603 0
50 14.32604885 14.6086235
50 8.77863884 8.813961029
50 21.22717094 15.82511139
50 0 16.66666603
50 7.795669556 17.69667435
50 34.1397934 29.00144958
50 25 25
50 20.99855042 34.1397934
50 29.00144958 15.86020565
50 15.86020565 20.99855042
50 8.333333015 50
50 12.87765884 45.85642242
50 45.83733749 12.87129402
50 50 8.333333015
50 12.87129402 4.162660599
50 8.333333015 0
50 37.12870407 45.83733749
50 41.66666794 50
50 0 8.333333015
50 4.143577099 12.87765884
50 41.66666794 0
50 37.12234116 4.143577099
50 50 41.66666794
50 45.85642242 37.12234116
50 4.162660599 37.12870407
50 0 41.66666794
50 4.28682375 45.72200775
50 0 50
50 0 0
50 4.277993202 4.28682375
50 45.71317673 4.277993202
50 50 0
50 50 50
50 45.72200775 45.71317673
42.16331863 0 32.29346085
38.98809433 0 25
35.3913765 0 35.6739502
41.18603897 0 41.22135925
34.17488861 0 28.77282906
25 0 50
32.30332565 0 42.20433044
33.33333206 0 50
25 0 38.98809433
32.29346085 0 7.83668232
25 0 0
33.33333206 0 0
25 0 11.01190472
41.22135925 0 8.813961029
35.6739502 0 14.6086235
28.77282906 0 15.82511139
7.795669556 0 32.30332565
11.01190472 0 25
14.32604885 0 35.3913765
8.77863884 0 41.18603897
42.20433044 0 17.69667435
16.66666603 0 50
17.70653915 0 42.16331863
21.22717094 0 34.17488861
7.83668232 0 17.70653915
8.813961029 0 8.77863884
14.6086235 0 14.32604885
15.82511139 0 21.22717094
16.66666603 0 0
17.69667435 0 7.795669556
29.00144958 0 34.1397934
25 0 25
34.1397934 0 20.99855042
15.86020565 0 29.00144958
20.99855042 0 15.86020565
45.85642242 0 12.87765884
12.87129402 0 45.83733749
8.333333015 0 50
4.162660599 0 12.87129402
45.83733749 0 37.12870407
12.87765884 0 4.143577099
8.333333015 0 0
4.143577099 0 37.12234116
37.12234116 0 45.85642242
41.66666794 0 50
41.66666794 0 0
37.12870407 0 4.162660599
45.72200775 0 4.28682375
4.28682375 0 4.277993202
4.277993202 0 45.71317673
45.71317673 0 45.72200775
42.16331863 50 32.29346085
38.98809433 50 25
35.3913765 50 35.6739502
41.18603897 50 41.22135925
34.17488861 50 28.77282906
25 50 50
33.33333206 50 50
32.30332565 50 42.20433044
25 50 38.98809433
32.29346085 50 7.83668232
33.33333206 50 0
25 50 0
25 50 11.01190472
41.22135925 50 8.813961029
35.6739502 50 14.6086235
28.77282906 50 15.82511139
7.795669556 50 32.30332565
11.01190472 50 25
8.77863884 50 41.18603897
14.32604885 50 35.3913765
42.20433044 50 17.69667435
17.70653915 50 42.16331863
16.66666603 50 50
21.22717094 50 34.17488861
7.83668232 50 17.70653915
8.813961029 50 8.77863884
14.6086235 50 14.32604885
15.82511139 50 21.22717094
16.66666603 50 0
17.69667435 50 7.795669556
25 50 25
29.00144958 50 34.1397934
34.1397934 50 20.99855042
15.86020565 50 29.00144958
20.99855042 50 15.86020565
45.85642242 50 12.87765884
12.87129402 50 45.83733749
8.333333015 50 50
4.162660599 50 12.87129402
45.83733749 50 37.12870407
8.333333015 50 0
12.87765884 50 4.143577099
4.143577099 50 37.12234116
41.66666794 50 50
37.12234116 50 45.85642242
37.12870407 50 4.162660599
41.66666794 50 0
45.72200775 50 4.28682375
4.28682375 50 4.277993202
4.277993202 50 45.71317673
45.71317673 50 45.72200775
32.29346085 42.16331863 0
25 38.98809433 0
41.22135925 41.18603897 0
35.6739502 35.3913765 0
28.77282906 34.17488861 0
42.20433044 32.30332565 0
38.98809433 25 0
7.83668232 32.29346085 0
11.01190472 25 0
8.813961029 41.22135925 0
14.6086235 35.6739502 0
15.82511139 28.77282906 0
32.30332565 7.795669556 0
25 11.01190472 0
35.3913765 14.32604885 0
41.18603897 8.77863884 0
42.16331863 17.70653915 0
34.17488861 21.22717094 0
17.69667435 42.20433044 0
17.70653915 7.83668232 0
8.77863884 8.813961029 0
14.32604885 14.6086235 0
21.22717094 15.82511139 0
7.795669556 17.69667435 0
34.1397934 29.00144958 0
25 25 0
20.99855042 34.1397934 0
29.00144958 15.86020565 0
15.86020565 20.99855042 0
12.87765884 45.85642242 0
45.83733749 12.87129402 0
12.87129402 4.162660599 0
37.12870407 45.83733749 0
4.143577099 12.87765884 0
37.12234116 4.143577099 0
45.85642242 37.12234116 0
4.162660599 37.12870407 0
4.28682375 45.72200775 0
4.277993202 4.28682375 0
45.71317673 4.277993202 0
45.72200775 45.71317673 0
32.29346085 42.16331863 50
25 38.98809433 50
41.22135925 41.18603897 50
35.6739502 35.3913765 50
28.77282906 34.17488861 50
42.20433044 32.30332565 50
38.98809433 25 50
7.83668232 32.29346085 50
11.01190472 25 50
14.6086235 35.6739502 50
8.813961029 41.22135925 50
15.82511139 28.77282906 50
32.30332565 7.795669556 50
25 11.01190472 50
35.3913765 14.32604885 50
41.18603897 8.77863884 50
42.16331863 17.70653915 50
34.17488861 21.22717094 50
17.69667435 42.20433044 50
17.70653915 7.83668232 50
14.32604885 14.6086235 50
8.77863884 8.813961029 50
21.22717094 15.82511139 50
7.795669556 17.69667435 50
25 25 50
34.1397934 29.00144958 50
20.99855042 34.1397934 50
29.00144958 15.86020565 50
15.86020565 20.99855042 50
12.87765884 45.85642242 50
45.83733749 12.87129402 50
12.87129402 4.162660599 50
37.12870407 45.83733749 50
4.143577099 12.87765884 50
37.12234116 4.143577099 50
45.85642242 37.12234116 50
4.162660599 37.12870407 50
4.28682375 45.72200775 50
4.277993202 4.28682375 50
45.71317673 4.277993202 50
45.72200775 45.71317673 50
10.39506118 41.26122087 15.38846283
38.31083613 37.33451688 28.06906259
19.2098715 11.53526458 39.36209089
11.58163065 17.01734367 23.16553908
25.38598115 17.79177315 23.72986518
29.09540194 28.56906264 11.66867908
21.95014273 13.3908631 9.598479112
16.8049082 36.04015205 25.03047894
9.504535147 31.36842137 35.07452143
35.99699158 21.0941516 39.99500298
36.12448562 19.00981166 13.28834181
35.60081023 38.23092906 39.777864
36.73223226 12.80033077 25.76064867
8.092035948 9.282622118 34.5811866
14.41436908 22.07307763 39.51567025
24.76735958 29.9193932 31.34318922
8.44780945 27.35191387 15.11780512
36.58027646 26.58853108 23.14464528
26.36738647 39.79637022 34.47481543
12.06591402 8.779894585 14.92294778
32.47834483 8.23166871 40.02376614
39.81791064 32.67921048 7.830294913
43.1455122 22.31426924 30.43521515
34.96757331 41.02429526 17.25263567
23.77149394 38.90498797 15.84499548
24.708205 21.50122025 38.46299933
29.36156292 42.82082856 7.16381865
32.52871425 8.056933699 13.99797485
17.14862088 30.28033572 10.11323734
21.09612504 41.24384921 42.97968912
6.017124136 43.96862686 27.91991253
21.71512105 7.376650864 20.41941699
29.04472465 6.212005617 27.94407333
29.02546347 42.60099901 24.9660335
7.497684234 19.25754543 8.56543914
42.55454489 8.036217052 34.17656035
6.179705137 6.225547142 22.28347788
23.76139535 30.74217582 42.99633193
38.98914515 43.17343576 7.341563715
27.09244211 31.4150335 21.65885394
5.676666801 29.71307404 24.2499333
42.77034938 9.236121268 18.67070253
12.00357971 38.49425399 43.11837437
36.97768425 9.775433774 5.833455871
6.548230467 27.59503664 44.51302313
45.11538523 44.76467097 23.85799501
14.93556787 25.47662059 28.52864865
15.21619847 43.24481898 33.45420081
44.70612563 23.10061416 5.65385396
43.50876466 12.11617703 42.68373203
18.66914977 42.11727243 7.548300961
8.449917325 33.80338749 7.387815216
43.10957201 27.76572091 16.35273674
43.68225381 29.03509384 36.81877472
29.88547599 15.3097567 32.67336166
27.40543297 20.54012017 4.75947953
16.99131207 6.977467975 30.20616131
6.11141743 14.2460942 42.75751241
15.56152893 20.60603863 14.21929309
38.72531753 29.46285272 44.48112858
27.44963912 5.759477726 4.429542656
7.490012855 6.387264559 43.80730033
34.98100092 29.25891907 34.70283536
43.54945384 43.58799329 35.21411835
18.09643677 27.86612282 18.70829916
11.15182033 10.31539125 6.038386801
4.076516506 21.25903171 28.75102229
6.892775722 41.09046679 36.6715675
44.42992688 13.69907663 9.643539297
7.258937134 44.14306544 5.851213592
43.12387963 44.00486465 14.8342446
44.29055543 19.32599387 21.30590065
19.91620453 45.61892286 25.82859192
45.58723326 23.6665303 45.26599719
24.1215411 35.27735789 5.617195739
18.08860702 18.22934268 31.08157985
19.85995155 24.37265625 4.149082572
5.727026212 26.57869148 4.704866141
43.18394857 44.05561082 43.23711653
22.64174297 3.792643636 44.88199989
28.39730086 45.65286385 45.95406397
5.207644728 21.04138051 38.8448396
45.55999959 4.805530987 26.21090765
5.700379653 5.689270935 9.306023124
44.47575232 5.921382033 7.535761538
15.44580411 30.53892118 43.62490181
