# FacetFiber Data Generated with LDPM Mesh Generation Tool
# Format: Intersection number followed by one line per Interaction
# Intersection [N]
# [Te Fa fN fM fL S L df I]

Number of Total Intersection: 635
Number of Maximum Intersection: 2
Intersection: 1
1 5 0.7208238991 0.6922452261 0.03477719801 0.1168271716 0.3831728284 0.1 1
Intersection: 2
3 9 0.1870438837 0.5236496468 0.8311471789 0.1405099211 0.3594900789 0.1 1
Intersection: 3
5 1 0.9542486925 0.2752554734 0.1168069228 0.1407422699 0.3592577301 0.1 1
Intersection: 4
5 10 0.9542486925 0.2752554734 0.1168069228 0.06894776614 0.4310522339 0.1 1
Intersection: 5
9 4 -0.2009488589 0.09962441899 -0.9745227197 0.01857648579 0.4814235142 0.1 1
Intersection: 6
11 5 -0.4022173314 0.7648631634 0.5031953493 0.05606889161 0.4439311084 0.1 1
Intersection: 7
11 5 -0.217681731 -0.2034826119 -0.9545729362 0.196690076 0.303309924 0.1 2
Intersection: 8
11 6 -0.4022173314 0.7648631634 0.5031953493 0.1428682134 0.3571317866 0.1 1
Intersection: 9
13 7 -0.01463216638 -0.02224311458 -0.9996455089 0.1853216303 0.3146783697 0.1 1
Intersection: 10
14 9 -0.4079385607 0.005399679463 -0.9129934141 0.07866700743 0.4213329926 0.1 1
Intersection: 11
15 6 -0.9931296344 0.1161090997 0.01456730047 0.05220063809 0.4477993619 0.1 1
Intersection: 12
16 3 0.6579911373 -0.1188955281 -0.7435802019 0.1476979639 0.3523020361 0.1 1
Intersection: 13
28 9 -0.03326778589 0.9595577381 -0.2795392668 0.05843638013 0.4415636199 0.1 1
Intersection: 14
28 9 0.2323424006 -0.07492281846 -0.9697440797 0.141534342 0.358465658 0.1 2
Intersection: 15
28 10 -0.06741615494 -0.4239267775 0.9031838956 0.1206173789 0.3793826211 0.1 1
Intersection: 16
28 10 -0.03326778589 0.9595577381 -0.2795392668 0.1048775064 0.3951224936 0.1 2
Intersection: 17
32 9 -0.05441190651 0.9385780048 -0.3407501626 0.1153157405 0.3846842595 0.1 1
Intersection: 18
34 9 0.04885186182 0.3789987937 0.9241068174 0.1422754562 0.3577245438 0.1 1
Intersection: 19
35 11 0.3417197098 -0.7140928785 0.6109819972 0.02995209624 0.4700479038 0.1 1
Intersection: 20
35 11 0.5790765754 -0.6484231377 0.4941839276 0.2362263013 0.2637736987 0.1 2
Intersection: 21
39 3 0.3185631279 -0.1379229929 0.937813831 0.1941893042 0.3058106958 0.1 1
Intersection: 22
45 3 -0.7666781704 -0.6189125757 -0.1707390016 0.02922053382 0.4707794662 0.1 1
Intersection: 23
48 5 0.6767691859 0.7310823984 0.0866140617 0.1530218632 0.3469781368 0.1 1
Intersection: 24
60 11 0.1719734032 -0.3204209097 0.9315339979 0.2067879634 0.2932120366 0.1 1
Intersection: 25
71 9 0.9644367523 0.01662812574 0.2637901746 0.2279384223 0.2720615777 0.1 1
Intersection: 26
73 7 -0.02054269988 0.09534228831 0.9952325585 0.1332120257 0.3667879743 0.1 1
Intersection: 27
74 5 -0.1731910213 0.60230292 0.7792535291 0.1932513218 0.3067486782 0.1 1
Intersection: 28
75 11 -0.6233933046 -0.7012703449 0.3458333286 0.2005499137 0.2994500863 0.1 1
Intersection: 29
79 7 -0.8911739566 -0.4315122439 -0.1400220067 0.1564472715 0.3435527285 0.1 1
Intersection: 30
79 9 -0.8911739566 -0.4315122439 -0.1400220067 0.2471148198 0.2528851802 0.1 1
Intersection: 31
79 11 -0.8911739566 -0.4315122439 -0.1400220067 0.05414916077 0.4458508392 0.1 1
Intersection: 32
85 7 -0.7644429154 -0.3876682062 0.5151120179 0.08015297579 0.4198470242 0.1 1
Intersection: 33
87 6 -0.002151653702 0.002886383332 0.9999935196 0.04788031628 0.4521196837 0.1 1
Intersection: 34
87 10 -0.002151653702 0.002886383332 0.9999935196 0.1182569553 0.3817430447 0.1 1
Intersection: 35
88 3 -0.46396407 0.8792952788 -0.1075971859 0.1634088508 0.3365911492 0.1 1
Intersection: 36
88 5 -0.46396407 0.8792952788 -0.1075971859 0.2189006883 0.2810993117 0.1 1
Intersection: 37
94 6 -0.3891897492 -0.8477704692 -0.3603006669 0.129352539 0.370647461 0.1 1
Intersection: 38
98 9 0.1812030966 0.2873065489 0.9405426012 0.2247284839 0.2752715161 0.1 1
Intersection: 39
98 11 0.1812030966 0.2873065489 0.9405426012 0.2197746156 0.2802253844 0.1 1
Intersection: 40
101 2 0.02927615848 0.8217257903 0.5691305931 0.2255722442 0.2744277558 0.1 1
Intersection: 41
101 4 0.02927615848 0.8217257903 0.5691305931 0.2120217822 0.2879782178 0.1 1
Intersection: 42
102 4 -0.05649849133 0.5525536218 -0.8315602296 0.1261288185 0.3738711815 0.1 1
Intersection: 43
102 5 0.03837036308 0.01947302309 -0.9990738294 0.02768961479 0.4723103852 0.1 1
Intersection: 44
102 8 -0.05649849133 0.5525536218 -0.8315602296 0.07318026506 0.4268197349 0.1 1
Intersection: 45
103 7 0.2442864996 0.8269233144 0.5064799485 0.01712997675 0.4828700233 0.1 1
Intersection: 46
104 10 -0.1598453902 0.7934170277 -0.5873149678 0.02624208799 0.473757912 0.1 1
Intersection: 47
105 1 -0.4243670728 0.8669379154 -0.2614024453 0.03236742921 0.4676325708 0.1 1
Intersection: 48
109 8 0.430047902 -0.2163877706 0.8764902365 0.05805740393 0.4419425961 0.1 1
Intersection: 49
114 7 -0.8631890781 -0.159252888 0.479106599 0.07517732453 0.4248226755 0.1 1
Intersection: 50
114 8 0.05300590451 -0.00198293139 0.9985922301 0.02977819924 0.4702218008 0.1 1
Intersection: 51
114 8 0.322614486 -0.04949432453 -0.945235529 0.2273745278 0.2726254722 0.1 2
Intersection: 52
118 5 0.1414122292 -0.873442265 0.4659411886 0.2080898295 0.2919101705 0.1 1
Intersection: 53
120 7 0.5347011951 0.7360175099 0.415178103 0.06453916636 0.4354608336 0.1 1
Intersection: 54
120 8 0.8239405818 0.1318609502 0.5511212275 0.1045318037 0.3954681963 0.1 1
Intersection: 55
120 9 0.145323215 0.5291175997 -0.8360117995 0.1257148002 0.3742851998 0.1 1
Intersection: 56
120 9 0.14974155 -0.4788268025 0.8650447164 0.06287461102 0.437125389 0.1 2
Intersection: 57
121 1 -0.04825226526 -0.244717753 0.9683929679 0.1712696598 0.3287303402 0.1 1
Intersection: 58
121 11 -0.1619622825 0.6237345119 -0.7646721374 0.0629192993 0.4370807007 0.1 1
Intersection: 59
124 9 -0.7743234597 -0.5755331711 0.2630299391 0.1654044173 0.3345955827 0.1 1
Intersection: 60
124 10 -0.7743234597 -0.5755331711 0.2630299391 0.2193067031 0.2806932969 0.1 1
Intersection: 61
126 6 -0.178786068 -0.7193863911 0.6712069444 0.1367318587 0.3632681413 0.1 1
Intersection: 62
134 1 -0.01401775213 0.2339254538 0.9721534779 0.2106665543 0.2893334457 0.1 1
Intersection: 63
134 7 0.9830395797 0.05686502729 -0.1743546773 0.219677612 0.280322388 0.1 1
Intersection: 64
137 2 -0.6378560909 -0.5803783958 -0.5062613209 0.02717478762 0.4728252124 0.1 1
Intersection: 65
138 1 -0.03455212825 0.9911389438 0.1282565572 0.0293347425 0.4706652575 0.1 1
Intersection: 66
139 4 0.8880411516 0.3949904186 -0.2352987086 0.2329668615 0.2670331385 0.1 1
Intersection: 67
141 11 -0.1107080822 0.1597213398 -0.9809346635 0.248799604 0.251200396 0.1 1
Intersection: 68
144 6 0.9275326332 -0.06220231739 -0.368529627 0.07322258759 0.4267774124 0.1 1
Intersection: 69
148 6 0.9973779499 -0.07177103872 0.009281324423 0.08749140449 0.4125085955 0.1 1
Intersection: 70
148 8 0.9973779499 -0.07177103872 0.009281324423 0.09107156657 0.4089284334 0.1 1
Intersection: 71
149 6 0.09321299096 -0.01398160647 -0.9955480164 0.1450732984 0.3549267016 0.1 1
Intersection: 72
154 3 -0.7814162583 0.3826710328 -0.4929011178 0.08559244772 0.4144075523 0.1 1
Intersection: 73
154 6 -0.7814162583 0.3826710328 -0.4929011178 0.04733346723 0.4526665328 0.1 1
Intersection: 74
155 8 -0.4148227927 -0.1106644003 -0.903147519 0.2084231008 0.2915768992 0.1 1
Intersection: 75
155 11 0.03334743263 -0.09537844733 -0.9948823551 0.1771687931 0.3228312069 0.1 1
Intersection: 76
155 11 0.1059460208 0.9940125281 -0.02673077942 0.1665757215 0.3334242785 0.1 2
Intersection: 77
157 1 0.3131448175 -0.04773540307 0.9485049576 0.1848047994 0.3151952006 0.1 1
Intersection: 78
157 11 0.2682517604 -0.2275153082 0.9360970984 0.15375224 0.34624776 0.1 1
Intersection: 79
165 7 -0.5264771439 0.3172705575 0.7887719634 0.1284832025 0.3715167975 0.1 1
Intersection: 80
170 9 -0.1439130185 0.8400306986 -0.5231036882 0.08050810856 0.4194918914 0.1 1
Intersection: 81
181 12 0.07857363542 0.05687053596 -0.9952848466 0.1341553102 0.3658446898 0.1 1
Intersection: 82
185 1 -0.08257648968 0.1252113364 0.9886876375 0.1705862137 0.3294137863 0.1 1
Intersection: 83
185 2 -0.08257648968 0.1252113364 0.9886876375 0.1638813402 0.3361186598 0.1 1
Intersection: 84
185 8 -0.08257648968 0.1252113364 0.9886876375 0.03954634809 0.4604536519 0.1 1
Intersection: 85
187 5 0.8194720287 -0.2836434082 0.4980080432 0.006700521058 0.4932994789 0.1 1
Intersection: 86
194 7 -0.9978619365 -0.06167663987 -0.02162285317 0.1669247542 0.3330752458 0.1 1
Intersection: 87
195 3 -0.02545799413 0.02423691746 0.9993820402 0.1511288783 0.3488711217 0.1 1
Intersection: 88
201 2 -0.4814434646 -0.8756077707 0.03902848096 0.1734322407 0.3265677593 0.1 1
Intersection: 89
201 2 0.9433660638 -0.05539935564 -0.3270953699 0.01017236331 0.4898276367 0.1 2
Intersection: 90
211 5 0.3614971156 -0.8290044994 -0.4266982252 0.2491978259 0.2508021741 0.1 1
Intersection: 91
212 12 0.4518521733 0.7870963517 -0.419891589 0.206784246 0.293215754 0.1 1
Intersection: 92
219 11 -0.0002308970027 -0.0007813138483 -0.9999996681 0.1726518515 0.3273481485 0.1 1
Intersection: 93
230 10 -0.1335499995 -0.2294456952 -0.9641156936 0.1611385496 0.3388614504 0.1 1
Intersection: 94
231 3 -0.06302956944 -0.09744848027 0.993242703 0.08090256685 0.4190974332 0.1 1
Intersection: 95
231 4 -0.06302956944 -0.09744848027 0.993242703 0.1230905104 0.3769094896 0.1 1
Intersection: 96
231 6 -0.06302956944 -0.09744848027 0.993242703 0.07750057279 0.4224994272 0.1 1
Intersection: 97
232 1 0.6553514287 0.3664947169 -0.6604514573 0.1628949513 0.3371050487 0.1 1
Intersection: 98
233 3 -0.1616093333 0.1613254049 0.9735792403 0.05498179953 0.4450182005 0.1 1
Intersection: 99
239 4 -0.7212656517 0.08257405409 -0.6877189726 0.03287931819 0.4671206818 0.1 1
Intersection: 100
244 11 -0.419049775 -0.02808236474 0.9075288794 0.06904359691 0.4309564031 0.1 1
Intersection: 101
245 3 0.2097663243 0.4343440318 -0.8759813647 0.1235356648 0.3764643352 0.1 1
Intersection: 102
245 8 0.2097663243 0.4343440318 -0.8759813647 0.2066087394 0.2933912606 0.1 1
Intersection: 103
255 9 -0.5174840674 0.8379338025 -0.1734277444 0.1319777231 0.3680222769 0.1 1
Intersection: 104
255 10 -0.5174840674 0.8379338025 -0.1734277444 0.1009534241 0.3990465759 0.1 1
Intersection: 105
258 1 0.178352284 -0.1911490276 0.9652214834 0.02693823334 0.4730617667 0.1 1
Intersection: 106
258 2 0.6142882803 0.7803093271 0.1173339792 0.0117118708 0.4882881292 0.1 1
Intersection: 107
258 4 0.08546652354 -0.559458402 -0.8244402766 0.1563258141 0.3436741859 0.1 1
Intersection: 108
261 10 0.8194720287 -0.2836434082 0.4980080432 0.2268937915 0.2731062085 0.1 1
Intersection: 109
261 11 -0.2713818509 -0.5234420147 0.8076882742 0.2219610334 0.2780389666 0.1 1
Intersection: 110
263 2 -0.5035503731 0.1951273388 -0.8416426459 0.1390792121 0.3609207879 0.1 1
Intersection: 111
263 2 0.1910768447 0.3401293585 -0.920761456 0.230690596 0.269309404 0.1 2
Intersection: 112
272 5 0.5056470467 -0.03620002943 -0.861980639 0.2348292233 0.2651707767 0.1 1
Intersection: 113
273 7 0.1698725227 0.3321304227 0.9278107072 0.1867838821 0.3132161179 0.1 1
Intersection: 114
273 12 0.05263787006 0.6123648685 0.7888209698 0.09511919651 0.4048808035 0.1 1
Intersection: 115
274 3 0.7552519608 -0.6506822187 -0.07878531604 0.1438109852 0.3561890148 0.1 1
Intersection: 116
281 11 0.7479101299 -0.6511992333 0.1287244968 0.1089230602 0.3910769398 0.1 1
Intersection: 117
282 11 -0.8753576082 0.3361883789 0.3474570933 0.1801845392 0.3198154608 0.1 1
Intersection: 118
284 7 -0.5304777362 -0.7984251933 0.2847991962 0.05350484013 0.4464951599 0.1 1
Intersection: 119
284 10 -0.3439045581 -0.1245951147 -0.9307017311 0.1136935102 0.3863064898 0.1 1
Intersection: 120
284 10 0.2133819996 -0.6469585873 0.7320605908 0.1040287898 0.3959712102 0.1 2
Intersection: 121
287 3 0.0769939881 -0.584004621 -0.8080906684 0.05946338363 0.4405366164 0.1 1
Intersection: 122
287 4 0.0769939881 -0.584004621 -0.8080906684 0.2458017502 0.2541982498 0.1 1
Intersection: 123
287 5 0.0769939881 -0.584004621 -0.8080906684 0.02823774673 0.4717622533 0.1 1
Intersection: 124
288 5 -0.477918114 0.2902792371 -0.8290550288 0.03877509967 0.4612249003 0.1 1
Intersection: 125
288 12 -0.477918114 0.2902792371 -0.8290550288 0.1329089072 0.3670910928 0.1 1
Intersection: 126
291 10 0.5906916092 -0.6481166823 0.4806539181 0.1889101945 0.3110898055 0.1 1
Intersection: 127
293 11 -0.8155037207 -0.4881266758 0.3109437729 0.1580903055 0.3419096945 0.1 1
Intersection: 128
294 7 0.05195501783 -0.6923052157 0.7197320088 0.1575415435 0.3424584565 0.1 1
Intersection: 129
295 1 -0.2472868723 0.456244994 0.8548039004 0.2071591166 0.2928408834 0.1 1
Intersection: 130
303 7 -0.3383509838 -0.3560891627 -0.8710448439 0.1885301297 0.3114698703 0.1 1
Intersection: 131
303 10 0.8194720287 -0.2836434082 0.4980080432 0.2277183188 0.2722816812 0.1 1
Intersection: 132
305 4 -0.09690865371 0.4759920567 -0.8740939737 0.1970729736 0.3029270264 0.1 1
Intersection: 133
311 5 -0.1057504456 -0.9507812539 0.2912590781 0.04084349726 0.4591565027 0.1 1
Intersection: 134
313 4 0.5504920724 -0.834520761 -0.02309930125 0.009424774721 0.4905752253 0.1 1
Intersection: 135
313 8 0.5504920724 -0.834520761 -0.02309930125 0.02495794184 0.4750420582 0.1 1
Intersection: 136
316 8 -0.4901923679 -0.1349639625 0.8611017195 0.01860391772 0.4813960823 0.1 1
Intersection: 137
317 3 0.7731886982 -0.5325783827 -0.3442956626 0.1041170781 0.3958829219 0.1 1
Intersection: 138
320 5 0.04587086565 0.8958649267 0.4419523694 0.06774413527 0.4322558647 0.1 1
Intersection: 139
320 11 -0.5553178874 0.2164903614 -0.8029657323 0.03183878067 0.4681612193 0.1 1
Intersection: 140
323 9 -0.01702898549 -0.01569934029 0.9997317362 0.05477906137 0.4452209386 0.1 1
Intersection: 141
324 3 -0.1529140472 -0.5810261571 -0.799390955 0.2290106138 0.2709893862 0.1 1
Intersection: 142
325 9 -0.2007673022 0.919214212 -0.3387295717 0.1231427866 0.3768572134 0.1 1
Intersection: 143
325 11 -0.3540126882 -0.7070708798 0.6121485012 0.1104194888 0.3895805112 0.1 1
Intersection: 144
327 2 -0.2665245133 -0.7111161975 -0.6505985225 0.07644108019 0.4235589198 0.1 1
Intersection: 145
328 12 -0.08620481708 -0.07660690672 0.9933277965 0.2166191261 0.2833808739 0.1 1
Intersection: 146
329 3 -0.3358743576 -0.1184517328 0.9344290251 0.2040422183 0.2959577817 0.1 1
Intersection: 147
335 4 0.9292147865 0.1091423994 0.3530549777 0.2388711747 0.2611288253 0.1 1
Intersection: 148
339 4 0.2350222563 -0.8828402314 -0.406641937 0.2062647425 0.2937352575 0.1 1
Intersection: 149
341 4 0.8982352272 -0.0161360362 -0.4392187438 0.02997177931 0.4700282207 0.1 1
Intersection: 150
341 8 0.875451288 -0.3530001428 0.330115043 0.1330958635 0.3669041365 0.1 1
Intersection: 151
343 6 -0.8155037207 -0.4881266758 0.3109437729 0.1553029474 0.3446970526 0.1 1
Intersection: 152
345 4 0.03636524939 -0.8990909644 0.4362487896 0.09246387008 0.4075361299 0.1 1
Intersection: 153
347 5 0.3046394971 -0.9524465971 0.006344801109 0.0682625776 0.4317374224 0.1 1
Intersection: 154
347 6 -0.09690865371 0.4759920567 -0.8740939737 0.05805415668 0.4419458433 0.1 1
Intersection: 155
347 6 0.3046394971 -0.9524465971 0.006344801109 0.2146009782 0.2853990218 0.1 2
Intersection: 156
349 3 -0.5068471726 -0.2302576293 0.8307149739 0.1061583579 0.3938416421 0.1 1
Intersection: 157
349 9 -0.09690865371 0.4759920567 -0.8740939737 0.1936889291 0.3063110709 0.1 1
Intersection: 158
349 10 -0.09690865371 0.4759920567 -0.8740939737 0.0763517092 0.4236482908 0.1 1
Intersection: 159
349 10 0.3046394971 -0.9524465971 0.006344801109 0.2127215065 0.2872784935 0.1 2
Intersection: 160
350 5 -0.1233641271 0.7974974543 0.5905752302 0.1752962562 0.3247037438 0.1 1
Intersection: 161
351 7 -0.2093447471 0.9778079787 0.008144550066 0.1080897554 0.3919102446 0.1 1
Intersection: 162
351 8 -0.2093447471 0.9778079787 0.008144550066 0.02802644149 0.4719735585 0.1 1
Intersection: 163
351 8 -0.08993776661 -0.6527127336 -0.7522481542 0.2112704358 0.2887295642 0.1 2
Intersection: 164
351 10 -0.2093447471 0.9778079787 0.008144550066 0.2446335286 0.2553664714 0.1 1
Intersection: 165
359 2 -0.5938621088 0.1271186277 -0.7944612327 0.2370785585 0.2629214415 0.1 1
Intersection: 166
359 10 -0.5938621088 0.1271186277 -0.7944612327 0.02014222471 0.4798577753 0.1 1
Intersection: 167
362 5 -0.5174840674 0.8379338025 -0.1734277444 0.1578026459 0.3421973541 0.1 1
Intersection: 168
366 2 -0.1619622825 0.6237345119 -0.7646721374 0.2400745603 0.2599254397 0.1 1
Intersection: 169
366 8 -0.1619622825 0.6237345119 -0.7646721374 0.126198358 0.373801642 0.1 1
Intersection: 170
368 12 -0.8966883714 0.1370023665 -0.4209279227 0.09573073267 0.4042692673 0.1 1
Intersection: 171
372 9 0.8194720287 -0.2836434082 0.4980080432 0.1416431017 0.3583568983 0.1 1
Intersection: 172
372 11 -0.08813701001 0.08530126709 -0.9924492739 0.0004747621381 0.4995252379 0.1 1
Intersection: 173
373 7 0.9052770763 -0.1309956932 -0.404120704 0.212706444 0.287293556 0.1 1
Intersection: 174
375 4 0.3530466822 0.6468997886 -0.6759280315 0.06581289118 0.4341871088 0.1 1
Intersection: 175
376 6 -0.2428497412 0.9680394656 -0.06263861657 0.1779343392 0.3220656608 0.1 1
Intersection: 176
377 4 0.6952111633 0.1080838294 -0.7106330447 0.05219454699 0.447805453 0.1 1
Intersection: 177
378 8 0.7433906984 -0.6529308641 -0.1450915442 0.1429637508 0.3570362492 0.1 1
Intersection: 178
393 4 0.0808876885 -0.6229513806 0.7780673231 0.09706294067 0.4029370593 0.1 1
Intersection: 179
394 11 0.2203616855 0.5791130349 -0.7849005162 0.1790805637 0.3209194363 0.1 1
Intersection: 180
394 12 0.2203616855 0.5791130349 -0.7849005162 0.1500722753 0.3499277247 0.1 1
Intersection: 181
396 2 0.07185160515 -0.006485648273 -0.9973942466 0.02691248187 0.4730875181 0.1 1
Intersection: 182
396 8 -0.3919746333 -0.9137552493 -0.1068046411 0.08413982351 0.4158601765 0.1 1
Intersection: 183
398 7 0.9995305894 -0.006875731541 -0.02985507001 0.01720371501 0.482796285 0.1 1
Intersection: 184
398 8 -0.410481252 0.778596369 -0.4746502249 0.1056755988 0.3943244012 0.1 1
Intersection: 185
398 9 0.9995305894 -0.006875731541 -0.02985507001 0.09663231065 0.4033676893 0.1 1
Intersection: 186
398 11 0.9995305894 -0.006875731541 -0.02985507001 0.07616169011 0.4238383099 0.1 1
Intersection: 187
401 9 0.3671580231 0.7891151583 -0.4924350242 0.08799127094 0.4120087291 0.1 1
Intersection: 188
403 6 0.8261818237 -0.3679765121 0.4266343642 0.1518639681 0.3481360319 0.1 1
Intersection: 189
404 7 -0.2510258092 -0.06283060445 -0.9659391069 0.104414035 0.395585965 0.1 1
Intersection: 190
404 11 -0.2510258092 -0.06283060445 -0.9659391069 0.1230692832 0.3769307168 0.1 1
Intersection: 191
405 8 -0.1907128835 0.7419057801 0.6428097771 0.07988492675 0.4201150733 0.1 1
Intersection: 192
407 9 -0.1799452644 -0.07105773391 -0.9811067731 0.1313126026 0.3686873974 0.1 1
Intersection: 193
407 9 0.06705081474 0.9256463906 0.3724015949 0.1763007894 0.3236992106 0.1 2
Intersection: 194
418 7 0.8925098589 0.3783450524 0.2455222456 0.1947024861 0.3052975139 0.1 1
Intersection: 195
420 1 -0.5938621088 0.1271186277 -0.7944612327 0.07163317561 0.4283668244 0.1 1
Intersection: 196
422 2 0.1003106596 -0.1112344978 0.9887186951 0.08002706685 0.4199729332 0.1 1
Intersection: 197
425 4 0.4884031374 -0.7556341347 0.4364394916 0.05939910605 0.440600894 0.1 1
Intersection: 198
431 3 0.06750781862 0.3486997883 -0.9348000599 0.2348328216 0.2651671784 0.1 1
Intersection: 199
431 5 0.06750781862 0.3486997883 -0.9348000599 0.1712966024 0.3287033976 0.1 1
Intersection: 200
435 2 0.1701135578 -0.9095662152 0.3791446658 0.07928072831 0.4207192717 0.1 1
Intersection: 201
437 11 0.4009973238 -0.7567718961 0.516233904 0.227329037 0.272670963 0.1 1
Intersection: 202
439 12 0.4287165093 0.04337064147 0.9023974413 0.2206152943 0.2793847057 0.1 1
Intersection: 203
445 5 0.7249207812 0.3078643597 0.616205645 0.05388577428 0.4461142257 0.1 1
Intersection: 204
446 1 -0.5284419535 0.2051304699 0.8238146588 0.1497754746 0.3502245254 0.1 1
Intersection: 205
446 3 -0.8785156808 -0.4658525376 -0.1057904147 0.1811088173 0.3188911827 0.1 1
Intersection: 206
446 5 -0.8785156808 -0.4658525376 -0.1057904147 0.0007008181108 0.4992991819 0.1 1
Intersection: 207
446 10 0.05404462099 -0.01579570826 -0.9984135789 0.02762228186 0.4723777181 0.1 1
Intersection: 208
447 7 -0.0251316314 0.07052923124 -0.9971930749 0.2415564351 0.2584435649 0.1 1
Intersection: 209
448 1 0.01596452764 -0.02275292522 0.9996136445 0.208653894 0.291346106 0.1 1
Intersection: 210
451 2 -0.008397160851 0.01029182335 0.9999117791 0.02341694714 0.4765830529 0.1 1
Intersection: 211
457 11 -0.05245969852 -0.7801828508 -0.6233479761 0.1119368277 0.3880631723 0.1 1
Intersection: 212
457 12 -0.05245969852 -0.7801828508 -0.6233479761 0.2047104519 0.2952895481 0.1 1
Intersection: 213
460 2 0.6579184194 -0.6920963778 0.2968938484 0.1063837415 0.3936162585 0.1 1
Intersection: 214
460 7 0.2337179651 -0.9520868338 -0.1972474937 0.06241760204 0.437582398 0.1 1
Intersection: 215
462 5 -0.2705101106 0.02442283258 -0.962407297 0.1234245878 0.3765754122 0.1 1
Intersection: 216
462 6 -0.2705101106 0.02442283258 -0.962407297 0.1976801519 0.3023198481 0.1 1
Intersection: 217
462 6 -0.05245969852 -0.7801828508 -0.6233479761 0.1499780678 0.3500219322 0.1 2
Intersection: 218
462 9 -0.2705101106 0.02442283258 -0.962407297 0.1120253125 0.3879746875 0.1 1
Intersection: 219
466 3 0.6862344452 -0.7168062568 0.123576197 0.1261848603 0.3738151397 0.1 1
Intersection: 220
471 3 -0.5904101707 -0.05617433633 0.8051461198 0.1086219566 0.3913780434 0.1 1
Intersection: 221
474 3 0.2017272496 -0.2301475645 0.9520179701 0.1675870696 0.3324129304 0.1 1
Intersection: 222
474 4 0.1409941767 -0.04342873166 -0.9890574237 0.1144518047 0.3855481953 0.1 1
Intersection: 223
474 12 0.6071876679 0.2257810171 0.7618044817 0.1910015432 0.3089984568 0.1 1
Intersection: 224
475 9 0.09532501355 0.9032971282 -0.4182910948 0.08031944472 0.4196805553 0.1 1
Intersection: 225
477 3 0.9618256261 0.1906311666 -0.1963446544 0.1136633754 0.3863366246 0.1 1
Intersection: 226
477 4 0.9618256261 0.1906311666 -0.1963446544 0.0942626849 0.4057373151 0.1 1
Intersection: 227
481 1 0.4196643447 -0.5891476734 -0.6904975429 0.02500406711 0.4749959329 0.1 1
Intersection: 228
483 4 -0.2759026445 -0.06133562273 0.959226601 0.1420809389 0.3579190611 0.1 1
Intersection: 229
483 10 -0.9186510539 -0.02005505888 0.3945605604 0.07817535771 0.4218246423 0.1 1
Intersection: 230
483 12 0.0677132506 -0.8673364462 0.4930947219 0.1002619636 0.3997380364 0.1 1
Intersection: 231
486 7 0.559987124 0.2765017223 -0.7810001399 0.02628205748 0.4737179425 0.1 1
Intersection: 232
487 12 -0.09748123917 0.9948097023 0.02917300627 0.2321018467 0.2678981533 0.1 1
Intersection: 233
490 9 -0.7178457112 -0.6954422802 -0.03252029726 0.2201940448 0.2798059552 0.1 1
Intersection: 234
491 5 -0.0003465757239 -0.3629642417 0.9318030045 0.1861510142 0.3138489858 0.1 1
Intersection: 235
491 6 -0.0003465757239 -0.3629642417 0.9318030045 0.2076093394 0.2923906606 0.1 1
Intersection: 236
509 6 0.877957385 0.3684381314 0.3056863973 0.1920261815 0.3079738185 0.1 1
Intersection: 237
510 2 0.3889967415 -0.07238835688 -0.9183906908 0.2127438679 0.2872561321 0.1 1
Intersection: 238
510 5 0.3889967415 -0.07238835688 -0.9183906908 0.09963443803 0.400365562 0.1 1
Intersection: 239
510 10 0.3889967415 -0.07238835688 -0.9183906908 0.08481976097 0.415180239 0.1 1
Intersection: 240
512 6 0.9037391541 0.06094736474 0.4237227396 0.195532684 0.304467316 0.1 1
Intersection: 241
513 7 0.1003106596 -0.1112344978 0.9887186951 0.08063834182 0.4193616582 0.1 1
Intersection: 242
513 7 0.3200003987 0.1937044158 -0.9274040889 0.12334151 0.37665849 0.1 2
Intersection: 243
517 5 -0.1669513456 -0.9281779677 -0.3325851899 0.1894970753 0.3105029247 0.1 1
Intersection: 244
517 6 -0.1669513456 -0.9281779677 -0.3325851899 0.2251015819 0.2748984181 0.1 1
Intersection: 245
517 8 -0.8687982385 -0.101026324 0.4847507634 0.1475821824 0.3524178176 0.1 1
Intersection: 246
520 8 0.3680499073 -0.2361218234 -0.8993251638 0.2303402003 0.2696597997 0.1 1
Intersection: 247
524 9 -0.6890266472 0.02968022175 -0.7241280024 0.08008764817 0.4199123518 0.1 1
Intersection: 248
525 3 -0.6924414135 -0.3334119161 0.6398135533 0.05960993587 0.4403900641 0.1 1
Intersection: 249
527 8 0.8534724065 0.408131085 -0.3240584343 0.1748422249 0.3251577751 0.1 1
Intersection: 250
534 1 -0.5958702594 0.434649897 -0.6752911231 0.1647131108 0.3352868892 0.1 1
Intersection: 251
534 2 -0.5958702594 0.434649897 -0.6752911231 0.2305412406 0.2694587594 0.1 1
Intersection: 252
534 5 0.03784382561 -0.9978964267 0.05263617133 0.2453474288 0.2546525712 0.1 1
Intersection: 253
536 7 -0.4743427303 0.3470948843 0.809026647 0.1590230919 0.3409769081 0.1 1
Intersection: 254
537 3 -0.6379028141 0.6742342474 -0.3721399998 0.1506186157 0.3493813843 0.1 1
Intersection: 255
537 5 -0.09234684208 -0.06372494332 -0.9936856607 0.06739621613 0.4326037839 0.1 1
Intersection: 256
538 11 -0.1907128835 0.7419057801 0.6428097771 0.1154744848 0.3845255152 0.1 1
Intersection: 257
542 2 0.6291551879 -0.1189447765 0.768124918 0.02327848156 0.4767215184 0.1 1
Intersection: 258
545 8 0.7367630615 0.06904817639 0.6726161911 0.06251255186 0.4374874481 0.1 1
Intersection: 259
545 11 -0.9657100952 0.2460819938 -0.08275061585 0.1304536423 0.3695463577 0.1 1
Intersection: 260
547 1 0.2309977419 0.7664991982 -0.5992654024 0.1192371994 0.3807628006 0.1 1
Intersection: 261
547 2 -0.08509982903 0.4035750667 -0.9109803426 0.03051651575 0.4694834843 0.1 1
Intersection: 262
547 5 0.5390475881 -0.8217422508 -0.1848441802 0.009379238129 0.4906207619 0.1 1
Intersection: 263
547 10 0.4478233806 -0.0007079054275 0.8941217583 0.0906828017 0.4093171983 0.1 1
Intersection: 264
551 9 0.3428220471 0.03743478713 0.9386541859 0.1498134685 0.3501865315 0.1 1
Intersection: 265
553 11 -0.7074986795 -0.1307810207 -0.6945084183 0.06986581659 0.4301341834 0.1 1
Intersection: 266
554 1 0.4266826131 0.5164005007 -0.7424772526 0.008256774264 0.4917432257 0.1 1
Intersection: 267
555 2 0.3072907983 0.3989558903 -0.8639482409 0.1728846904 0.3271153096 0.1 1
Intersection: 268
557 5 -0.1508470505 0.4293635008 0.8904449178 0.06681816783 0.4331818322 0.1 1
Intersection: 269
559 9 -0.3572013075 -0.2499781885 -0.8999545162 0.1397347264 0.3602652736 0.1 1
Intersection: 270
562 2 -0.02054269988 0.09534228831 0.9952325585 0.05057583543 0.4494241646 0.1 1
Intersection: 271
562 9 0.2831156563 0.7156494137 -0.6385071979 0.04092215668 0.4590778433 0.1 1
Intersection: 272
563 2 0.4029638368 0.8027132905 -0.4396265682 0.2371946274 0.2628053726 0.1 1
Intersection: 273
563 7 0.4029638368 0.8027132905 -0.4396265682 0.1236746593 0.3763253407 0.1 1
Intersection: 274
563 8 0.4029638368 0.8027132905 -0.4396265682 0.2020394277 0.2979605723 0.1 1
Intersection: 275
564 7 -0.2274579852 0.201633132 -0.9526840741 0.004202794216 0.4957972058 0.1 1
Intersection: 276
565 6 0.9706528944 -0.01699156706 -0.2398838159 0.2133370904 0.2866629096 0.1 1
Intersection: 277
567 3 0.7761784433 -0.1527433907 -0.6117323604 0.1008860118 0.3991139882 0.1 1
Intersection: 278
567 12 0.6205836986 -0.7490805858 -0.2318494101 0.07461467795 0.4253853221 0.1 1
Intersection: 279
573 5 -0.5933431916 0.7838374529 0.1831466744 0.07286820507 0.4271317949 0.1 1
Intersection: 280
573 9 0.347529166 -0.07784316305 0.9344324057 0.2311051105 0.2688948895 0.1 1
Intersection: 281
573 12 0.347529166 -0.07784316305 0.9344324057 0.07372527336 0.4262747266 0.1 1
Intersection: 282
579 11 -0.983206815 0.1703066261 -0.06557447781 0.01147449055 0.4885255094 0.1 1
Intersection: 283
579 11 -0.6939138695 -0.702347867 0.1587167777 0.04842106717 0.4515789328 0.1 2
Intersection: 284
593 5 0.6013591753 -0.1752913116 0.7795127314 0.06308390754 0.4369160925 0.1 1
Intersection: 285
593 6 0.6013591753 -0.1752913116 0.7795127314 0.1656594735 0.3343405265 0.1 1
Intersection: 286
598 1 -0.3220811162 -0.1610420128 0.9329143716 0.03112123591 0.4688787641 0.1 1
Intersection: 287
598 4 -0.2517777159 -0.347062529 0.9034132957 0.01675653334 0.4832434667 0.1 1
Intersection: 288
598 11 -0.3220811162 -0.1610420128 0.9329143716 0.06376059749 0.4362394025 0.1 1
Intersection: 289
598 11 -0.2021301965 -0.8122757987 -0.5471301586 0.1748347399 0.3251652601 0.1 2
Intersection: 290
599 1 0.02428349621 0.9638771991 0.2652377365 0.05884965181 0.4411503482 0.1 1
Intersection: 291
603 9 -0.9419597739 0.2328470354 0.2418554166 0.1022955122 0.3977044878 0.1 1
Intersection: 292
603 12 -0.3902602703 -0.05767677086 0.9188962463 0.1818639822 0.3181360178 0.1 1
Intersection: 293
609 6 0.4478233806 -0.0007079054275 0.8941217583 0.1252506648 0.3747493352 0.1 1
Intersection: 294
616 6 -0.1635428227 0.8298066819 0.5335490753 0.02079715142 0.4792028486 0.1 1
Intersection: 295
617 2 -0.04530571094 0.772434182 0.633476777 0.07927671875 0.4207232812 0.1 1
Intersection: 296
618 8 0.1056607375 0.692022557 0.7141012458 0.0360283601 0.4639716399 0.1 1
Intersection: 297
618 11 0.1056607375 0.692022557 0.7141012458 0.07770728665 0.4222927133 0.1 1
Intersection: 298
624 5 -0.03326778589 0.9595577381 -0.2795392668 0.1352818818 0.3647181182 0.1 1
Intersection: 299
625 1 0.02689979329 -0.1259083784 0.9916771054 0.1978289938 0.3021710062 0.1 1
Intersection: 300
627 4 0.6043057518 -0.4456959391 0.6604314409 0.2188803141 0.2811196859 0.1 1
Intersection: 301
627 12 0.1782482683 -0.04690114306 -0.9828671516 0.2287250401 0.2712749599 0.1 1
Intersection: 302
630 12 -0.4665827629 0.4338266398 -0.7707755653 0.2322664675 0.2677335325 0.1 1
Intersection: 303
631 5 -0.1109896288 -0.01183324058 -0.9937511141 0.2003295309 0.2996704691 0.1 1
Intersection: 304
633 2 -0.09283975114 0.9558805871 -0.2786989125 0.1423589179 0.3576410821 0.1 1
Intersection: 305
635 5 0.05100674601 -0.2684160405 -0.9619517353 0.02545245898 0.474547541 0.1 1
Intersection: 306
635 6 0.05100674601 -0.2684160405 -0.9619517353 0.094064028 0.405935972 0.1 1
Intersection: 307
641 1 -0.1335920456 0.07000585071 -0.9885607448 0.08747697415 0.4125230258 0.1 1
Intersection: 308
641 6 -0.0720410652 0.1470668767 0.9864995787 0.1157379392 0.3842620608 0.1 1
Intersection: 309
643 12 0.7157743201 0.5163113371 0.4702017927 0.1678601053 0.3321398947 0.1 1
Intersection: 310
644 1 -0.6531615348 0.7058973361 -0.2740236492 0.09527727566 0.4047227243 0.1 1
Intersection: 311
646 1 -0.1764394166 -0.9055246167 0.3858682429 0.01821189926 0.4817881007 0.1 1
Intersection: 312
646 12 0.3816874985 -0.5113354301 -0.7699680068 0.2333282429 0.2666717571 0.1 1
Intersection: 313
652 4 -0.01561272909 -0.3630036919 0.9316568909 0.01462646662 0.4853735334 0.1 1
Intersection: 314
652 5 0.6627356793 0.291922929 -0.6896103414 0.1705036463 0.3294963537 0.1 1
Intersection: 315
654 12 0.08623061075 0.3348169303 0.9383293158 0.1972472898 0.3027527102 0.1 1
Intersection: 316
654 12 0.2661041492 -0.3559173531 0.8958300171 0.09134650849 0.4086534915 0.1 2
Intersection: 317
655 10 0.7539837831 0.5322500808 0.3849913068 0.2235107332 0.2764892668 0.1 1
Intersection: 318
664 12 -0.9796431349 0.002515505448 -0.2007311648 0.2196940376 0.2803059624 0.1 1
Intersection: 319
669 3 -0.0548911664 0.6676483549 0.7424504253 0.06138659444 0.4386134056 0.1 1
Intersection: 320
669 4 -0.0548911664 0.6676483549 0.7424504253 0.1725537705 0.3274462295 0.1 1
Intersection: 321
671 7 0.005299027453 0.04146633345 0.9991258497 0.2410917073 0.2589082927 0.1 1
Intersection: 322
672 4 0.1782482683 -0.04690114306 -0.9828671516 0.1635597485 0.3364402515 0.1 1
Intersection: 323
673 7 -0.2328159825 0.08165815553 -0.96908651 0.1777221088 0.3222778912 0.1 1
Intersection: 324
673 11 -0.2328159825 0.08165815553 -0.96908651 0.1998132804 0.3001867196 0.1 1
Intersection: 325
673 12 -0.2328159825 0.08165815553 -0.96908651 0.2130024258 0.2869975742 0.1 1
Intersection: 326
677 1 0.1338155245 -0.04392517605 -0.9900323148 0.08449269166 0.4155073083 0.1 1
Intersection: 327
683 8 -0.1194327868 -0.4290970024 -0.8953276339 0.03319418779 0.4668058122 0.1 1
Intersection: 328
684 10 -0.3942604823 -0.6195142448 -0.6787936156 0.1159331372 0.3840668628 0.1 1
Intersection: 329
689 12 -0.3229032973 -0.9442085073 0.06483637428 0.06466294631 0.4353370537 0.1 1
Intersection: 330
692 4 0.5990097962 -0.1670573055 0.7831213959 0.1236536456 0.3763463544 0.1 1
Intersection: 331
698 2 -0.316389002 -0.1837331417 0.9306664988 0.1906043435 0.3093956565 0.1 1
Intersection: 332
698 4 -0.316389002 -0.1837331417 0.9306664988 0.2178089304 0.2821910696 0.1 1
Intersection: 333
698 7 0.2011802821 -0.2670896599 0.9424381187 0.004365201306 0.4956347987 0.1 1
Intersection: 334
700 9 -0.08332720288 -0.3778400192 0.9221136032 0.1464124097 0.3535875903 0.1 1
Intersection: 335
704 8 0.01759574699 0.02631202732 0.9994989079 0.02339790539 0.4766020946 0.1 1
Intersection: 336
712 6 0.2411710861 -0.3250853022 0.9144156897 0.0892376619 0.4107623381 0.1 1
Intersection: 337
713 11 0.8082658577 -0.1345406884 0.5732408799 0.2103486933 0.2896513067 0.1 1
Intersection: 338
717 6 -0.003460498919 0.9169359448 -0.3990194207 0.191896482 0.308103518 0.1 1
Intersection: 339
720 12 -0.05562146403 -0.0195538376 -0.998260437 0.1155442065 0.3844557935 0.1 1
Intersection: 340
728 3 -0.8372662967 0.215481998 0.5025461739 0.03274094387 0.4672590561 0.1 1
Intersection: 341
729 5 0.04531324383 -0.05661015784 -0.997367535 0.187624105 0.312375895 0.1 1
Intersection: 342
729 6 0.04531324383 -0.05661015784 -0.997367535 0.2232333605 0.2767666395 0.1 1
Intersection: 343
733 9 -0.5999535253 0.7995001348 0.02924554383 0.1170373911 0.3829626089 0.1 1
Intersection: 344
733 10 -0.5999535253 0.7995001348 0.02924554383 0.232202933 0.267797067 0.1 1
Intersection: 345
735 11 0.06148970433 -0.1782457136 0.9820628706 0.08277527988 0.4172247201 0.1 1
Intersection: 346
735 12 0.06148970433 -0.1782457136 0.9820628706 0.1093368349 0.3906631651 0.1 1
Intersection: 347
736 10 -0.1147319212 0.3602411593 0.9257769134 0.2321615677 0.2678384323 0.1 1
Intersection: 348
737 5 0.6072583019 -0.3139162569 -0.7298588483 0.03831819808 0.4616818019 0.1 1
Intersection: 349
750 1 -0.05442493788 0.5477332861 -0.8348809337 0.04633434324 0.4536656568 0.1 1
Intersection: 350
750 10 -0.4723881274 0.8587066888 -0.1986763189 0.09939457314 0.4006054269 0.1 1
Intersection: 351
756 12 0.9243040827 0.3140669837 -0.2168499309 0.1202896993 0.3797103007 0.1 1
Intersection: 352
757 11 0.03247888603 0.5770266821 -0.8160792425 0.06754395393 0.4324560461 0.1 1
Intersection: 353
757 12 0.03247888603 0.5770266821 -0.8160792425 0.2409089843 0.2590910157 0.1 1
Intersection: 354
761 1 -0.8035555937 -0.565552607 -0.1856034929 0.006615495959 0.493384504 0.1 1
Intersection: 355
761 12 0.3257828096 0.9394715198 0.1061076077 0.120219932 0.379780068 0.1 1
Intersection: 356
763 5 0.8407529459 -0.2678934539 -0.4704971641 0.1015325296 0.3984674704 0.1 1
Intersection: 357
763 6 0.8407529459 -0.2678934539 -0.4704971641 0.2380483509 0.2619516491 0.1 1
Intersection: 358
775 11 0.430047902 -0.2163877706 0.8764902365 0.02659244416 0.4734075558 0.1 1
Intersection: 359
776 5 -0.4915221497 0.3532869055 0.7959863936 0.2049812834 0.2950187166 0.1 1
Intersection: 360
782 11 -0.2732660142 -0.2859180935 0.9184642232 0.2159558338 0.2840441662 0.1 1
Intersection: 361
783 2 -0.1022657192 -0.4599645493 -0.8820285347 0.07505784039 0.4249421596 0.1 1
Intersection: 362
784 2 -0.8536737755 -0.5141538439 -0.08298740832 0.04597205568 0.4540279443 0.1 1
Intersection: 363
784 11 -0.9226964917 0.2461804434 -0.2966923886 0.04368616461 0.4563138354 0.1 1
Intersection: 364
788 11 -0.5044028215 -0.0565034491 -0.8616177539 0.05668892317 0.4433110768 0.1 1
Intersection: 365
790 1 0.05634869206 -0.1611261273 -0.9853239041 0.03521589513 0.4647841049 0.1 1
Intersection: 366
790 6 -0.1552192044 0.0533551424 0.9864381518 0.1318732555 0.3681267445 0.1 1
Intersection: 367
790 9 -0.5909725206 0.383629121 0.7096338333 0.04857070522 0.4514292948 0.1 1
Intersection: 368
794 11 0.4614416763 0.8346974246 -0.3005857428 0.007651068413 0.4923489316 0.1 1
Intersection: 369
795 5 -0.3354763859 0.9416737833 -0.02657217287 0.06914572495 0.430854275 0.1 1
Intersection: 370
798 6 -0.02421689787 0.247975582 -0.9684635525 0.2372672685 0.2627327315 0.1 1
Intersection: 371
798 10 0.877957385 0.3684381314 0.3056863973 0.1948109595 0.3051890405 0.1 1
Intersection: 372
799 1 0.178352284 -0.1911490276 0.9652214834 0.07312186905 0.4268781309 0.1 1
Intersection: 373
799 2 0.178352284 -0.1911490276 0.9652214834 0.1883586693 0.3116413307 0.1 1
Intersection: 374
805 5 -0.05954382954 0.09824790626 -0.993379022 0.01308158516 0.4869184148 0.1 1
Intersection: 375
805 6 -0.2407248385 0.02892211922 -0.9701623901 0.06264926978 0.4373507302 0.1 1
Intersection: 376
805 9 0.9961298388 -0.06334964061 -0.06092755806 0.2186213625 0.2813786375 0.1 1
Intersection: 377
806 5 -0.159606628 0.08265950155 -0.9837139478 0.001377284439 0.4986227156 0.1 1
Intersection: 378
808 3 0.04516137877 -0.06582405426 -0.9968087298 0.1918667827 0.3081332173 0.1 1
Intersection: 379
808 4 0.04516137877 -0.06582405426 -0.9968087298 0.1117902999 0.3882097001 0.1 1
Intersection: 380
808 5 -0.2842562342 -0.9513557206 -0.1188304937 0.2443346944 0.2556653056 0.1 1
Intersection: 381
808 6 -0.2842562342 -0.9513557206 -0.1188304937 0.1059711161 0.3940288839 0.1 1
Intersection: 382
808 10 -0.7415077386 -0.1607647717 0.6513992338 0.1816582457 0.3183417543 0.1 1
Intersection: 383
809 7 -0.8736041987 -0.4856806934 -0.03049537773 0.06592791018 0.4340720898 0.1 1
Intersection: 384
809 8 -0.8736041987 -0.4856806934 -0.03049537773 0.1244820302 0.3755179698 0.1 1
Intersection: 385
812 1 -0.144815204 0.2545246437 0.9561619959 0.2433499308 0.2566500692 0.1 1
Intersection: 386
812 4 0.05629763003 -0.4617108953 0.8852421285 0.1759577029 0.3240422971 0.1 1
Intersection: 387
812 7 -0.7208405986 0.2093593159 -0.6607249868 0.00835101759 0.4916489824 0.1 1
Intersection: 388
816 6 0.4825100049 -0.8340861426 0.2673656708 0.1356784745 0.3643215255 0.1 1
Intersection: 389
816 11 -0.09343562222 -0.3147615775 -0.9445607095 0.2020059034 0.2979940966 0.1 1
Intersection: 390
816 12 -0.09343562222 -0.3147615775 -0.9445607095 0.1286212494 0.3713787506 0.1 1
Intersection: 391
822 3 0.2671253822 0.06249498252 0.9616331979 0.1218165953 0.3781834047 0.1 1
Intersection: 392
822 4 0.09223332712 -0.9443344533 -0.3157933719 0.01686438113 0.4831356189 0.1 1
Intersection: 393
822 7 0.09223332712 -0.9443344533 -0.3157933719 0.2391270227 0.2608729773 0.1 1
Intersection: 394
822 8 0.09223332712 -0.9443344533 -0.3157933719 0.1102500525 0.3897499475 0.1 1
Intersection: 395
823 5 -0.01296344648 0.5115101663 -0.8591794334 0.08764589366 0.4123541063 0.1 1
Intersection: 396
826 8 -0.03886406024 -0.9928344144 0.1130018163 0.04221384104 0.457786159 0.1 1
Intersection: 397
829 5 -0.9677184057 0.1570506792 -0.197119688 0.05022961477 0.4497703852 0.1 1
Intersection: 398
831 4 -0.9426965983 0.256594487 -0.213266014 0.1785232408 0.3214767592 0.1 1
Intersection: 399
833 10 0.9611399057 -0.2684076861 -0.06455536881 0.08133399065 0.4186660093 0.1 1
Intersection: 400
834 6 -0.1521651413 0.8581899173 0.4902609873 0.146812144 0.353187856 0.1 1
Intersection: 401
843 12 -0.2171712555 0.9712582552 0.09743740304 0.01912007896 0.480879921 0.1 1
Intersection: 402
845 11 0.9763026497 -0.09489791229 -0.1944929879 0.1283634978 0.3716365022 0.1 1
Intersection: 403
845 12 0.9763026497 -0.09489791229 -0.1944929879 0.09393028081 0.4060697192 0.1 1
Intersection: 404
847 1 -0.1583232619 0.7510465779 0.6409857896 0.1139134105 0.3860865895 0.1 1
Intersection: 405
849 1 -0.7265233449 0.04206695761 0.6858528999 0.1034029543 0.3965970457 0.1 1
Intersection: 406
849 9 -0.316389002 -0.1837331417 0.9306664988 0.2495012004 0.2504987996 0.1 1
Intersection: 407
857 2 -0.6633204258 0.5449686055 0.5128501065 0.06838940552 0.4316105945 0.1 1
Intersection: 408
857 3 0.6813320108 0.3261243752 0.6553087692 0.1607717005 0.3392282995 0.1 1
Intersection: 409
857 12 0.1910768447 0.3401293585 -0.920761456 0.1039135667 0.3960864333 0.1 1
Intersection: 410
865 1 0.1356381952 0.5678996836 0.811844954 0.1980989552 0.3019010448 0.1 1
Intersection: 411
865 10 0.5789442378 -0.1162074287 -0.807043619 0.09079511767 0.4092048823 0.1 1
Intersection: 412
868 3 -0.2685268546 -0.2936980771 0.9174065445 0.1935574908 0.3064425092 0.1 1
Intersection: 413
869 7 -0.9618940455 0.09866671386 -0.2549994606 0.1495703351 0.3504296649 0.1 1
Intersection: 414
871 5 0.9995305894 -0.006875731541 -0.02985507001 0.005839044509 0.4941609555 0.1 1
Intersection: 415
877 11 -0.5727171207 0.6520475863 0.4968189256 0.0418663018 0.4581336982 0.1 1
Intersection: 416
881 2 -0.09706223351 -0.03770607773 0.9945638112 0.0972136693 0.4027863307 0.1 1
Intersection: 417
881 5 -0.9746006379 -0.1785859439 -0.1351319995 0.2455242497 0.2544757503 0.1 1
Intersection: 418
884 1 0.02796410808 0.3753892477 -0.9264453148 0.2059389454 0.2940610546 0.1 1
Intersection: 419
884 5 -0.08616851657 -0.3778326738 0.9218554428 0.1682996189 0.3317003811 0.1 1
Intersection: 420
887 12 -0.2695434683 -0.1813649455 0.9457552935 0.02317355737 0.4768264426 0.1 1
Intersection: 421
897 12 0.9154441538 -0.1885554501 0.3555402138 0.1981424044 0.3018575956 0.1 1
Intersection: 422
900 1 0.2488066925 -0.3707567464 0.894781909 0.1465631418 0.3534368582 0.1 1
Intersection: 423
900 9 0.33918847 0.1939073126 -0.9205167766 0.0619568605 0.4380431395 0.1 1
Intersection: 424
904 7 -0.8785156808 -0.4658525376 -0.1057904147 0.2330791858 0.2669208142 0.1 1
Intersection: 425
906 9 -0.8495332514 0.151904116 0.5051914432 0.1927450557 0.3072549443 0.1 1
Intersection: 426
909 1 -0.7262992868 0.5971160603 0.3405022121 0.1964350773 0.3035649227 0.1 1
Intersection: 427
911 11 -0.015902282 -0.8863211762 0.4627978932 0.2239629907 0.2760370093 0.1 1
Intersection: 428
911 11 0.3257828096 0.9394715198 0.1061076077 0.2416167033 0.2583832967 0.1 2
Intersection: 429
922 6 -0.6122103299 -0.781482193 0.1203498814 0.01530131697 0.484698683 0.1 1
Intersection: 430
923 4 -0.2094572499 0.2309544155 0.9501514187 0.1156774188 0.3843225812 0.1 1
Intersection: 431
923 4 -0.0005370181546 -0.1344376067 0.9909219149 0.05476756132 0.4452324387 0.1 2
Intersection: 432
924 3 0.1346299118 -0.2160313218 0.9670601092 0.02703753404 0.472962466 0.1 1
Intersection: 433
924 5 -0.3178202288 -0.1276288593 0.9395217807 0.1149954556 0.3850045444 0.1 1
Intersection: 434
924 12 -0.3420378345 -0.2292278993 -0.911298354 0.06848381939 0.4315161806 0.1 1
Intersection: 435
925 4 -0.2090500829 0.7329181139 -0.6474018081 0.227663128 0.272336872 0.1 1
Intersection: 436
926 5 -0.3782395979 -0.8153207505 0.4383912413 0.04410572423 0.4558942758 0.1 1
Intersection: 437
934 3 0.5120112788 -0.5739885912 0.6390473751 0.02881914236 0.4711808576 0.1 1
Intersection: 438
934 11 -0.4892715746 -0.845928368 0.212175688 0.2194386101 0.2805613899 0.1 1
Intersection: 439
943 11 0.1397889051 -0.4688277919 -0.8721579923 0.0880803534 0.4119196466 0.1 1
Intersection: 440
946 11 -0.419049775 -0.02808236474 0.9075288794 0.180518484 0.319481516 0.1 1
Intersection: 441
946 12 -0.419049775 -0.02808236474 0.9075288794 0.07170748265 0.4282925173 0.1 1
Intersection: 442
947 3 -0.2325960842 0.2319597914 -0.944507129 0.1610143164 0.3389856836 0.1 1
Intersection: 443
948 7 -0.4686503249 0.3100036749 0.8272028738 0.008268871078 0.4917311289 0.1 1
Intersection: 444
948 11 -0.4686503249 0.3100036749 0.8272028738 0.2109347075 0.2890652925 0.1 1
Intersection: 445
952 9 -0.015902282 -0.8863211762 0.4627978932 0.07305889056 0.4269411094 0.1 1
Intersection: 446
952 10 0.5250084559 -0.4706974337 0.7090910006 0.1073524271 0.3926475729 0.1 1
Intersection: 447
955 2 -0.2777907384 0.5840632115 0.7626942183 0.1009300164 0.3990699836 0.1 1
Intersection: 448
957 7 0.2017272496 -0.2301475645 0.9520179701 0.2434426403 0.2565573597 0.1 1
Intersection: 449
958 1 0.8983298977 -0.1315981973 -0.4191483143 0.1583506953 0.3416493047 0.1 1
Intersection: 450
959 3 0.1446169475 -0.04985464245 0.9882309715 0.01650626395 0.4834937361 0.1 1
Intersection: 451
961 2 -0.7282234403 0.1754817823 0.6624928416 0.004488948031 0.495511052 0.1 1
Intersection: 452
961 8 -0.7282234403 0.1754817823 0.6624928416 0.243874228 0.256125772 0.1 1
Intersection: 453
962 7 -0.4079385607 0.005399679463 -0.9129934141 0.03374311172 0.4662568883 0.1 1
Intersection: 454
962 7 -0.0005370181546 -0.1344376067 0.9909219149 0.20513492 0.29486508 0.1 2
Intersection: 455
963 3 -0.9360464069 -0.3322079998 -0.1159955561 0.0467445233 0.4532554767 0.1 1
Intersection: 456
964 9 -0.9796431349 0.002515505448 -0.2007311648 0.1570816316 0.3429183684 0.1 1
Intersection: 457
964 11 -0.9796431349 0.002515505448 -0.2007311648 0.06089794238 0.4391020576 0.1 1
Intersection: 458
964 12 -0.06391022636 -0.5560179724 -0.8287095374 0.1352905786 0.3647094214 0.1 1
Intersection: 459
969 12 0.9644367523 0.01662812574 0.2637901746 0.01008714528 0.4899128547 0.1 1
Intersection: 460
974 5 -0.5049053891 -0.8631390722 0.007841565353 0.1549158685 0.3450841315 0.1 1
Intersection: 461
976 9 0.1829986624 -0.7007663697 0.6895201119 0.005546827084 0.4944531729 0.1 1
Intersection: 462
981 11 -0.8828922623 -0.4687984447 -0.02700502628 0.01407236119 0.4859276388 0.1 1
Intersection: 463
981 12 0.450777146 0.7387457323 0.5010535975 0.2492442075 0.2507557925 0.1 1
Intersection: 464
982 4 0.7901211418 -0.3799739967 0.4809660519 0.2286610532 0.2713389468 0.1 1
Intersection: 465
982 8 0.7901211418 -0.3799739967 0.4809660519 0.2251026107 0.2748973893 0.1 1
Intersection: 466
986 2 0.8295710234 0.458043781 -0.319386618 0.03863863423 0.4613613658 0.1 1
Intersection: 467
986 7 0.6972338305 0.3257473177 0.638555926 0.04682218936 0.4531778106 0.1 1
Intersection: 468
986 8 0.8295710234 0.458043781 -0.319386618 0.0807911383 0.4192088617 0.1 1
Intersection: 469
987 3 0.6570499248 0.08130742978 -0.7494494634 0.0427039525 0.4572960475 0.1 1
Intersection: 470
987 10 -0.07952623521 -0.9188668611 0.3864702698 0.0563978379 0.4436021621 0.1 1
Intersection: 471
989 12 -0.08729467999 0.0845766424 0.9925857295 0.1456016669 0.3543983331 0.1 1
Intersection: 472
996 3 0.9830395797 0.05686502729 -0.1743546773 0.2299013135 0.2700986865 0.1 1
Intersection: 473
997 3 0.1395888784 -0.04462617203 0.9892034421 0.05893901741 0.4410609826 0.1 1
Intersection: 474
999 7 -0.8699065037 -0.1711629659 -0.462564497 0.01137490585 0.4886250941 0.1 1
Intersection: 475
1004 7 -0.5826926159 -0.3456611035 -0.735518672 0.02728322872 0.4727167713 0.1 1
Intersection: 476
1005 1 -0.2014680626 -0.1529718805 -0.9674762134 0.1886999655 0.3113000345 0.1 1
Intersection: 477
1007 4 -0.4580147927 0.7634941992 0.4553010624 0.1225906796 0.3774093204 0.1 1
Intersection: 478
1007 10 0.2194993828 0.05454858089 0.9740864814 0.02649775784 0.4735022422 0.1 1
Intersection: 479
1008 11 0.07733428654 0.02862157577 0.9965943074 0.1911132798 0.3088867202 0.1 1
Intersection: 480
1008 12 -0.1512679384 0.2587907706 -0.9540153814 0.0937474001 0.4062525999 0.1 1
Intersection: 481
1008 12 0.07733428654 0.02862157577 0.9965943074 0.1612695751 0.3387304249 0.1 2
Intersection: 482
1009 2 0.1951047558 0.2847735125 -0.9385297975 0.04508243777 0.4549175622 0.1 1
Intersection: 483
1010 1 0.3848349946 -0.1402976238 0.9122601623 0.1228997062 0.3771002938 0.1 1
Intersection: 484
1010 2 0.3848349946 -0.1402976238 0.9122601623 0.2272806538 0.2727193462 0.1 1
Intersection: 485
1013 2 -0.7469473383 0.4520161331 -0.4875972614 0.1732513869 0.3267486131 0.1 1
Intersection: 486
1014 3 0.07733428654 0.02862157577 0.9965943074 0.1336969597 0.3663030403 0.1 1
Intersection: 487
1014 5 0.2729426017 -0.9533391339 -0.1290226027 0.1960255882 0.3039744118 0.1 1
Intersection: 488
1014 12 0.07733428654 0.02862157577 0.9965943074 0.1556081598 0.3443918402 0.1 1
Intersection: 489
1023 11 -0.4793999011 0.8731455229 0.08827587809 0.0810977486 0.4189022514 0.1 1
Intersection: 490
1028 9 0.005319824317 0.007984596978 0.9999539718 0.1765859314 0.3234140686 0.1 1
Intersection: 491
1030 6 -0.02613481583 0.1346389915 0.9905500055 0.09283733594 0.4071626641 0.1 1
Intersection: 492
1033 5 -0.2487714283 0.7755669338 0.5801798925 0.2456671777 0.2543328223 0.1 1
Intersection: 493
1033 6 -0.2487714283 0.7755669338 0.5801798925 0.01919663785 0.4808033622 0.1 1
Intersection: 494
1034 2 -0.2320353588 0.5993810462 -0.7660952641 0.2073926847 0.2926073153 0.1 1
Intersection: 495
1034 8 -0.2320353588 0.5993810462 -0.7660952641 0.1793458706 0.3206541294 0.1 1
Intersection: 496
1034 8 -0.07765222224 0.4340968292 -0.897513273 0.09804434747 0.4019556525 0.1 2
Intersection: 497
1035 7 -0.1055639873 -0.02647964246 -0.9940598941 0.1848362687 0.3151637313 0.1 1
Intersection: 498
1037 6 -0.7159444378 0.3055591823 -0.6277397137 0.1965478848 0.3034521152 0.1 1
Intersection: 499
1040 5 0.09083041982 -0.9136583571 0.3962047973 0.02726645012 0.4727335499 0.1 1
Intersection: 500
1041 11 0.3652824716 0.8012917233 0.4738146158 0.1394641468 0.3605358532 0.1 1
Intersection: 501
1042 7 -0.1529140472 -0.5810261571 -0.799390955 0.2103372558 0.2896627442 0.1 1
Intersection: 502
1047 1 -0.2939476724 0.9081326617 0.298143983 0.09594892368 0.4040510763 0.1 1
Intersection: 503
1047 4 -0.03886406024 -0.9928344144 0.1130018163 0.1804822348 0.3195177652 0.1 1
Intersection: 504
1048 9 0.2194993828 0.05454858089 0.9740864814 0.064765911 0.435234089 0.1 1
Intersection: 505
1067 2 0.02391798467 0.3695528968 -0.9289018175 0.2051859419 0.2948140581 0.1 1
Intersection: 506
1067 2 0.07741924665 0.5585452955 0.8258531426 0.04792690744 0.4520730926 0.1 2
Intersection: 507
1067 8 0.02391798467 0.3695528968 -0.9289018175 0.06074193682 0.4392580632 0.1 1
Intersection: 508
1071 3 -0.5594678503 0.04014591081 0.8278792366 0.008464085589 0.4915359144 0.1 1
Intersection: 509
1074 2 0.6362266155 -0.405281785 0.6564772414 0.2232363151 0.2767636849 0.1 1
Intersection: 510
1074 7 -0.5594678503 0.04014591081 0.8278792366 0.08955051328 0.4104494867 0.1 1
Intersection: 511
1074 8 -0.5594678503 0.04014591081 0.8278792366 0.2132187346 0.2867812654 0.1 1
Intersection: 512
1080 2 -0.05537170426 -0.9512476692 0.3034169509 0.08898397615 0.4110160239 0.1 1
Intersection: 513
1080 8 -0.05537170426 -0.9512476692 0.3034169509 0.2327873239 0.2672126761 0.1 1
Intersection: 514
1082 5 0.1556816075 -0.03637481568 0.9871373308 0.2322540799 0.2677459201 0.1 1
Intersection: 515
1082 5 0.7468780506 -0.5135413237 0.4224316352 0.08705024054 0.4129497595 0.1 2
Intersection: 516
1086 6 -0.1145701493 0.1124852449 0.9870262157 0.159813618 0.340186382 0.1 1
Intersection: 517
1087 3 0.07818714286 0.1363092214 0.9875761069 0.04952120818 0.4504787918 0.1 1
Intersection: 518
1087 9 -0.5674300154 0.05093968944 -0.8218444656 0.06503153387 0.4349684661 0.1 1
Intersection: 519
1088 3 0.4962951762 -0.8479372566 0.186261931 0.06589499092 0.4341050091 0.1 1
Intersection: 520
1093 1 -0.3814364268 -0.3645952635 -0.8494566182 0.05513743714 0.4448625629 0.1 1
Intersection: 521
1093 2 -0.2665245133 -0.7111161975 -0.6505985225 0.08139723445 0.4186027656 0.1 1
Intersection: 522
1103 3 0.07237020186 -0.9611737361 0.2662848155 0.155992933 0.344007067 0.1 1
Intersection: 523
1104 10 -0.2524173596 0.6222161943 -0.7410347388 0.08809574828 0.4119042517 0.1 1
Intersection: 524
1122 1 -0.3068202536 -0.56349256 -0.7670315944 0.03899403409 0.4610059659 0.1 1
Intersection: 525
1123 1 0.6726340512 -0.6148548431 -0.4117243678 0.1681275714 0.3318724286 0.1 1
Intersection: 526
1123 6 0.2208236061 0.4552449221 0.8625479673 0.1294899002 0.3705100998 0.1 1
Intersection: 527
1126 8 -0.03980340729 0.3636532394 0.9306836252 0.05276224003 0.44723776 0.1 1
Intersection: 528
1127 5 0.03126654163 0.3974548071 0.9170889159 0.1380086017 0.3619913983 0.1 1
Intersection: 529
1128 7 0.003260255084 -0.396316055 0.918108357 0.001542591347 0.4984574087 0.1 1
Intersection: 530
1128 9 0.003260255084 -0.396316055 0.918108357 0.1947904313 0.3052095687 0.1 1
Intersection: 531
1128 12 0.01787139179 -0.9784316744 0.2057961901 0.01706411675 0.4829358833 0.1 1
Intersection: 532
1129 1 -0.2535195312 0.8545645424 0.4532629372 0.09435452114 0.4056454789 0.1 1
Intersection: 533
1129 10 -0.2535195312 0.8545645424 0.4532629372 0.02807285227 0.4719271477 0.1 1
Intersection: 534
1132 7 0.741578827 0.3696032187 0.5598698992 0.01798462804 0.482015372 0.1 1
Intersection: 535
1132 11 -0.05426841495 0.9211767415 -0.3853418613 0.1000835969 0.3999164031 0.1 1
Intersection: 536
1136 6 -0.3336749352 0.7443974216 -0.5783887243 0.1580332229 0.3419667771 0.1 1
Intersection: 537
1136 6 -0.1758418049 0.7442163657 0.6443769555 0.1128382464 0.3871617536 0.1 2
Intersection: 538
1138 4 0.909262565 0.3527015144 -0.2210050445 0.09771316677 0.4022868332 0.1 1
Intersection: 539
1145 3 -0.7778028215 -0.3037288449 0.5502468171 0.2484842769 0.2515157231 0.1 1
Intersection: 540
1145 8 -0.7778028215 -0.3037288449 0.5502468171 0.1561193106 0.3438806894 0.1 1
Intersection: 541
1149 11 -0.7723151668 -0.6351910374 -0.007850418675 0.2147551249 0.2852448751 0.1 1
Intersection: 542
1149 12 -0.7723151668 -0.6351910374 -0.007850418675 0.1833176579 0.3166823421 0.1 1
Intersection: 543
1154 1 0.8169057264 0.4541418511 -0.3555562027 0.07312455214 0.4268754479 0.1 1
Intersection: 544
1154 4 0.1705127655 -0.2698113841 -0.9476957391 0.06271690107 0.4372830989 0.1 1
Intersection: 545
1156 3 0.03112235329 -0.99452735 -0.0997333911 0.1726601542 0.3273398458 0.1 1
Intersection: 546
1157 8 -0.7916544522 0.04093844769 -0.6095959906 0.1079927027 0.3920072973 0.1 1
Intersection: 547
1159 6 0.7479101299 -0.6511992333 0.1287244968 0.1206389579 0.3793610421 0.1 1
Intersection: 548
1164 5 -0.4314743255 -0.8551304072 -0.2873706546 0.1714019692 0.3285980308 0.1 1
Intersection: 549
1165 3 0.6895826814 0.6929911407 0.2103307024 0.03066102379 0.4693389762 0.1 1
Intersection: 550
1165 4 0.6895826814 0.6929911407 0.2103307024 0.1486671089 0.3513328911 0.1 1
Intersection: 551
1165 7 -0.7494885569 -0.6368370146 0.1808466749 0.1641353812 0.3358646188 0.1 1
Intersection: 552
1165 9 -0.7494885569 -0.6368370146 0.1808466749 0.2169010195 0.2830989805 0.1 1
Intersection: 553
1165 11 -0.7494885569 -0.6368370146 0.1808466749 0.233802769 0.266197231 0.1 1
Intersection: 554
1167 4 -0.461946591 0.3138984357 -0.8295017294 0.1916083117 0.3083916883 0.1 1
Intersection: 555
1167 7 0.178352284 -0.1911490276 0.9652214834 0.08116289684 0.4188371032 0.1 1
Intersection: 556
1168 12 -0.1165264077 0.5570757656 0.8222458195 0.004919276779 0.4950807232 0.1 1
Intersection: 557
1169 1 0.6648977231 0.619615067 0.4171189117 0.08677345994 0.4132265401 0.1 1
Intersection: 558
1171 1 -0.8055503966 0.1269751645 0.5787623572 0.04836216212 0.4516378379 0.1 1
Intersection: 559
1171 2 -0.764909525 -0.1916255169 0.6149740481 0.1037577291 0.3962422709 0.1 1
Intersection: 560
1171 7 -0.2777907384 0.5840632115 0.7626942183 0.1451539621 0.3548460379 0.1 1
Intersection: 561
1172 8 0.5736866814 -0.1957876742 -0.7953306094 0.06705630428 0.4329436957 0.1 1
Intersection: 562
1172 8 0.925543784 0.1522720785 -0.346672638 0.1740575569 0.3259424431 0.1 2
Intersection: 563
1174 10 0.01566056722 -0.1341176365 -0.9908416656 0.02851556332 0.4714844367 0.1 1
Intersection: 564
1182 3 0.288717799 0.8074422704 -0.5144696419 0.0418701625 0.4581298375 0.1 1
Intersection: 565
1182 11 0.288717799 0.8074422704 -0.5144696419 0.2018832539 0.2981167461 0.1 1
Intersection: 566
1182 12 -0.7837965904 -0.06484904894 -0.6176224621 0.1359086979 0.3640913021 0.1 1
Intersection: 567
1185 6 0.7431458501 -0.4944581166 -0.4508274796 0.03407181023 0.4659281898 0.1 1
Intersection: 568
1185 8 -0.246481632 0.9672285984 -0.06095607773 0.05803596624 0.4419640338 0.1 1
Intersection: 569
1192 3 -0.3839371591 -0.8615353142 -0.3321884408 0.2286891799 0.2713108201 0.1 1
Intersection: 570
1197 7 -0.4447816683 -0.3802557698 -0.8109098699 0.1385660136 0.3614339864 0.1 1
Intersection: 571
1197 8 -0.4447816683 -0.3802557698 -0.8109098699 0.03661101415 0.4633889858 0.1 1
Intersection: 572
1197 8 0.2550582697 -0.1745687079 0.9510368265 0.008662028411 0.4913379716 0.1 2
Intersection: 573
1197 11 -0.4447816683 -0.3802557698 -0.8109098699 0.1797722863 0.3202277137 0.1 1
Intersection: 574
1199 2 -0.4945779438 0.4467581347 -0.7455198364 0.1924761533 0.3075238467 0.1 1
Intersection: 575
1200 7 -0.3358743576 -0.1184517328 0.9344290251 0.07574459668 0.4242554033 0.1 1
Intersection: 576
1205 4 -0.9746006379 -0.1785859439 -0.1351319995 0.1580629903 0.3419370097 0.1 1
Intersection: 577
1207 8 0.01209375753 -0.6319282765 0.7749325096 0.1118742411 0.3881257589 0.1 1
Intersection: 578
1210 5 0.4265409909 0.09482228129 -0.8994840288 0.1541437737 0.3458562263 0.1 1
Intersection: 579
1212 6 0.3543813445 0.5241105939 0.7744171667 0.1901121574 0.3098878426 0.1 1
Intersection: 580
1212 8 -0.640251811 0.3583431015 0.6794614338 0.2329054985 0.2670945015 0.1 1
Intersection: 581
1212 9 0.01719731165 -0.5515347807 -0.8339746028 0.0005236866662 0.4994763133 0.1 1
Intersection: 582
1212 10 0.3543813445 0.5241105939 0.7744171667 0.2211054508 0.2788945492 0.1 1
Intersection: 583
1217 6 -0.671558841 -0.2870043587 -0.6831084989 0.05140337927 0.4485966207 0.1 1
Intersection: 584
1219 10 -0.4305695546 -0.2228443674 -0.8746143416 0.2069124334 0.2930875666 0.1 1
Intersection: 585
1227 8 -0.4491633863 -0.4037527236 0.7970169325 0.2230143857 0.2769856143 0.1 1
Intersection: 586
1227 10 -0.3467347436 0.7346575621 0.5831408784 0.2329810938 0.2670189062 0.1 1
Intersection: 587
1230 6 0.477184456 -0.01134466414 -0.8787299321 0.06313308342 0.4368669166 0.1 1
Intersection: 588
1233 6 0.07461708503 -0.3221451635 -0.9437450844 0.1892185331 0.3107814669 0.1 1
Intersection: 589
1234 2 0.06738109274 0.01435282223 0.9976240699 0.03184122167 0.4681587783 0.1 1
Intersection: 590
1234 8 0.06738109274 0.01435282223 0.9976240699 0.2366761893 0.2633238107 0.1 1
Intersection: 591
1238 7 0.2470748582 -0.1830401906 -0.9515515242 0.1990376029 0.3009623971 0.1 1
Intersection: 592
1238 10 0.5120112788 -0.5739885912 0.6390473751 0.01177076027 0.4882292397 0.1 1
Intersection: 593
1238 11 0.07237020186 -0.9611737361 0.2662848155 0.1786274937 0.3213725063 0.1 1
Intersection: 594
1238 11 0.2470748582 -0.1830401906 -0.9515515242 0.2000120254 0.2999879746 0.1 2
Intersection: 595
1238 12 0.2470748582 -0.1830401906 -0.9515515242 0.1626704338 0.3373295662 0.1 1
Intersection: 596
1239 1 0.7208238991 0.6922452261 0.03477719801 0.1705252516 0.3294747484 0.1 1
Intersection: 597
1239 2 0.7208238991 0.6922452261 0.03477719801 0.04013068051 0.4598693195 0.1 1
Intersection: 598
1239 11 0.359020763 0.4920440123 0.7930931734 0.09519068109 0.4048093189 0.1 1
Intersection: 599
1244 8 -0.4969121348 0.6663590291 0.5559172372 0.2170604134 0.2829395866 0.1 1
Intersection: 600
1250 1 -0.6804089978 -0.5757006082 0.4534450413 0.07453165169 0.4254683483 0.1 1
Intersection: 601
1255 8 0.6434522105 -0.76481609 -0.03202501053 0.002441331098 0.4975586689 0.1 1
Intersection: 602
1256 9 0.7249207812 0.3078643597 0.616205645 0.09354725521 0.4064527448 0.1 1
Intersection: 603
1256 10 -0.2577210464 0.8277796358 -0.4983580408 0.07089579075 0.4291042093 0.1 1
Intersection: 604
1262 5 -0.1632618787 0.3720805014 0.913729533 0.1635751183 0.3364248817 0.1 1
Intersection: 605
1264 10 -0.6861045776 -0.7185337469 0.1138848676 0.150842344 0.349157656 0.1 1
Intersection: 606
1266 5 -0.7723151668 -0.6351910374 -0.007850418675 0.1656266649 0.3343733351 0.1 1
Intersection: 607
1266 7 -0.4974766345 -0.1236150396 -0.8586246678 0.05231863104 0.447681369 0.1 1
Intersection: 608
1266 8 -0.1048579438 0.2209027476 -0.9696426082 0.006465239447 0.4935347606 0.1 1
Intersection: 609
1268 3 0.9109592948 -0.4031588144 -0.08727046217 0.05960637698 0.440393623 0.1 1
Intersection: 610
1271 9 -0.02444616569 -0.05173526561 0.9983615814 0.1640449304 0.3359550696 0.1 1
Intersection: 611
1274 11 0.7331065875 -0.5313891578 0.4244764944 0.1687090542 0.3312909458 0.1 1
Intersection: 612
1276 1 -0.07235035048 -0.02783534667 -0.9969907824 0.1834165868 0.3165834132 0.1 1
Intersection: 613
1276 9 0.007709229496 0.1036163352 0.9945874637 0.03671421428 0.4632857857 0.1 1
Intersection: 614
1276 10 0.007709229496 0.1036163352 0.9945874637 0.07630665232 0.4236933477 0.1 1
Intersection: 615
1281 12 -0.419049775 -0.02808236474 0.9075288794 0.159191934 0.340808066 0.1 1
Intersection: 616
1282 1 0.4732311282 -0.8621264546 0.1810808535 0.01604607827 0.4839539217 0.1 1
Intersection: 617
1286 9 -0.05774723613 0.09994970364 -0.9933153142 0.1717338934 0.3282661066 0.1 1
Intersection: 618
1292 3 0.2449108585 -0.171248661 0.9543021364 0.09772659878 0.4022734012 0.1 1
Intersection: 619
1292 8 -0.006022822777 -0.002877446586 0.9999777227 0.02579755571 0.4742024443 0.1 1
Intersection: 620
1296 1 -0.708917447 0.2214345589 -0.6696288446 0.1908437528 0.3091562472 0.1 1
Intersection: 621
1296 4 -0.708917447 0.2214345589 -0.6696288446 0.1704498532 0.3295501468 0.1 1
Intersection: 622
1305 2 0.1616697688 0.6454162042 0.7465258262 0.137592526 0.362407474 0.1 1
Intersection: 623
1305 8 -0.983206815 0.1703066261 -0.06557447781 0.05428735988 0.4457126401 0.1 1
Intersection: 624
1305 11 -0.1181952671 0.09817168074 -0.9881255993 0.07609123498 0.423908765 0.1 1
Intersection: 625
1305 12 -0.1181952671 0.09817168074 -0.9881255993 0.04140144857 0.4585985514 0.1 1
Intersection: 626
1319 5 -0.9772814017 0.1901855587 -0.09354418792 0.07332214058 0.4266778594 0.1 1
Intersection: 627
1320 1 0.2548358568 -0.4965953635 0.8297299145 0.0003399725849 0.4996600274 0.1 1
Intersection: 628
1320 11 0.7714838287 0.6256789442 -0.1154926869 0.1055357214 0.3944642786 0.1 1
Intersection: 629
1321 6 0.3496317303 -0.2946744308 0.8893394363 0.2090357048 0.2909642952 0.1 1
Intersection: 630
1322 9 0.7468780506 -0.5135413237 0.4224316352 0.2236778886 0.2763221114 0.1 1
Intersection: 631
1322 10 0.7468780506 -0.5135413237 0.4224316352 0.1873174833 0.3126825167 0.1 1
Intersection: 632
1326 9 -0.2264607208 -0.07523126568 -0.9711106006 0.1804378282 0.3195621718 0.1 1
Intersection: 633
1329 4 -0.1504102482 0.2179490402 -0.9643002505 0.1864461936 0.3135538064 0.1 1
Intersection: 634
1329 6 0.33918847 0.1939073126 -0.9205167766 0.1138510691 0.3861489309 0.1 1
Intersection: 635
1329 9 0.909262565 0.3527015144 -0.2210050445 0.1066654263 0.3933345737 0.1 1
