// ================================================================================
// CHRONO WORKBENCH - github.com/Concrete-Chrono-Development/chrono-preprocessor
//
// Copyright (c) 2023 
// All rights reserved. 
//
// Use of the code that generated this file is governed by a BSD-style license that
// can be found in the LICENSE file at the top level of the distribution and at
// github.com/Concrete-Chrono-Development/chrono-preprocessor/blob/main/LICENSE
//
// ================================================================================
// Tetrahedra Data File
// ================================================================================
//
// Data Structure:
// Node 1 Node 2 Node 3 Node 4
// Note: Node numbers are zero-indexed
//
// ================================================================================
274 268 57 367
293 306 290 323
54 121 25 310
226 228 225 240
31 30 29 372
174 272 203 201
274 57 88 87
268 59 367 365
264 267 309 322
191 192 186 345
148 193 159 334
308 369 333 313
377 189 339 356
39 78 344 359
283 278 355 370
60 86 87 295
97 287 27 92
367 268 350 327
86 281 295 282
59 58 367 365
19 18 365 315
237 165 363 318
218 198 378 375
159 188 187 379
137 291 303 205
271 268 367 327
161 149 182 342
266 69 309 328
86 281 88 87
301 176 177 370
319 379 324 354
99 95 128 21
306 293 141 323
8 115 53 85
369 80 343 368
22 62 248 320
36 66 45 325
349 249 317 326
101 102 204 100
0 3 5 378
186 192 153 317
129 100 111 335
272 273 285 370
112 257 338 332
176 301 177 138
51 50 241 346
225 238 296 222
17 18 286 365
371 311 359 341
343 97 353 368
299 58 60 17
233 44 316 354
287 288 289 362
247 249 326 382
182 309 342 322
253 262 90 254
30 31 328 372
181 179 144 322
15 234 233 45
262 113 114 261
244 162 134 351
300 367 365 327
96 124 24 94
185 247 140 326
9 115 8 85
298 305 240 318
362 319 324 368
261 127 120 373
164 196 237 363
149 156 157 356
152 153 146 382
365 367 350 327
291 303 205 380
213 7 9 347
82 84 83 222
70 37 259 62
331 211 314 341
340 320 349 326
291 301 139 138
301 300 327 370
19 59 76 350
189 190 157 377
268 41 76 276
86 281 87 295
50 241 346 348
377 190 313 339
186 185 317 382
208 306 143 323
15 234 45 242
289 287 362 343
188 194 208 324
292 28 50 348
277 280 156 356
136 358 330 321
299 300 367 365
111 140 171 335
205 303 206 360
116 123 122 375
308 319 324 354
61 108 338 320
319 230 361 354
276 279 266 366
298 305 225 240
344 39 359 314
319 323 324 361
264 161 263 131
175 269 327 339
28 307 26 348
129 204 100 140
311 207 321 374
149 161 277 342
292 290 307 348
46 11 266 276
2 169 198 218
263 217 131 163
320 248 349 326
146 251 382 312
34 81 42 364
287 362 343 353
90 262 91 254
264 279 277 309
230 241 49 348
243 246 234 325
247 255 172 332
367 268 365 350
252 259 249 381
229 237 231 318
316 308 334 354
191 186 204 345
273 283 285 370
379 308 324 354
198 168 117 116
155 147 145 329
193 148 342 334
289 302 343 315
232 235 379 334
262 90 89 113
215 217 220 322
311 376 340 337
89 262 113 114
224 225 296 222
176 301 139 327
309 316 342 334
275 278 274 355
188 379 324 361
239 325 351 334
61 108 64 338
149 157 342 356
136 207 358 321
128 99 104 337
59 19 58 365
247 249 349 326
115 6 9 8
212 210 218 375
0 198 116 378
258 245 243 312
381 252 372 312
139 291 205 380
367 300 355 370
309 316 333 342
288 362 323 324
166 187 143 361
300 367 327 370
104 109 332 335
258 251 245 312
83 50 51 346
316 34 309 364
58 299 367 365
249 317 326 382
293 294 363 318
74 49 26 348
12 13 48 265
236 239 325 351
252 32 381 372
299 58 17 365
193 159 308 324
221 210 211 331
270 269 280 350
194 190 205 313
69 65 35 328
271 278 272 370
161 132 277 264
7 5 9 347
212 210 330 310
80 97 92 343
55 56 209 310
274 271 367 355
307 290 319 348
306 288 362 323
254 262 257 338
80 75 97 368
361 319 318 348
211 210 209 331
41 11 46 276
233 36 43 45
267 309 322 328
286 365 315 327
192 191 336 345
330 98 375 310
295 60 367 355
67 14 325 372
14 242 325 372
288 289 362 360
202 203 285 201
18 17 19 365
152 146 251 382
304 283 355 370
176 269 174 327
294 305 240 346
311 340 317 345
176 301 327 370
279 266 366 309
308 159 379 324
300 301 297 370
165 166 143 323
59 268 41 76
340 320 326 337
271 274 278 355
284 282 304 283
214 39 40 314
297 177 201 370
359 331 314 341
319 290 318 348
272 176 327 370
207 125 358 374
362 290 319 353
96 124 94 376
230 74 43 354
289 286 315 380
9 115 85 347
139 291 137 205
299 300 365 327
212 330 375 310
280 189 156 356
95 128 21 22
19 17 58 365
304 284 283 370
362 319 323 324
230 74 319 348
350 380 327 313
139 291 380 327
369 350 333 313
292 50 346 348
163 217 322 329
207 191 101 357
281 282 283 355
278 271 355 370
299 17 286 365
315 350 380 327
87 60 295 355
168 169 170 330
221 211 352 331
235 151 158 334
189 175 280 156
160 180 151 351
2 198 4 218
134 178 180 351
344 29 314 372
281 275 88 355
46 33 366 309
275 274 88 355
187 229 379 361
179 178 322 351
270 350 339 356
39 359 314 341
311 371 374 341
253 63 90 338
163 216 154 130
98 122 375 310
369 308 343 313
59 268 19 365
213 212 219 347
308 193 377 342
278 275 273 283
166 187 229 379
343 289 315 380
277 161 264 342
190 193 157 377
156 161 132 277
302 18 93 315
209 56 23 310
66 14 45 325
289 288 303 360
284 297 285 370
302 93 343 315
108 109 112 332
271 268 274 367
323 143 324 361
350 333 313 356
186 192 336 345
39 78 29 344
284 297 202 285
232 239 235 334
273 278 283 370
149 161 156 277
292 294 318 346
269 176 174 175
1 0 116 3
235 158 379 334
313 377 339 356
176 272 201 370
139 189 175 339
88 274 87 355
241 230 361 348
272 285 201 370
190 194 193 377
33 35 34 309
301 286 380 327
19 76 369 350
231 230 229 361
42 369 333 364
253 250 338 332
269 280 350 339
297 301 177 370
362 343 353 368
150 149 148 342
295 300 304 355
282 304 283 355
165 229 323 318
182 264 309 322
305 296 240 346
190 139 313 339
125 103 106 374
77 19 369 315
238 82 83 222
276 279 366 333
46 69 266 12
235 160 133 158
108 338 320 332
268 19 365 350
369 308 364 368
243 245 246 312
72 39 314 341
32 29 38 381
239 234 325 316
66 35 325 316
178 146 312 351
228 197 237 226
194 313 360 324
228 298 240 363
160 244 134 351
239 233 234 316
235 239 236 334
301 176 139 138
291 139 137 138
202 297 177 201
272 273 203 201
215 214 13 48
273 272 285 201
297 202 285 201
285 297 201 370
203 273 285 201
124 96 371 376
309 277 342 356
277 264 309 342
248 247 349 326
157 193 148 377
380 139 327 339
161 132 263 131
35 325 316 309
325 322 312 351
180 150 151 351
214 209 72 341
176 272 174 201
280 270 350 339
279 277 309 356
188 187 379 361
198 1 0 116
276 76 350 333
131 263 163 130
183 221 352 321
87 274 367 355
255 199 200 172
217 216 163 130
160 134 180 351
146 153 145 312
179 150 180 351
305 294 296 346
83 52 50 346
190 194 377 313
236 239 351 334
255 247 250 332
350 270 333 356
342 150 351 334
257 250 253 332
140 247 173 335
308 362 324 368
132 263 131 130
287 302 92 343
136 170 183 330
184 352 336 331
239 233 316 334
271 272 327 370
264 182 309 342
184 136 183 321
34 35 316 309
119 109 110 171
250 253 338 320
41 33 42 366
188 208 143 324
329 155 352 336
270 276 268 350
369 19 350 315
162 245 312 351
198 0 4 218
57 268 59 367
281 295 282 355
157 189 377 356
237 228 240 363
217 131 163 322
266 46 366 309
6 3 126 5
350 369 315 313
311 331 359 341
270 279 333 356
93 369 343 315
51 238 83 346
57 58 87 367
177 176 201 370
161 132 264 263
166 158 187 379
30 48 314 328
269 268 271 327
35 36 34 316
325 316 309 351
221 154 183 352
270 277 279 356
4 5 219 378
169 218 210 330
109 119 112 332
220 211 214 314
29 30 39 314
280 277 270 356
169 168 198 218
19 365 350 315
175 280 269 339
286 289 291 380
209 210 321 331
231 238 241 346
220 215 322 328
209 56 40 72
176 175 327 339
263 217 163 130
207 125 374 357
183 170 210 321
262 113 261 257
198 116 378 375
35 65 325 328
159 188 379 324
273 272 278 370
117 168 123 116
292 293 290 318
158 159 379 334
128 108 20 320
158 159 187 379
247 172 173 332
44 75 81 364
287 97 27 353
153 192 336 317
182 161 264 131
244 236 245 351
81 34 44 364
162 178 134 351
168 105 123 330
322 329 314 312
29 30 314 372
125 106 358 374
76 369 350 333
30 214 40 314
289 303 313 360
28 292 307 348
272 176 174 327
251 249 382 312
358 330 321 374
279 309 333 356
290 292 318 348
231 361 318 348
43 233 230 354
135 162 245 251
234 45 325 316
113 127 261 257
83 238 222 346
90 64 113 338
44 43 74 354
119 109 171 332
322 144 329 312
328 314 372 312
122 123 98 375
96 371 359 341
163 216 147 154
79 71 78 359
216 217 163 329
1 2 198 0
378 219 375 347
165 196 164 363
340 311 337 345
105 136 358 330
119 199 260 373
262 90 113 338
220 322 329 314
262 113 257 338
1 198 117 116
73 79 78 359
123 98 330 374
209 321 310 341
98 103 371 374
305 298 294 318
146 144 178 312
94 79 96 376
58 299 60 367
214 72 314 341
69 35 309 328
214 30 48 314
199 119 171 332
298 196 167 363
168 218 330 375
126 6 5 115
221 154 170 183
238 51 241 346
199 119 332 373
109 129 111 335
291 301 380 327
304 300 297 370
104 129 326 337
115 126 122 347
64 90 61 338
38 71 70 349
255 199 332 373
129 109 104 335
207 191 311 336
122 121 347 310
23 209 310 341
117 168 105 123
6 5 115 9
104 109 320 332
253 90 91 254
122 378 375 347
2 198 0 4
344 340 349 317
259 70 62 349
189 280 339 356
267 217 215 322
214 13 48 40
12 11 13 265
318 292 346 348
247 140 326 335
168 123 116 375
39 72 73 341
344 311 331 359
75 74 319 354
344 311 336 331
336 311 321 331
344 38 381 349
369 308 333 364
231 318 346 348
31 65 68 328
253 262 254 338
89 90 64 113
54 213 85 347
299 286 300 327
98 123 330 375
303 205 380 313
12 266 265 328
170 221 183 210
102 125 101 357
153 192 145 336
184 155 192 336
104 332 326 335
253 250 248 320
205 194 313 360
277 149 342 356
317 340 326 345
73 72 23 341
62 248 259 349
71 22 70 349
329 344 331 314
96 79 359 376
209 212 213 310
4 5 7 219
79 95 71 340
192 155 145 336
247 185 173 382
257 127 112 338
293 292 294 318
178 144 322 312
12 68 69 328
173 172 171 332
178 179 180 351
290 307 319 353
296 292 52 346
62 61 248 320
129 326 337 345
73 78 39 359
54 213 347 310
28 26 50 348
282 295 304 355
64 108 113 338
120 119 260 373
48 215 314 328
371 23 310 341
102 103 311 337
9 7 85 10
213 54 85 55
128 21 22 20
311 321 331 341
210 212 330 375
261 256 257 373
152 251 247 382
123 168 330 375
102 101 204 357
333 308 377 356
26 49 50 348
75 44 354 368
173 185 152 382
219 218 378 375
65 67 325 328
32 29 381 372
213 85 10 55
240 231 237 318
215 267 322 328
7 213 9 85
236 246 245 351
255 250 257 332
69 266 12 328
146 162 312 351
32 37 252 381
121 115 54 53
183 136 330 321
343 289 380 313
245 162 244 351
218 210 330 375
4 219 218 378
359 311 376 340
215 220 314 328
108 61 20 320
124 103 99 376
319 290 323 318
303 288 206 360
116 122 378 375
190 189 139 339
249 258 381 312
108 61 64 20
67 325 328 372
267 266 309 328
39 73 359 341
284 304 297 370
8 9 85 10
7 213 85 10
99 95 21 376
340 349 317 326
18 302 286 315
326 340 337 345
13 215 48 265
115 54 53 85
35 325 309 328
220 322 314 328
213 9 85 347
214 215 220 314
61 63 253 338
56 209 23 72
321 209 331 341
21 95 94 376
147 181 144 329
126 5 378 347
30 214 48 40
375 122 347 310
239 234 236 325
37 70 259 381
115 54 85 347
109 111 110 171
257 253 338 332
54 121 53 25
371 98 374 310
233 232 316 334
18 302 93 92
23 25 371 310
41 76 276 366
326 129 335 345
316 309 351 334
366 279 309 333
255 199 256 200
46 11 12 265
124 24 98 371
317 185 326 382
289 303 380 313
34 42 33 366
165 164 237 363
209 211 331 341
90 63 61 338
145 153 317 312
44 75 364 368
321 311 374 341
249 317 382 312
209 214 211 341
232 229 230 361
266 267 215 328
332 247 326 335
47 252 243 372
193 308 377 324
59 268 76 350
42 76 366 333
315 343 380 313
39 30 40 314
340 128 320 337
287 27 307 353
240 237 363 318
26 75 319 353
74 230 49 348
287 290 362 353
11 46 266 265
266 46 12 265
68 65 69 328
25 121 98 310
3 126 5 378
79 71 359 340
317 153 382 312
235 158 229 379
213 54 55 310
250 247 248 332
281 87 295 355
147 155 154 352
136 184 207 321
46 69 33 309
330 321 374 310
333 309 342 356
320 104 332 326
210 209 321 310
95 79 376 340
219 212 375 347
190 139 205 313
371 96 359 376
47 32 252 372
198 0 218 378
5 126 115 347
269 350 327 339
156 149 277 356
298 293 294 363
321 374 310 341
211 329 331 314
103 124 311 376
293 298 167 363
47 243 242 372
249 381 317 312
150 309 342 351
264 182 131 322
311 207 336 321
238 231 240 346
192 186 336 317
99 103 311 376
14 47 242 372
286 302 289 315
344 311 340 317
15 233 43 45
103 99 311 337
22 128 20 320
262 253 90 338
214 209 40 72
39 214 40 72
12 48 68 328
381 344 349 317
256 261 260 373
374 371 310 341
0 4 218 378
101 191 204 357
166 229 158 379
257 256 255 373
153 186 317 382
106 123 330 374
344 311 359 340
76 268 276 350
5 219 378 347
34 36 44 316
316 308 342 334
24 23 25 371
102 129 204 100
298 228 196 363
239 232 233 334
99 95 376 340
215 265 266 328
249 259 248 349
127 114 261 120
350 313 339 356
226 225 223 240
162 135 244 134
144 181 322 329
90 262 89 91
173 247 332 335
115 122 121 347
128 22 340 320
245 246 312 351
186 336 317 345
185 186 153 382
114 113 127 261
235 160 151 334
191 204 357 345
108 128 104 320
109 108 104 320
79 94 95 376
29 344 381 372
39 214 72 314
309 342 351 334
125 207 101 357
81 77 369 368
47 16 14 242
191 207 311 357
16 47 243 242
172 255 171 332
83 296 52 346
234 45 242 325
135 152 162 251
270 276 350 333
242 243 325 372
311 102 337 357
337 311 357 345
231 241 361 348
199 255 256 373
31 65 328 372
63 253 90 91
267 264 217 322
216 147 154 352
146 162 251 312
220 216 211 329
308 362 313 324
96 73 371 341
215 214 48 314
217 263 131 322
14 66 67 325
47 67 32 372
37 16 47 252
45 14 242 325
182 179 181 322
77 80 369 368
185 186 317 345
32 31 29 372
32 37 47 252
283 284 285 370
139 176 327 339
42 76 41 366
248 320 332 326
5 115 9 347
168 198 218 375
66 36 35 316
209 23 72 341
27 28 307 26
275 281 283 355
301 291 139 327
255 199 171 332
344 329 317 312
16 47 252 243
36 233 44 316
291 289 303 380
311 371 359 376
322 178 312 351
308 333 377 313
186 185 140 345
217 216 220 322
144 179 178 322
51 238 82 83
159 193 308 334
55 209 213 310
266 264 267 309
294 240 318 346
261 120 260 373
65 67 328 372
155 147 329 352
212 209 210 310
155 184 183 352
32 67 31 372
131 181 163 322
331 344 359 314
253 61 338 320
207 184 191 336
249 248 247 349
129 104 326 335
182 181 131 322
216 154 221 352
252 249 258 381
76 276 366 333
325 316 351 334
150 151 351 334
70 37 38 381
140 185 326 345
121 122 98 310
208 194 360 324
336 311 317 345
211 220 329 314
210 170 330 321
100 129 140 335
248 22 320 349
105 106 123 330
128 104 320 337
70 22 62 248
62 70 248 349
210 170 169 330
61 63 62 248
63 61 253 248
221 211 216 352
279 264 266 309
254 261 256 257
252 243 372 312
257 255 332 373
20 61 22 320
152 247 173 382
254 262 261 257
311 336 357 345
127 257 112 373
129 104 102 337
112 257 332 373
314 30 328 372
184 183 352 321
200 256 260 373
120 119 118 260
210 221 321 331
121 54 347 310
300 295 367 355
127 261 257 373
196 228 237 363
311 124 371 376
71 38 344 349
109 111 171 335
115 121 54 347
171 173 332 335
78 344 359 340
234 242 243 325
216 211 329 352
311 344 336 317
107 125 207 101
281 88 87 355
255 199 172 171
125 103 311 357
327 350 313 339
119 127 112 373
314 344 372 312
145 147 144 329
258 252 381 312
70 22 248 349
61 62 22 320
199 119 118 110
24 25 98 371
70 259 381 349
22 340 320 349
99 103 102 337
259 249 381 349
22 71 340 349
100 140 111 335
217 216 322 329
103 102 311 357
123 106 98 374
125 311 374 357
235 229 232 379
38 29 78 344
199 256 200 373
278 275 283 355
113 127 257 338
181 147 322 329
4 0 5 378
207 358 321 374
145 155 329 336
97 287 92 343
103 125 311 374
211 214 314 341
71 78 359 340
155 184 352 336
122 126 378 347
308 193 342 334
60 87 367 355
288 208 360 324
376 99 340 337
152 185 153 382
145 153 336 317
336 344 331 317
199 200 118 260
119 199 118 260
44 74 75 354
247 185 140 173
182 149 150 342
329 336 331 317
249 381 349 317
379 319 324 361
127 119 120 373
199 119 110 171
119 112 332 373
344 329 331 317
199 200 260 373
381 344 317 312
146 145 329 312
104 99 102 337
329 145 336 317
319 362 353 368
306 288 290 362
136 107 105 358
34 42 366 364
204 102 357 345
344 381 372 312
204 186 140 345
148 151 342 334
212 375 347 310
247 251 249 382
105 107 106 358
79 359 376 340
46 33 41 366
241 231 346 348
46 41 276 366
329 344 314 312
77 93 19 315
152 146 162 251
3 116 126 378
193 148 377 342
367 271 327 370
147 163 322 329
338 250 320 332
207 184 336 321
196 228 195 197
148 157 377 342
288 287 290 362
42 81 369 364
139 380 313 339
109 171 332 335
211 329 352 331
234 233 45 316
233 36 45 316
45 36 325 316
302 93 92 343
159 193 188 324
238 225 223 222
162 135 245 244
232 379 361 354
162 245 251 312
187 166 229 361
107 125 106 358
213 219 7 347
309 325 322 328
269 176 175 327
215 48 265 328
166 143 323 361
286 315 380 327
36 66 325 316
269 270 268 350
150 148 151 342
77 76 42 369
60 87 58 367
93 77 369 315
106 105 358 330
216 163 147 329
336 191 357 345
294 292 296 346
263 264 131 322
0 116 3 378
108 112 338 332
270 279 276 333
280 270 339 356
362 288 360 324
290 362 319 323
97 287 343 353
232 230 233 354
296 84 83 52
333 377 313 356
77 80 93 369
14 67 47 372
107 136 207 358
323 229 361 318
73 96 359 341
149 157 148 342
159 308 379 334
174 269 272 327
99 128 340 337
151 160 351 334
142 288 306 208
228 298 196 195
34 366 309 364
298 240 363 318
305 294 240 318
153 146 382 312
294 298 363 318
306 142 208 143
80 81 75 368
97 75 353 368
96 73 23 371
286 299 365 327
161 182 264 342
330 210 321 310
113 108 112 338
316 308 333 342
358 106 330 374
244 160 134 133
135 244 134 133
236 160 244 133
102 129 337 345
236 235 160 133
26 75 74 319
288 306 208 324
124 103 311 371
69 46 266 309
140 326 335 345
75 81 364 368
160 235 151 158
288 142 206 208
102 337 357 345
37 32 38 381
250 248 320 332
316 308 354 364
257 253 254 338
144 146 329 312
298 196 195 167
74 230 319 354
196 228 197 237
306 142 143 141
303 137 205 206
194 205 206 360
235 236 160 334
306 288 323 324
166 165 229 323
225 238 223 240
352 184 321 331
124 96 24 371
308 319 354 368
160 236 351 334
307 26 319 353
191 184 192 336
319 75 354 368
151 159 158 334
80 93 369 343
233 43 44 354
293 165 167 141
308 369 343 368
208 306 323 324
228 298 195 227
298 305 227 225
258 243 252 312
309 150 342 322
164 196 197 237
148 159 151 334
308 379 334 354
238 223 82 222
76 42 369 333
238 225 296 240
303 205 313 360
246 325 312 351
81 369 364 368
194 206 208 360
229 232 379 361
229 231 361 318
293 165 141 323
103 125 102 357
290 306 362 323
231 241 230 361
154 155 183 352
305 227 225 224
30 31 68 328
166 165 164 229
193 194 188 324
230 232 361 354
96 79 73 359
228 298 227 225
164 165 237 229
322 314 328 312
185 247 326 382
129 140 335 345
23 56 54 310
196 165 167 363
362 308 343 368
169 168 218 330
366 42 333 364
237 228 226 240
225 305 224 296
176 139 175 339
38 29 344 381
129 102 204 345
329 145 317 312
343 289 313 360
163 181 147 322
33 69 35 309
33 34 366 309
246 236 325 351
129 204 140 345
325 309 322 351
205 139 380 313
232 316 334 354
301 286 291 380
308 362 343 313
28 292 50 52
228 298 225 240
126 116 122 378
272 269 271 327
225 305 296 240
229 166 323 361
143 188 324 361
26 97 75 353
143 306 141 323
308 316 333 364
380 327 313 339
71 344 340 349
168 136 105 330
189 190 377 339
165 237 229 318
194 377 313 324
325 328 372 312
71 95 22 340
179 182 150 322
109 108 320 332
94 99 21 376
184 336 321 331
84 224 296 222
243 325 372 312
38 70 381 349
266 46 276 366
292 50 52 346
36 233 43 44
263 217 264 322
95 128 22 340
80 97 343 368
48 12 265 328
25 23 54 310
54 56 55 310
151 150 342 334
198 168 116 375
362 343 313 360
271 367 355 370
295 299 300 367
379 232 334 354
296 83 222 346
240 231 318 346
308 333 342 356
247 248 332 326
19 76 77 369
293 165 323 318
362 289 343 360
75 319 353 368
290 293 323 318
350 315 380 313
319 308 324 368
230 319 361 348
258 249 251 312
252 37 259 381
319 323 361 318
44 34 316 364
81 80 77 368
146 145 144 329
274 57 87 367
213 212 347 310
369 343 315 313
352 329 336 331
300 304 355 370
365 350 315 327
268 59 19 350
150 179 322 351
308 354 364 368
302 287 289 343
143 208 323 324
307 27 26 353
377 308 313 324
232 233 316 354
165 143 141 323
60 299 295 367
65 66 35 325
170 183 330 321
160 236 244 351
26 307 319 348
377 308 342 356
165 293 167 363
81 77 42 369
175 189 280 339
18 286 365 315
74 26 319 348
26 27 97 353
68 48 30 328
19 93 18 315
162 146 178 351
78 71 344 340
300 286 301 327
165 293 363 318
311 99 376 337
156 189 157 356
25 98 371 310
106 103 98 374
16 15 14 242
61 253 248 320
325 239 316 334
124 99 94 376
246 236 234 325
216 220 322 329
187 188 143 361
74 230 43 49
65 31 67 372
206 288 208 360
96 23 24 371
311 207 374 357
296 238 240 346
157 377 342 356
238 296 222 346
191 311 336 357
125 107 207 358
379 319 361 354
325 322 328 312
51 50 49 241
309 366 333 364
84 296 83 222
150 182 342 322
65 67 66 325
98 330 374 310
93 80 92 343
73 23 371 341
14 15 45 242
221 352 321 331
5 7 219 347
354 44 364 368
103 124 98 371
185 317 326 345
194 193 377 324
313 362 360 324
309 150 322 351
147 216 329 352
221 183 210 321
103 311 371 374
95 99 128 340
38 78 71 344
59 58 57 367
29 39 344 314
136 168 170 330
50 49 241 348
218 219 212 375
127 113 112 338
316 309 333 364
44 316 354 364
268 269 350 327
290 287 307 353
320 104 326 337
140 173 171 335
243 246 325 312
